/*********************************************
 * OPL 12.10.0.0 Data
 * Author: Kinast
 * Creation date: Aug 17, 2021 at 11:48:56 AM
 *********************************************/

 nOrders = 100;
 nTasks = 1200;

 nWorkgroups = 10;
 nWorkstations = 30;

 nCobots = 0;
 cobotTimeFactor = 0.7;

 workstations = {
 	< 0, "Workstation 0", 0, 0.86, 1.06, 1, 1 >,
 	< 1, "Workstation 1", 1, 0.92, 1.11, 1, 1 >,
 	< 2, "Workstation 2", 0, 1.02, 0.75, 1, 1 >,
 	< 3, "Workstation 3", 2, 0.93, 0.87, 1, 1 >,
 	< 4, "Workstation 4", 3, 1.14, 1.03, 1, 1 >,
 	< 5, "Workstation 5", 4, 1.11, 1.11, 1, 3 >,
 	< 6, "Workstation 6", 4, 0.97, 0.82, 1, 3 >,
 	< 7, "Workstation 7", 4, 1.08, 0.96, 1, 1 >,
 	< 8, "Workstation 8", 5, 0.99, 0.93, 1, 3 >,
 	< 9, "Workstation 9", 6, 0.76, 0.77, 1, 1 >,
 	< 10, "Workstation 10", 5, 0.75, 1.17, 1, 4 >,
 	< 11, "Workstation 11", 7, 1.23, 1.04, 1, 4 >,
 	< 12, "Workstation 12", 2, 1.04, 1.17, 1, 1 >,
 	< 13, "Workstation 13", 8, 0.83, 0.85, 1, 1 >,
 	< 14, "Workstation 14", 9, 0.9, 0.91, 1, 5 >,
 	< 15, "Workstation 15", 3, 0.82, 1.04, 1, 2 >,
 	< 16, "Workstation 16", 8, 0.77, 0.84, 1, 1 >,
 	< 17, "Workstation 17", 9, 1.21, 1.12, 1, 2 >,
 	< 18, "Workstation 18", 7, 0.84, 1.21, 1, 2 >,
 	< 19, "Workstation 19", 6, 1.24, 1.15, 1, 1 >,
 	< 20, "Workstation 20", 2, 0.84, 1.1, 1, 4 >,
 	< 21, "Workstation 21", 6, 1.25, 1.08, 1, 1 >,
 	< 22, "Workstation 22", 1, 1.12, 1.18, 1, 1 >,
 	< 23, "Workstation 23", 3, 1.19, 1, 1, 1 >,
 	< 24, "Workstation 24", 9, 0.95, 0.85, 1, 2 >,
 	< 25, "Workstation 25", 5, 0.97, 0.97, 1, 1 >,
 	< 26, "Workstation 26", 8, 1.23, 1.08, 1, 1 >,
 	< 27, "Workstation 27", 7, 0.77, 1.16, 1, 3 >,
 	< 28, "Workstation 28", 1, 0.87, 1.09, 1, 5 >,
 	< 29, "Workstation 29", 0, 1.16, 1.11, 1, 3 >
 };

 tasks = {
 	// order 0
 	< 0, 0, 4, 0, 0, 175, 3, -1 >,
 	< 1, 0, 3, 78, 0, 151, 9, 0 >,
 	< 2, 0, 4, 0, 0, 167, 6, 1 >,
 	< 3, 0, 6, 98, 41, 191, 8, 2 >,
 	< 4, 0, 2, 0, 100, 103, 1, 3 >,
 	< 5, 0, 6, 0, 30, 155, 2, 4 >,
 	< 6, 0, 4, 60, 0, 180, 0, 5 >,
 	< 7, 0, 1, 0, 73, 135, 5, 6 >,
 	< 8, 0, 3, 100, 0, 106, 4, 7 >,
 	< 9, 0, 4, 93, 0, 180, 7, 8 >,
 	< 10, 0, 4, 34, 31, 141, 3, 9 >,
 	< 11, 0, 5, 0, 0, 118, 9, 10 >,
 	// order 1
 	< 12, 1, 1, 78, 44, 138, 6, -1 >,
 	< 13, 1, 9, 0, 65, 149, 8, 12 >,
 	< 14, 1, 3, 0, 75, 134, 1, 13 >,
 	< 15, 1, 1, 96, 75, 131, 2, 14 >,
 	< 16, 1, 7, 0, 0, 138, 0, 15 >,
 	< 17, 1, 9, 38, 0, 158, 5, 16 >,
 	< 18, 1, 3, 60, 0, 151, 4, 17 >,
 	< 19, 1, 2, 0, 0, 168, 7, 18 >,
 	< 20, 1, 5, 32, 51, 108, 3, 19 >,
 	< 21, 1, 9, 0, 77, 132, 9, 20 >,
 	< 22, 1, 10, 0, 0, 155, 6, 21 >,
 	< 23, 1, 8, 0, 0, 141, 8, 22 >,
 	// order 2
 	< 24, 2, 9, 37, 0, 147, 1, -1 >,
 	< 25, 2, 10, 0, 75, 150, 2, 24 >,
 	< 26, 2, 2, 0, 51, 125, 0, 25 >,
 	< 27, 2, 3, 49, 93, 111, 5, 26 >,
 	< 28, 2, 6, 86, 0, 106, 4, 27 >,
 	< 29, 2, 7, 0, 0, 188, 7, 28 >,
 	< 30, 2, 6, 0, 98, 139, 3, 29 >,
 	< 31, 2, 2, 0, 69, 181, 9, 30 >,
 	< 32, 2, 1, 0, 0, 177, 6, 31 >,
 	< 33, 2, 9, 0, 75, 196, 8, 32 >,
 	< 34, 2, 3, 62, 0, 157, 1, 33 >,
 	< 35, 2, 3, 0, 51, 165, 2, 34 >,
 	// order 3
 	< 36, 3, 5, 0, 0, 156, 0, -1 >,
 	< 37, 3, 8, 82, 82, 191, 5, 36 >,
 	< 38, 3, 2, 51, 37, 181, 4, 37 >,
 	< 39, 3, 8, 0, 96, 198, 7, 38 >,
 	< 40, 3, 5, 0, 0, 190, 3, 39 >,
 	< 41, 3, 3, 0, 0, 110, 9, 40 >,
 	< 42, 3, 7, 0, 0, 106, 6, 41 >,
 	< 43, 3, 10, 0, 96, 183, 8, 42 >,
 	< 44, 3, 5, 39, 92, 173, 1, 43 >,
 	< 45, 3, 9, 0, 0, 175, 2, 44 >,
 	< 46, 3, 1, 70, 38, 136, 0, 45 >,
 	< 47, 3, 7, 48, 0, 166, 5, 46 >,
 	// order 4
 	< 48, 4, 6, 69, 0, 105, 4, -1 >,
 	< 49, 4, 9, 85, 0, 156, 7, 48 >,
 	< 50, 4, 6, 94, 100, 182, 3, 49 >,
 	< 51, 4, 1, 50, 0, 151, 9, 50 >,
 	< 52, 4, 10, 0, 0, 134, 6, 51 >,
 	< 53, 4, 2, 0, 0, 170, 8, 52 >,
 	< 54, 4, 4, 0, 0, 189, 1, 53 >,
 	< 55, 4, 2, 100, 67, 183, 2, 54 >,
 	< 56, 4, 10, 72, 0, 119, 0, 55 >,
 	< 57, 4, 6, 77, 0, 113, 5, 56 >,
 	< 58, 4, 6, 57, 86, 115, 4, 57 >,
 	< 59, 4, 6, 0, 0, 107, 7, 58 >,
 	// order 5
 	< 60, 5, 10, 88, 0, 101, 3, -1 >,
 	< 61, 5, 4, 0, 82, 196, 9, 60 >,
 	< 62, 5, 1, 0, 0, 174, 6, 61 >,
 	< 63, 5, 4, 0, 94, 115, 8, 62 >,
 	< 64, 5, 6, 0, 0, 100, 1, 63 >,
 	< 65, 5, 10, 0, 87, 128, 2, 64 >,
 	< 66, 5, 1, 0, 0, 149, 0, 65 >,
 	< 67, 5, 2, 0, 45, 112, 5, 66 >,
 	< 68, 5, 6, 89, 0, 191, 4, 67 >,
 	< 69, 5, 10, 0, 0, 131, 7, 68 >,
 	< 70, 5, 2, 73, 0, 125, 3, 69 >,
 	< 71, 5, 7, 0, 73, 150, 9, 70 >,
 	// order 6
 	< 72, 6, 8, 96, 0, 155, 6, -1 >,
 	< 73, 6, 1, 81, 66, 112, 8, 72 >,
 	< 74, 6, 1, 41, 0, 139, 1, 73 >,
 	< 75, 6, 10, 0, 0, 155, 2, 74 >,
 	< 76, 6, 6, 88, 65, 115, 0, 75 >,
 	< 77, 6, 7, 84, 41, 122, 5, 76 >,
 	< 78, 6, 9, 0, 48, 157, 4, 77 >,
 	< 79, 6, 7, 0, 0, 200, 7, 78 >,
 	< 80, 6, 3, 73, 0, 112, 3, 79 >,
 	< 81, 6, 8, 0, 0, 186, 9, 80 >,
 	< 82, 6, 8, 0, 34, 198, 6, 81 >,
 	< 83, 6, 9, 0, 0, 186, 8, 82 >,
 	// order 7
 	< 84, 7, 5, 0, 0, 197, 1, -1 >,
 	< 85, 7, 10, 0, 43, 147, 2, 84 >,
 	< 86, 7, 7, 88, 0, 104, 0, 85 >,
 	< 87, 7, 2, 52, 0, 122, 5, 86 >,
 	< 88, 7, 7, 0, 0, 123, 4, 87 >,
 	< 89, 7, 3, 91, 0, 170, 7, 88 >,
 	< 90, 7, 8, 0, 45, 146, 3, 89 >,
 	< 91, 7, 8, 88, 47, 153, 9, 90 >,
 	< 92, 7, 3, 0, 52, 181, 6, 91 >,
 	< 93, 7, 4, 0, 0, 198, 8, 92 >,
 	< 94, 7, 4, 76, 88, 147, 1, 93 >,
 	< 95, 7, 5, 0, 0, 101, 2, 94 >,
 	// order 8
 	< 96, 8, 1, 0, 0, 119, 0, -1 >,
 	< 97, 8, 5, 0, 80, 136, 5, 96 >,
 	< 98, 8, 6, 0, 0, 187, 4, 97 >,
 	< 99, 8, 1, 98, 0, 143, 7, 98 >,
 	< 100, 8, 1, 0, 92, 138, 3, 99 >,
 	< 101, 8, 2, 0, 0, 175, 9, 100 >,
 	< 102, 8, 2, 0, 50, 184, 6, 101 >,
 	< 103, 8, 8, 43, 0, 102, 8, 102 >,
 	< 104, 8, 2, 47, 77, 168, 1, 103 >,
 	< 105, 8, 10, 97, 71, 175, 2, 104 >,
 	< 106, 8, 9, 0, 0, 100, 0, 105 >,
 	< 107, 8, 7, 0, 0, 175, 5, 106 >,
 	// order 9
 	< 108, 9, 1, 38, 0, 188, 4, -1 >,
 	< 109, 9, 4, 0, 0, 132, 7, 108 >,
 	< 110, 9, 7, 0, 57, 195, 3, 109 >,
 	< 111, 9, 3, 85, 47, 120, 9, 110 >,
 	< 112, 9, 5, 0, 0, 164, 6, 111 >,
 	< 113, 9, 2, 0, 91, 123, 8, 112 >,
 	< 114, 9, 9, 0, 31, 165, 1, 113 >,
 	< 115, 9, 10, 0, 0, 193, 2, 114 >,
 	< 116, 9, 10, 0, 0, 176, 0, 115 >,
 	< 117, 9, 5, 0, 0, 171, 5, 116 >,
 	< 118, 9, 4, 93, 0, 121, 4, 117 >,
 	< 119, 9, 1, 98, 0, 173, 7, 118 >,
 	// order 10
 	< 120, 10, 4, 0, 0, 151, 3, -1 >,
 	< 121, 10, 8, 0, 65, 167, 9, 120 >,
 	< 122, 10, 7, 82, 97, 148, 6, 121 >,
 	< 123, 10, 9, 93, 76, 185, 8, 122 >,
 	< 124, 10, 2, 0, 0, 101, 1, 123 >,
 	< 125, 10, 7, 35, 94, 171, 2, 124 >,
 	< 126, 10, 1, 0, 0, 189, 0, 125 >,
 	< 127, 10, 10, 60, 87, 177, 5, 126 >,
 	< 128, 10, 10, 88, 73, 193, 4, 127 >,
 	< 129, 10, 10, 55, 0, 197, 7, 128 >,
 	< 130, 10, 1, 92, 0, 129, 3, 129 >,
 	< 131, 10, 8, 0, 0, 153, 9, 130 >,
 	// order 11
 	< 132, 11, 10, 83, 87, 143, 6, -1 >,
 	< 133, 11, 8, 0, 37, 123, 8, 132 >,
 	< 134, 11, 4, 0, 90, 154, 1, 133 >,
 	< 135, 11, 4, 58, 32, 140, 2, 134 >,
 	< 136, 11, 3, 0, 98, 162, 0, 135 >,
 	< 137, 11, 4, 75, 0, 195, 5, 136 >,
 	< 138, 11, 5, 0, 37, 185, 4, 137 >,
 	< 139, 11, 10, 0, 0, 117, 7, 138 >,
 	< 140, 11, 9, 0, 0, 118, 3, 139 >,
 	< 141, 11, 7, 0, 32, 172, 9, 140 >,
 	< 142, 11, 10, 0, 0, 141, 6, 141 >,
 	< 143, 11, 5, 74, 0, 118, 8, 142 >,
 	// order 12
 	< 144, 12, 9, 58, 0, 190, 1, -1 >,
 	< 145, 12, 1, 0, 85, 102, 2, 144 >,
 	< 146, 12, 8, 63, 46, 155, 0, 145 >,
 	< 147, 12, 2, 0, 0, 131, 5, 146 >,
 	< 148, 12, 1, 87, 0, 193, 4, 147 >,
 	< 149, 12, 8, 91, 0, 180, 7, 148 >,
 	< 150, 12, 4, 0, 81, 118, 3, 149 >,
 	< 151, 12, 4, 62, 0, 118, 9, 150 >,
 	< 152, 12, 9, 45, 50, 103, 6, 151 >,
 	< 153, 12, 5, 90, 54, 123, 8, 152 >,
 	< 154, 12, 7, 35, 30, 107, 1, 153 >,
 	< 155, 12, 6, 0, 0, 143, 2, 154 >,
 	// order 13
 	< 156, 13, 9, 77, 0, 109, 0, -1 >,
 	< 157, 13, 8, 0, 84, 170, 5, 156 >,
 	< 158, 13, 1, 59, 0, 175, 4, 157 >,
 	< 159, 13, 1, 0, 49, 136, 7, 158 >,
 	< 160, 13, 1, 0, 0, 111, 3, 159 >,
 	< 161, 13, 9, 75, 0, 136, 9, 160 >,
 	< 162, 13, 7, 34, 0, 146, 6, 161 >,
 	< 163, 13, 10, 0, 0, 103, 8, 162 >,
 	< 164, 13, 10, 41, 36, 165, 1, 163 >,
 	< 165, 13, 2, 68, 39, 198, 2, 164 >,
 	< 166, 13, 1, 93, 59, 168, 0, 165 >,
 	< 167, 13, 6, 57, 0, 109, 5, 166 >,
 	// order 14
 	< 168, 14, 1, 35, 99, 181, 4, -1 >,
 	< 169, 14, 10, 0, 94, 199, 7, 168 >,
 	< 170, 14, 10, 43, 0, 107, 3, 169 >,
 	< 171, 14, 8, 35, 0, 190, 9, 170 >,
 	< 172, 14, 2, 0, 54, 116, 6, 171 >,
 	< 173, 14, 3, 0, 0, 167, 8, 172 >,
 	< 174, 14, 6, 62, 36, 148, 1, 173 >,
 	< 175, 14, 1, 45, 71, 133, 2, 174 >,
 	< 176, 14, 6, 0, 0, 166, 0, 175 >,
 	< 177, 14, 4, 58, 83, 164, 5, 176 >,
 	< 178, 14, 4, 0, 0, 190, 4, 177 >,
 	< 179, 14, 2, 0, 0, 182, 7, 178 >,
 	// order 15
 	< 180, 15, 6, 41, 55, 134, 3, -1 >,
 	< 181, 15, 5, 37, 33, 189, 9, 180 >,
 	< 182, 15, 7, 0, 69, 159, 6, 181 >,
 	< 183, 15, 4, 78, 74, 165, 8, 182 >,
 	< 184, 15, 7, 94, 0, 108, 1, 183 >,
 	< 185, 15, 5, 0, 0, 161, 2, 184 >,
 	< 186, 15, 6, 0, 0, 167, 0, 185 >,
 	< 187, 15, 2, 80, 41, 139, 5, 186 >,
 	< 188, 15, 5, 69, 96, 124, 4, 187 >,
 	< 189, 15, 9, 52, 89, 172, 7, 188 >,
 	< 190, 15, 10, 48, 97, 145, 3, 189 >,
 	< 191, 15, 1, 0, 94, 119, 9, 190 >,
 	// order 16
 	< 192, 16, 5, 0, 0, 166, 6, -1 >,
 	< 193, 16, 9, 0, 73, 187, 8, 192 >,
 	< 194, 16, 6, 0, 0, 180, 1, 193 >,
 	< 195, 16, 1, 0, 36, 122, 2, 194 >,
 	< 196, 16, 8, 68, 85, 142, 0, 195 >,
 	< 197, 16, 5, 0, 85, 126, 5, 196 >,
 	< 198, 16, 8, 91, 76, 111, 4, 197 >,
 	< 199, 16, 5, 70, 0, 124, 7, 198 >,
 	< 200, 16, 5, 0, 44, 155, 3, 199 >,
 	< 201, 16, 9, 0, 0, 191, 9, 200 >,
 	< 202, 16, 5, 42, 32, 166, 6, 201 >,
 	< 203, 16, 7, 91, 0, 143, 8, 202 >,
 	// order 17
 	< 204, 17, 8, 0, 0, 114, 1, -1 >,
 	< 205, 17, 8, 69, 0, 199, 2, 204 >,
 	< 206, 17, 6, 0, 43, 153, 0, 205 >,
 	< 207, 17, 5, 0, 70, 188, 5, 206 >,
 	< 208, 17, 7, 46, 85, 182, 4, 207 >,
 	< 209, 17, 6, 0, 100, 144, 7, 208 >,
 	< 210, 17, 9, 57, 66, 137, 3, 209 >,
 	< 211, 17, 9, 61, 47, 132, 9, 210 >,
 	< 212, 17, 5, 0, 0, 139, 6, 211 >,
 	< 213, 17, 10, 0, 53, 187, 8, 212 >,
 	< 214, 17, 1, 66, 0, 150, 1, 213 >,
 	< 215, 17, 3, 53, 0, 146, 2, 214 >,
 	// order 18
 	< 216, 18, 1, 0, 79, 154, 0, -1 >,
 	< 217, 18, 2, 31, 0, 147, 5, 216 >,
 	< 218, 18, 10, 0, 60, 163, 4, 217 >,
 	< 219, 18, 8, 75, 0, 159, 7, 218 >,
 	< 220, 18, 9, 76, 90, 179, 3, 219 >,
 	< 221, 18, 9, 0, 0, 116, 9, 220 >,
 	< 222, 18, 4, 0, 0, 152, 6, 221 >,
 	< 223, 18, 3, 0, 75, 161, 8, 222 >,
 	< 224, 18, 3, 0, 0, 156, 1, 223 >,
 	< 225, 18, 9, 93, 0, 107, 2, 224 >,
 	< 226, 18, 9, 77, 94, 159, 0, 225 >,
 	< 227, 18, 6, 0, 0, 198, 5, 226 >,
 	// order 19
 	< 228, 19, 9, 47, 0, 100, 4, -1 >,
 	< 229, 19, 9, 0, 0, 186, 7, 228 >,
 	< 230, 19, 4, 0, 0, 190, 3, 229 >,
 	< 231, 19, 10, 0, 0, 119, 9, 230 >,
 	< 232, 19, 7, 0, 78, 196, 6, 231 >,
 	< 233, 19, 7, 48, 0, 149, 8, 232 >,
 	< 234, 19, 4, 78, 42, 167, 1, 233 >,
 	< 235, 19, 10, 91, 0, 193, 2, 234 >,
 	< 236, 19, 2, 79, 0, 103, 0, 235 >,
 	< 237, 19, 8, 58, 84, 190, 5, 236 >,
 	< 238, 19, 8, 0, 78, 170, 4, 237 >,
 	< 239, 19, 3, 34, 0, 122, 7, 238 >,
 	// order 20
 	< 240, 20, 8, 0, 93, 117, 3, -1 >,
 	< 241, 20, 5, 0, 98, 111, 9, 240 >,
 	< 242, 20, 2, 0, 0, 150, 6, 241 >,
 	< 243, 20, 8, 0, 0, 192, 8, 242 >,
 	< 244, 20, 10, 91, 0, 173, 1, 243 >,
 	< 245, 20, 5, 50, 0, 150, 2, 244 >,
 	< 246, 20, 10, 94, 71, 170, 0, 245 >,
 	< 247, 20, 5, 0, 66, 186, 5, 246 >,
 	< 248, 20, 3, 72, 76, 174, 4, 247 >,
 	< 249, 20, 7, 0, 0, 196, 7, 248 >,
 	< 250, 20, 6, 0, 36, 151, 3, 249 >,
 	< 251, 20, 4, 0, 51, 105, 9, 250 >,
 	// order 21
 	< 252, 21, 9, 0, 88, 133, 6, -1 >,
 	< 253, 21, 3, 0, 70, 101, 8, 252 >,
 	< 254, 21, 5, 0, 34, 169, 1, 253 >,
 	< 255, 21, 1, 0, 35, 175, 2, 254 >,
 	< 256, 21, 3, 0, 68, 138, 0, 255 >,
 	< 257, 21, 7, 80, 0, 134, 5, 256 >,
 	< 258, 21, 3, 73, 0, 198, 4, 257 >,
 	< 259, 21, 10, 0, 66, 145, 7, 258 >,
 	< 260, 21, 4, 0, 54, 150, 3, 259 >,
 	< 261, 21, 4, 0, 57, 147, 9, 260 >,
 	< 262, 21, 1, 72, 87, 172, 6, 261 >,
 	< 263, 21, 7, 61, 49, 165, 8, 262 >,
 	// order 22
 	< 264, 22, 5, 0, 91, 157, 1, -1 >,
 	< 265, 22, 4, 0, 78, 150, 2, 264 >,
 	< 266, 22, 2, 56, 0, 162, 0, 265 >,
 	< 267, 22, 4, 0, 54, 101, 5, 266 >,
 	< 268, 22, 4, 47, 100, 106, 4, 267 >,
 	< 269, 22, 7, 0, 0, 138, 7, 268 >,
 	< 270, 22, 4, 42, 70, 132, 3, 269 >,
 	< 271, 22, 6, 88, 88, 164, 9, 270 >,
 	< 272, 22, 8, 62, 42, 162, 6, 271 >,
 	< 273, 22, 2, 0, 62, 137, 8, 272 >,
 	< 274, 22, 3, 0, 100, 107, 1, 273 >,
 	< 275, 22, 9, 76, 63, 130, 2, 274 >,
 	// order 23
 	< 276, 23, 2, 0, 0, 165, 0, -1 >,
 	< 277, 23, 7, 0, 58, 116, 5, 276 >,
 	< 278, 23, 4, 0, 87, 165, 4, 277 >,
 	< 279, 23, 3, 0, 32, 114, 7, 278 >,
 	< 280, 23, 10, 0, 60, 192, 3, 279 >,
 	< 281, 23, 4, 53, 85, 132, 9, 280 >,
 	< 282, 23, 4, 42, 0, 143, 6, 281 >,
 	< 283, 23, 2, 67, 87, 153, 8, 282 >,
 	< 284, 23, 6, 0, 35, 165, 1, 283 >,
 	< 285, 23, 1, 0, 89, 162, 2, 284 >,
 	< 286, 23, 7, 63, 51, 191, 0, 285 >,
 	< 287, 23, 6, 0, 98, 123, 5, 286 >,
 	// order 24
 	< 288, 24, 7, 35, 0, 151, 4, -1 >,
 	< 289, 24, 4, 0, 0, 150, 7, 288 >,
 	< 290, 24, 4, 0, 0, 147, 3, 289 >,
 	< 291, 24, 10, 60, 82, 163, 9, 290 >,
 	< 292, 24, 10, 96, 77, 130, 6, 291 >,
 	< 293, 24, 8, 38, 0, 199, 8, 292 >,
 	< 294, 24, 3, 0, 51, 192, 1, 293 >,
 	< 295, 24, 5, 92, 0, 174, 2, 294 >,
 	< 296, 24, 2, 53, 0, 159, 0, 295 >,
 	< 297, 24, 4, 96, 63, 170, 5, 296 >,
 	< 298, 24, 6, 0, 68, 169, 4, 297 >,
 	< 299, 24, 2, 0, 87, 169, 7, 298 >,
 	// order 25
 	< 300, 25, 1, 66, 0, 200, 3, -1 >,
 	< 301, 25, 5, 0, 0, 110, 9, 300 >,
 	< 302, 25, 6, 72, 90, 195, 6, 301 >,
 	< 303, 25, 7, 0, 0, 193, 8, 302 >,
 	< 304, 25, 8, 57, 50, 174, 1, 303 >,
 	< 305, 25, 8, 83, 0, 131, 2, 304 >,
 	< 306, 25, 5, 53, 0, 104, 0, 305 >,
 	< 307, 25, 9, 41, 93, 184, 5, 306 >,
 	< 308, 25, 10, 96, 95, 142, 4, 307 >,
 	< 309, 25, 2, 35, 53, 197, 7, 308 >,
 	< 310, 25, 2, 79, 0, 122, 3, 309 >,
 	< 311, 25, 4, 0, 59, 177, 9, 310 >,
 	// order 26
 	< 312, 26, 8, 0, 48, 184, 6, -1 >,
 	< 313, 26, 9, 0, 49, 150, 8, 312 >,
 	< 314, 26, 1, 83, 88, 155, 1, 313 >,
 	< 315, 26, 9, 0, 41, 115, 2, 314 >,
 	< 316, 26, 6, 0, 0, 123, 0, 315 >,
 	< 317, 26, 1, 0, 73, 180, 5, 316 >,
 	< 318, 26, 4, 0, 0, 116, 4, 317 >,
 	< 319, 26, 9, 85, 71, 130, 7, 318 >,
 	< 320, 26, 6, 0, 0, 183, 3, 319 >,
 	< 321, 26, 10, 0, 0, 195, 9, 320 >,
 	< 322, 26, 4, 69, 89, 125, 6, 321 >,
 	< 323, 26, 7, 0, 95, 102, 8, 322 >,
 	// order 27
 	< 324, 27, 8, 0, 0, 117, 1, -1 >,
 	< 325, 27, 5, 0, 62, 159, 2, 324 >,
 	< 326, 27, 10, 84, 0, 175, 0, 325 >,
 	< 327, 27, 5, 90, 0, 134, 5, 326 >,
 	< 328, 27, 2, 0, 58, 142, 4, 327 >,
 	< 329, 27, 10, 0, 0, 147, 7, 328 >,
 	< 330, 27, 2, 74, 0, 186, 3, 329 >,
 	< 331, 27, 7, 88, 0, 112, 9, 330 >,
 	< 332, 27, 10, 43, 74, 101, 6, 331 >,
 	< 333, 27, 4, 59, 0, 137, 8, 332 >,
 	< 334, 27, 7, 33, 88, 102, 1, 333 >,
 	< 335, 27, 10, 0, 46, 123, 2, 334 >,
 	// order 28
 	< 336, 28, 8, 0, 0, 104, 0, -1 >,
 	< 337, 28, 3, 94, 96, 164, 5, 336 >,
 	< 338, 28, 6, 43, 94, 123, 4, 337 >,
 	< 339, 28, 3, 0, 0, 102, 7, 338 >,
 	< 340, 28, 9, 0, 0, 156, 3, 339 >,
 	< 341, 28, 8, 64, 0, 161, 9, 340 >,
 	< 342, 28, 9, 44, 82, 192, 6, 341 >,
 	< 343, 28, 10, 0, 81, 147, 8, 342 >,
 	< 344, 28, 1, 47, 36, 105, 1, 343 >,
 	< 345, 28, 9, 94, 81, 171, 2, 344 >,
 	< 346, 28, 9, 0, 0, 155, 0, 345 >,
 	< 347, 28, 2, 49, 60, 188, 5, 346 >,
 	// order 29
 	< 348, 29, 9, 0, 51, 184, 4, -1 >,
 	< 349, 29, 5, 100, 74, 165, 7, 348 >,
 	< 350, 29, 6, 0, 97, 137, 3, 349 >,
 	< 351, 29, 5, 81, 38, 182, 9, 350 >,
 	< 352, 29, 2, 0, 0, 168, 6, 351 >,
 	< 353, 29, 4, 0, 83, 130, 8, 352 >,
 	< 354, 29, 1, 0, 0, 101, 1, 353 >,
 	< 355, 29, 2, 85, 0, 140, 2, 354 >,
 	< 356, 29, 2, 33, 0, 105, 0, 355 >,
 	< 357, 29, 4, 0, 72, 180, 5, 356 >,
 	< 358, 29, 3, 98, 83, 107, 4, 357 >,
 	< 359, 29, 10, 100, 0, 113, 7, 358 >,
 	// order 30
 	< 360, 30, 4, 0, 52, 162, 3, -1 >,
 	< 361, 30, 6, 93, 69, 169, 9, 360 >,
 	< 362, 30, 6, 0, 0, 120, 6, 361 >,
 	< 363, 30, 8, 0, 100, 150, 8, 362 >,
 	< 364, 30, 9, 97, 0, 175, 1, 363 >,
 	< 365, 30, 1, 0, 0, 195, 2, 364 >,
 	< 366, 30, 3, 86, 0, 127, 0, 365 >,
 	< 367, 30, 8, 33, 60, 179, 5, 366 >,
 	< 368, 30, 3, 87, 0, 157, 4, 367 >,
 	< 369, 30, 1, 53, 51, 192, 7, 368 >,
 	< 370, 30, 9, 76, 0, 163, 3, 369 >,
 	< 371, 30, 4, 0, 70, 131, 9, 370 >,
 	// order 31
 	< 372, 31, 6, 68, 93, 143, 6, -1 >,
 	< 373, 31, 1, 68, 46, 155, 8, 372 >,
 	< 374, 31, 3, 0, 0, 196, 1, 373 >,
 	< 375, 31, 8, 79, 0, 190, 2, 374 >,
 	< 376, 31, 9, 53, 0, 180, 0, 375 >,
 	< 377, 31, 5, 36, 0, 156, 5, 376 >,
 	< 378, 31, 3, 63, 77, 128, 4, 377 >,
 	< 379, 31, 7, 74, 69, 101, 7, 378 >,
 	< 380, 31, 6, 53, 61, 111, 3, 379 >,
 	< 381, 31, 7, 70, 40, 141, 9, 380 >,
 	< 382, 31, 8, 0, 0, 150, 6, 381 >,
 	< 383, 31, 1, 0, 0, 168, 8, 382 >,
 	// order 32
 	< 384, 32, 2, 0, 0, 168, 1, -1 >,
 	< 385, 32, 8, 0, 77, 104, 2, 384 >,
 	< 386, 32, 3, 0, 54, 180, 0, 385 >,
 	< 387, 32, 1, 83, 0, 198, 5, 386 >,
 	< 388, 32, 9, 0, 99, 135, 4, 387 >,
 	< 389, 32, 8, 0, 0, 137, 7, 388 >,
 	< 390, 32, 1, 0, 72, 149, 3, 389 >,
 	< 391, 32, 9, 60, 76, 103, 9, 390 >,
 	< 392, 32, 10, 30, 53, 181, 6, 391 >,
 	< 393, 32, 4, 0, 47, 157, 8, 392 >,
 	< 394, 32, 8, 0, 0, 126, 1, 393 >,
 	< 395, 32, 3, 0, 0, 165, 2, 394 >,
 	// order 33
 	< 396, 33, 10, 57, 0, 160, 0, -1 >,
 	< 397, 33, 9, 63, 0, 147, 5, 396 >,
 	< 398, 33, 10, 97, 0, 199, 4, 397 >,
 	< 399, 33, 10, 0, 0, 119, 7, 398 >,
 	< 400, 33, 7, 57, 0, 114, 3, 399 >,
 	< 401, 33, 2, 59, 69, 123, 9, 400 >,
 	< 402, 33, 7, 0, 0, 103, 6, 401 >,
 	< 403, 33, 7, 0, 60, 140, 8, 402 >,
 	< 404, 33, 7, 54, 0, 159, 1, 403 >,
 	< 405, 33, 10, 73, 36, 107, 2, 404 >,
 	< 406, 33, 1, 46, 37, 157, 0, 405 >,
 	< 407, 33, 7, 0, 0, 109, 5, 406 >,
 	// order 34
 	< 408, 34, 5, 0, 37, 186, 4, -1 >,
 	< 409, 34, 6, 0, 58, 162, 7, 408 >,
 	< 410, 34, 4, 31, 99, 119, 3, 409 >,
 	< 411, 34, 4, 0, 0, 152, 9, 410 >,
 	< 412, 34, 9, 59, 0, 122, 6, 411 >,
 	< 413, 34, 8, 0, 95, 113, 8, 412 >,
 	< 414, 34, 7, 0, 0, 130, 1, 413 >,
 	< 415, 34, 3, 60, 82, 140, 2, 414 >,
 	< 416, 34, 3, 47, 0, 172, 0, 415 >,
 	< 417, 34, 2, 81, 95, 117, 5, 416 >,
 	< 418, 34, 3, 0, 45, 171, 4, 417 >,
 	< 419, 34, 8, 0, 34, 138, 7, 418 >,
 	// order 35
 	< 420, 35, 7, 49, 100, 141, 3, -1 >,
 	< 421, 35, 8, 0, 0, 177, 9, 420 >,
 	< 422, 35, 5, 86, 0, 118, 6, 421 >,
 	< 423, 35, 6, 83, 0, 198, 8, 422 >,
 	< 424, 35, 5, 0, 0, 196, 1, 423 >,
 	< 425, 35, 5, 0, 36, 149, 2, 424 >,
 	< 426, 35, 8, 31, 31, 160, 0, 425 >,
 	< 427, 35, 8, 69, 85, 110, 5, 426 >,
 	< 428, 35, 5, 0, 0, 169, 4, 427 >,
 	< 429, 35, 6, 0, 0, 103, 7, 428 >,
 	< 430, 35, 2, 78, 36, 193, 3, 429 >,
 	< 431, 35, 5, 52, 0, 168, 9, 430 >,
 	// order 36
 	< 432, 36, 6, 88, 84, 146, 6, -1 >,
 	< 433, 36, 1, 78, 0, 155, 8, 432 >,
 	< 434, 36, 4, 0, 0, 187, 1, 433 >,
 	< 435, 36, 1, 0, 48, 191, 2, 434 >,
 	< 436, 36, 1, 34, 0, 195, 0, 435 >,
 	< 437, 36, 4, 0, 37, 117, 5, 436 >,
 	< 438, 36, 8, 36, 0, 126, 4, 437 >,
 	< 439, 36, 5, 55, 0, 123, 7, 438 >,
 	< 440, 36, 6, 0, 68, 164, 3, 439 >,
 	< 441, 36, 5, 72, 0, 188, 9, 440 >,
 	< 442, 36, 3, 0, 0, 156, 6, 441 >,
 	< 443, 36, 7, 69, 83, 146, 8, 442 >,
 	// order 37
 	< 444, 37, 3, 0, 66, 177, 1, -1 >,
 	< 445, 37, 9, 0, 100, 138, 2, 444 >,
 	< 446, 37, 5, 63, 0, 138, 0, 445 >,
 	< 447, 37, 6, 0, 77, 151, 5, 446 >,
 	< 448, 37, 7, 55, 0, 188, 4, 447 >,
 	< 449, 37, 6, 67, 0, 144, 7, 448 >,
 	< 450, 37, 10, 0, 94, 194, 3, 449 >,
 	< 451, 37, 1, 31, 83, 114, 9, 450 >,
 	< 452, 37, 7, 89, 0, 152, 6, 451 >,
 	< 453, 37, 7, 0, 0, 102, 8, 452 >,
 	< 454, 37, 7, 0, 47, 180, 1, 453 >,
 	< 455, 37, 8, 0, 0, 164, 2, 454 >,
 	// order 38
 	< 456, 38, 2, 0, 69, 155, 0, -1 >,
 	< 457, 38, 5, 0, 0, 156, 5, 456 >,
 	< 458, 38, 1, 0, 39, 174, 4, 457 >,
 	< 459, 38, 10, 0, 0, 197, 7, 458 >,
 	< 460, 38, 6, 54, 70, 135, 3, 459 >,
 	< 461, 38, 5, 93, 0, 135, 9, 460 >,
 	< 462, 38, 2, 0, 0, 135, 6, 461 >,
 	< 463, 38, 4, 62, 0, 109, 8, 462 >,
 	< 464, 38, 1, 0, 0, 135, 1, 463 >,
 	< 465, 38, 1, 93, 0, 154, 2, 464 >,
 	< 466, 38, 4, 91, 83, 156, 0, 465 >,
 	< 467, 38, 7, 0, 0, 171, 5, 466 >,
 	// order 39
 	< 468, 39, 5, 0, 69, 114, 4, -1 >,
 	< 469, 39, 9, 0, 49, 143, 7, 468 >,
 	< 470, 39, 8, 0, 0, 200, 3, 469 >,
 	< 471, 39, 10, 38, 30, 183, 9, 470 >,
 	< 472, 39, 7, 0, 0, 123, 6, 471 >,
 	< 473, 39, 6, 0, 0, 133, 8, 472 >,
 	< 474, 39, 5, 0, 36, 132, 1, 473 >,
 	< 475, 39, 8, 96, 0, 183, 2, 474 >,
 	< 476, 39, 10, 76, 0, 162, 0, 475 >,
 	< 477, 39, 9, 41, 0, 188, 5, 476 >,
 	< 478, 39, 9, 61, 50, 145, 4, 477 >,
 	< 479, 39, 1, 100, 99, 184, 7, 478 >,
 	// order 40
 	< 480, 40, 4, 0, 0, 183, 3, -1 >,
 	< 481, 40, 8, 88, 32, 198, 9, 480 >,
 	< 482, 40, 7, 0, 63, 117, 6, 481 >,
 	< 483, 40, 6, 54, 0, 141, 8, 482 >,
 	< 484, 40, 9, 62, 30, 184, 1, 483 >,
 	< 485, 40, 8, 78, 0, 194, 2, 484 >,
 	< 486, 40, 8, 34, 0, 153, 0, 485 >,
 	< 487, 40, 7, 36, 0, 134, 5, 486 >,
 	< 488, 40, 8, 93, 0, 114, 4, 487 >,
 	< 489, 40, 1, 49, 0, 109, 7, 488 >,
 	< 490, 40, 7, 0, 100, 174, 3, 489 >,
 	< 491, 40, 7, 87, 91, 196, 9, 490 >,
 	// order 41
 	< 492, 41, 1, 0, 0, 190, 6, -1 >,
 	< 493, 41, 5, 50, 95, 105, 8, 492 >,
 	< 494, 41, 3, 0, 0, 107, 1, 493 >,
 	< 495, 41, 8, 56, 88, 198, 2, 494 >,
 	< 496, 41, 7, 0, 50, 162, 0, 495 >,
 	< 497, 41, 3, 0, 0, 189, 5, 496 >,
 	< 498, 41, 9, 43, 0, 139, 4, 497 >,
 	< 499, 41, 8, 90, 0, 170, 7, 498 >,
 	< 500, 41, 3, 74, 32, 138, 3, 499 >,
 	< 501, 41, 8, 95, 35, 143, 9, 500 >,
 	< 502, 41, 10, 0, 55, 184, 6, 501 >,
 	< 503, 41, 1, 49, 0, 174, 8, 502 >,
 	// order 42
 	< 504, 42, 9, 35, 0, 107, 1, -1 >,
 	< 505, 42, 1, 53, 81, 103, 2, 504 >,
 	< 506, 42, 2, 62, 74, 189, 0, 505 >,
 	< 507, 42, 10, 84, 0, 148, 5, 506 >,
 	< 508, 42, 9, 0, 0, 113, 4, 507 >,
 	< 509, 42, 4, 0, 84, 110, 7, 508 >,
 	< 510, 42, 1, 63, 91, 148, 3, 509 >,
 	< 511, 42, 10, 0, 88, 160, 9, 510 >,
 	< 512, 42, 1, 0, 0, 178, 6, 511 >,
 	< 513, 42, 5, 0, 0, 120, 8, 512 >,
 	< 514, 42, 2, 61, 0, 160, 1, 513 >,
 	< 515, 42, 4, 76, 0, 194, 2, 514 >,
 	// order 43
 	< 516, 43, 8, 60, 0, 163, 0, -1 >,
 	< 517, 43, 10, 40, 37, 114, 5, 516 >,
 	< 518, 43, 10, 38, 68, 143, 4, 517 >,
 	< 519, 43, 5, 0, 0, 169, 7, 518 >,
 	< 520, 43, 10, 79, 48, 162, 3, 519 >,
 	< 521, 43, 2, 52, 88, 191, 9, 520 >,
 	< 522, 43, 4, 0, 0, 115, 6, 521 >,
 	< 523, 43, 9, 60, 0, 129, 8, 522 >,
 	< 524, 43, 7, 0, 0, 125, 1, 523 >,
 	< 525, 43, 3, 0, 0, 105, 2, 524 >,
 	< 526, 43, 10, 75, 47, 179, 0, 525 >,
 	< 527, 43, 10, 70, 0, 135, 5, 526 >,
 	// order 44
 	< 528, 44, 6, 0, 0, 119, 4, -1 >,
 	< 529, 44, 4, 0, 0, 111, 7, 528 >,
 	< 530, 44, 8, 0, 81, 159, 3, 529 >,
 	< 531, 44, 2, 0, 0, 138, 9, 530 >,
 	< 532, 44, 7, 0, 0, 129, 6, 531 >,
 	< 533, 44, 7, 56, 0, 119, 8, 532 >,
 	< 534, 44, 1, 0, 0, 118, 1, 533 >,
 	< 535, 44, 5, 0, 0, 107, 2, 534 >,
 	< 536, 44, 7, 0, 0, 109, 0, 535 >,
 	< 537, 44, 8, 0, 0, 121, 5, 536 >,
 	< 538, 44, 7, 57, 33, 171, 4, 537 >,
 	< 539, 44, 9, 73, 0, 124, 7, 538 >,
 	// order 45
 	< 540, 45, 4, 0, 62, 109, 3, -1 >,
 	< 541, 45, 8, 0, 37, 191, 9, 540 >,
 	< 542, 45, 6, 46, 0, 152, 6, 541 >,
 	< 543, 45, 5, 0, 0, 129, 8, 542 >,
 	< 544, 45, 9, 0, 0, 107, 1, 543 >,
 	< 545, 45, 10, 0, 74, 114, 2, 544 >,
 	< 546, 45, 4, 0, 70, 131, 0, 545 >,
 	< 547, 45, 1, 0, 0, 178, 5, 546 >,
 	< 548, 45, 6, 0, 0, 161, 4, 547 >,
 	< 549, 45, 3, 51, 0, 170, 7, 548 >,
 	< 550, 45, 2, 0, 46, 149, 3, 549 >,
 	< 551, 45, 5, 0, 0, 112, 9, 550 >,
 	// order 46
 	< 552, 46, 4, 90, 0, 111, 6, -1 >,
 	< 553, 46, 2, 69, 44, 102, 8, 552 >,
 	< 554, 46, 7, 0, 0, 151, 1, 553 >,
 	< 555, 46, 8, 30, 50, 185, 2, 554 >,
 	< 556, 46, 2, 94, 0, 182, 0, 555 >,
 	< 557, 46, 2, 41, 49, 124, 5, 556 >,
 	< 558, 46, 1, 82, 0, 193, 4, 557 >,
 	< 559, 46, 3, 40, 80, 106, 7, 558 >,
 	< 560, 46, 2, 0, 0, 101, 3, 559 >,
 	< 561, 46, 2, 0, 78, 142, 9, 560 >,
 	< 562, 46, 4, 49, 0, 121, 6, 561 >,
 	< 563, 46, 10, 51, 56, 140, 8, 562 >,
 	// order 47
 	< 564, 47, 1, 85, 44, 158, 1, -1 >,
 	< 565, 47, 5, 67, 0, 183, 2, 564 >,
 	< 566, 47, 7, 0, 0, 167, 0, 565 >,
 	< 567, 47, 9, 0, 35, 159, 5, 566 >,
 	< 568, 47, 7, 0, 93, 117, 4, 567 >,
 	< 569, 47, 7, 87, 59, 167, 7, 568 >,
 	< 570, 47, 2, 0, 0, 100, 3, 569 >,
 	< 571, 47, 2, 0, 0, 182, 9, 570 >,
 	< 572, 47, 6, 82, 0, 139, 6, 571 >,
 	< 573, 47, 6, 0, 0, 111, 8, 572 >,
 	< 574, 47, 6, 0, 0, 151, 1, 573 >,
 	< 575, 47, 9, 84, 35, 189, 2, 574 >,
 	// order 48
 	< 576, 48, 4, 31, 87, 111, 0, -1 >,
 	< 577, 48, 4, 61, 33, 150, 5, 576 >,
 	< 578, 48, 6, 99, 33, 189, 4, 577 >,
 	< 579, 48, 10, 0, 0, 193, 7, 578 >,
 	< 580, 48, 6, 0, 0, 186, 3, 579 >,
 	< 581, 48, 10, 0, 0, 145, 9, 580 >,
 	< 582, 48, 6, 0, 0, 139, 6, 581 >,
 	< 583, 48, 1, 0, 92, 194, 8, 582 >,
 	< 584, 48, 1, 0, 87, 132, 1, 583 >,
 	< 585, 48, 1, 0, 66, 153, 2, 584 >,
 	< 586, 48, 4, 92, 0, 162, 0, 585 >,
 	< 587, 48, 6, 0, 71, 140, 5, 586 >,
 	// order 49
 	< 588, 49, 10, 0, 0, 133, 4, -1 >,
 	< 589, 49, 10, 0, 0, 141, 7, 588 >,
 	< 590, 49, 2, 78, 0, 117, 3, 589 >,
 	< 591, 49, 10, 60, 0, 112, 9, 590 >,
 	< 592, 49, 3, 0, 0, 131, 6, 591 >,
 	< 593, 49, 5, 98, 76, 101, 8, 592 >,
 	< 594, 49, 5, 73, 0, 193, 1, 593 >,
 	< 595, 49, 5, 94, 69, 182, 2, 594 >,
 	< 596, 49, 1, 0, 56, 165, 0, 595 >,
 	< 597, 49, 9, 0, 96, 115, 5, 596 >,
 	< 598, 49, 2, 0, 0, 179, 4, 597 >,
 	< 599, 49, 2, 0, 78, 156, 7, 598 >,
 	// order 50
 	< 600, 50, 4, 0, 100, 194, 3, -1 >,
 	< 601, 50, 4, 0, 0, 111, 9, 600 >,
 	< 602, 50, 7, 98, 95, 130, 6, 601 >,
 	< 603, 50, 2, 0, 96, 181, 8, 602 >,
 	< 604, 50, 8, 39, 91, 129, 1, 603 >,
 	< 605, 50, 9, 0, 82, 129, 2, 604 >,
 	< 606, 50, 4, 0, 0, 120, 0, 605 >,
 	< 607, 50, 6, 0, 0, 171, 5, 606 >,
 	< 608, 50, 1, 0, 0, 118, 4, 607 >,
 	< 609, 50, 9, 43, 39, 103, 7, 608 >,
 	< 610, 50, 7, 72, 91, 177, 3, 609 >,
 	< 611, 50, 7, 0, 39, 165, 9, 610 >,
 	// order 51
 	< 612, 51, 5, 91, 0, 141, 6, -1 >,
 	< 613, 51, 7, 54, 84, 175, 8, 612 >,
 	< 614, 51, 3, 91, 0, 134, 1, 613 >,
 	< 615, 51, 5, 0, 78, 172, 2, 614 >,
 	< 616, 51, 7, 0, 93, 169, 0, 615 >,
 	< 617, 51, 7, 0, 0, 152, 5, 616 >,
 	< 618, 51, 4, 95, 0, 158, 4, 617 >,
 	< 619, 51, 5, 87, 0, 134, 7, 618 >,
 	< 620, 51, 5, 0, 0, 126, 3, 619 >,
 	< 621, 51, 9, 81, 63, 143, 9, 620 >,
 	< 622, 51, 2, 40, 0, 194, 6, 621 >,
 	< 623, 51, 8, 99, 0, 172, 8, 622 >,
 	// order 52
 	< 624, 52, 10, 0, 44, 139, 1, -1 >,
 	< 625, 52, 3, 0, 49, 194, 2, 624 >,
 	< 626, 52, 8, 85, 0, 122, 0, 625 >,
 	< 627, 52, 5, 0, 31, 133, 5, 626 >,
 	< 628, 52, 10, 92, 0, 133, 4, 627 >,
 	< 629, 52, 5, 0, 0, 112, 7, 628 >,
 	< 630, 52, 8, 72, 0, 175, 3, 629 >,
 	< 631, 52, 4, 0, 0, 121, 9, 630 >,
 	< 632, 52, 9, 44, 69, 155, 6, 631 >,
 	< 633, 52, 7, 38, 46, 145, 8, 632 >,
 	< 634, 52, 6, 98, 0, 176, 1, 633 >,
 	< 635, 52, 2, 0, 91, 192, 2, 634 >,
 	// order 53
 	< 636, 53, 9, 79, 0, 118, 0, -1 >,
 	< 637, 53, 2, 0, 0, 105, 5, 636 >,
 	< 638, 53, 2, 0, 0, 111, 4, 637 >,
 	< 639, 53, 4, 0, 0, 124, 7, 638 >,
 	< 640, 53, 4, 0, 55, 165, 3, 639 >,
 	< 641, 53, 3, 49, 0, 164, 9, 640 >,
 	< 642, 53, 2, 42, 71, 134, 6, 641 >,
 	< 643, 53, 10, 52, 0, 106, 8, 642 >,
 	< 644, 53, 4, 39, 0, 167, 1, 643 >,
 	< 645, 53, 1, 0, 0, 161, 2, 644 >,
 	< 646, 53, 6, 0, 96, 114, 0, 645 >,
 	< 647, 53, 5, 0, 43, 163, 5, 646 >,
 	// order 54
 	< 648, 54, 1, 0, 0, 152, 4, -1 >,
 	< 649, 54, 2, 0, 67, 152, 7, 648 >,
 	< 650, 54, 8, 0, 88, 186, 3, 649 >,
 	< 651, 54, 2, 91, 50, 199, 9, 650 >,
 	< 652, 54, 2, 0, 59, 104, 6, 651 >,
 	< 653, 54, 2, 0, 0, 146, 8, 652 >,
 	< 654, 54, 2, 0, 0, 161, 1, 653 >,
 	< 655, 54, 7, 0, 45, 100, 2, 654 >,
 	< 656, 54, 10, 0, 69, 182, 0, 655 >,
 	< 657, 54, 8, 0, 0, 120, 5, 656 >,
 	< 658, 54, 9, 42, 54, 126, 4, 657 >,
 	< 659, 54, 3, 0, 57, 173, 7, 658 >,
 	// order 55
 	< 660, 55, 5, 0, 75, 106, 3, -1 >,
 	< 661, 55, 4, 0, 98, 113, 9, 660 >,
 	< 662, 55, 7, 0, 91, 176, 6, 661 >,
 	< 663, 55, 3, 0, 65, 111, 8, 662 >,
 	< 664, 55, 10, 0, 60, 148, 1, 663 >,
 	< 665, 55, 3, 97, 0, 140, 2, 664 >,
 	< 666, 55, 3, 0, 0, 149, 0, 665 >,
 	< 667, 55, 6, 46, 0, 149, 5, 666 >,
 	< 668, 55, 5, 0, 34, 106, 4, 667 >,
 	< 669, 55, 2, 0, 0, 166, 7, 668 >,
 	< 670, 55, 6, 30, 44, 128, 3, 669 >,
 	< 671, 55, 8, 0, 0, 135, 9, 670 >,
 	// order 56
 	< 672, 56, 2, 78, 0, 162, 6, -1 >,
 	< 673, 56, 6, 46, 48, 134, 8, 672 >,
 	< 674, 56, 9, 0, 0, 110, 1, 673 >,
 	< 675, 56, 1, 50, 92, 127, 2, 674 >,
 	< 676, 56, 1, 100, 0, 115, 0, 675 >,
 	< 677, 56, 4, 0, 0, 117, 5, 676 >,
 	< 678, 56, 8, 0, 92, 198, 4, 677 >,
 	< 679, 56, 8, 86, 0, 151, 7, 678 >,
 	< 680, 56, 2, 68, 0, 132, 3, 679 >,
 	< 681, 56, 8, 96, 43, 145, 9, 680 >,
 	< 682, 56, 5, 44, 0, 111, 6, 681 >,
 	< 683, 56, 10, 39, 0, 116, 8, 682 >,
 	// order 57
 	< 684, 57, 6, 80, 48, 105, 1, -1 >,
 	< 685, 57, 2, 0, 0, 121, 2, 684 >,
 	< 686, 57, 1, 0, 0, 174, 0, 685 >,
 	< 687, 57, 4, 81, 73, 120, 5, 686 >,
 	< 688, 57, 5, 33, 48, 157, 4, 687 >,
 	< 689, 57, 6, 91, 38, 166, 7, 688 >,
 	< 690, 57, 7, 0, 95, 184, 3, 689 >,
 	< 691, 57, 7, 0, 86, 186, 9, 690 >,
 	< 692, 57, 4, 59, 0, 106, 6, 691 >,
 	< 693, 57, 5, 72, 0, 100, 8, 692 >,
 	< 694, 57, 6, 0, 31, 195, 1, 693 >,
 	< 695, 57, 10, 0, 62, 134, 2, 694 >,
 	// order 58
 	< 696, 58, 3, 36, 0, 160, 0, -1 >,
 	< 697, 58, 2, 0, 0, 168, 5, 696 >,
 	< 698, 58, 1, 96, 0, 160, 4, 697 >,
 	< 699, 58, 2, 0, 0, 101, 7, 698 >,
 	< 700, 58, 6, 0, 0, 126, 3, 699 >,
 	< 701, 58, 7, 0, 0, 136, 9, 700 >,
 	< 702, 58, 7, 99, 55, 137, 6, 701 >,
 	< 703, 58, 3, 0, 86, 188, 8, 702 >,
 	< 704, 58, 1, 98, 0, 130, 1, 703 >,
 	< 705, 58, 10, 0, 0, 160, 2, 704 >,
 	< 706, 58, 9, 0, 91, 168, 0, 705 >,
 	< 707, 58, 3, 0, 0, 127, 5, 706 >,
 	// order 59
 	< 708, 59, 10, 99, 0, 124, 4, -1 >,
 	< 709, 59, 5, 61, 82, 124, 7, 708 >,
 	< 710, 59, 8, 98, 0, 120, 3, 709 >,
 	< 711, 59, 3, 0, 91, 178, 9, 710 >,
 	< 712, 59, 4, 81, 65, 151, 6, 711 >,
 	< 713, 59, 8, 0, 0, 110, 8, 712 >,
 	< 714, 59, 2, 43, 88, 190, 1, 713 >,
 	< 715, 59, 8, 0, 0, 164, 2, 714 >,
 	< 716, 59, 9, 0, 0, 114, 0, 715 >,
 	< 717, 59, 9, 40, 0, 166, 5, 716 >,
 	< 718, 59, 5, 74, 0, 149, 4, 717 >,
 	< 719, 59, 7, 0, 0, 172, 7, 718 >,
 	// order 60
 	< 720, 60, 8, 96, 0, 167, 3, -1 >,
 	< 721, 60, 7, 0, 83, 130, 9, 720 >,
 	< 722, 60, 6, 0, 0, 198, 6, 721 >,
 	< 723, 60, 1, 0, 47, 118, 8, 722 >,
 	< 724, 60, 6, 72, 0, 128, 1, 723 >,
 	< 725, 60, 5, 46, 61, 170, 2, 724 >,
 	< 726, 60, 1, 0, 35, 166, 0, 725 >,
 	< 727, 60, 6, 66, 0, 171, 5, 726 >,
 	< 728, 60, 2, 0, 0, 184, 4, 727 >,
 	< 729, 60, 9, 0, 94, 157, 7, 728 >,
 	< 730, 60, 3, 56, 0, 167, 3, 729 >,
 	< 731, 60, 1, 0, 76, 188, 9, 730 >,
 	// order 61
 	< 732, 61, 10, 0, 0, 137, 6, -1 >,
 	< 733, 61, 1, 0, 0, 165, 8, 732 >,
 	< 734, 61, 4, 0, 67, 141, 1, 733 >,
 	< 735, 61, 9, 0, 0, 159, 2, 734 >,
 	< 736, 61, 5, 60, 0, 179, 0, 735 >,
 	< 737, 61, 4, 44, 0, 169, 5, 736 >,
 	< 738, 61, 2, 30, 96, 105, 4, 737 >,
 	< 739, 61, 7, 51, 79, 108, 7, 738 >,
 	< 740, 61, 6, 79, 71, 103, 3, 739 >,
 	< 741, 61, 8, 0, 85, 118, 9, 740 >,
 	< 742, 61, 5, 34, 0, 177, 6, 741 >,
 	< 743, 61, 2, 0, 0, 116, 8, 742 >,
 	// order 62
 	< 744, 62, 10, 36, 57, 181, 1, -1 >,
 	< 745, 62, 7, 0, 52, 117, 2, 744 >,
 	< 746, 62, 9, 55, 86, 140, 0, 745 >,
 	< 747, 62, 3, 97, 99, 114, 5, 746 >,
 	< 748, 62, 4, 67, 91, 184, 4, 747 >,
 	< 749, 62, 9, 0, 0, 114, 7, 748 >,
 	< 750, 62, 6, 0, 0, 155, 3, 749 >,
 	< 751, 62, 1, 0, 60, 123, 9, 750 >,
 	< 752, 62, 4, 0, 53, 159, 6, 751 >,
 	< 753, 62, 4, 0, 0, 137, 8, 752 >,
 	< 754, 62, 9, 0, 76, 197, 1, 753 >,
 	< 755, 62, 5, 91, 30, 174, 2, 754 >,
 	// order 63
 	< 756, 63, 7, 97, 80, 136, 0, -1 >,
 	< 757, 63, 3, 47, 0, 105, 5, 756 >,
 	< 758, 63, 10, 49, 95, 172, 4, 757 >,
 	< 759, 63, 5, 62, 59, 151, 7, 758 >,
 	< 760, 63, 5, 74, 43, 161, 3, 759 >,
 	< 761, 63, 8, 0, 0, 178, 9, 760 >,
 	< 762, 63, 7, 65, 0, 168, 6, 761 >,
 	< 763, 63, 7, 0, 0, 121, 8, 762 >,
 	< 764, 63, 2, 0, 55, 100, 1, 763 >,
 	< 765, 63, 4, 0, 0, 103, 2, 764 >,
 	< 766, 63, 4, 68, 45, 138, 0, 765 >,
 	< 767, 63, 5, 0, 0, 149, 5, 766 >,
 	// order 64
 	< 768, 64, 1, 0, 0, 118, 4, -1 >,
 	< 769, 64, 8, 0, 77, 107, 7, 768 >,
 	< 770, 64, 7, 0, 80, 132, 3, 769 >,
 	< 771, 64, 6, 0, 0, 164, 9, 770 >,
 	< 772, 64, 6, 64, 38, 177, 6, 771 >,
 	< 773, 64, 8, 0, 0, 171, 8, 772 >,
 	< 774, 64, 4, 0, 76, 154, 1, 773 >,
 	< 775, 64, 8, 0, 82, 183, 2, 774 >,
 	< 776, 64, 2, 0, 0, 172, 0, 775 >,
 	< 777, 64, 4, 100, 44, 122, 5, 776 >,
 	< 778, 64, 5, 92, 64, 147, 4, 777 >,
 	< 779, 64, 1, 0, 0, 168, 7, 778 >,
 	// order 65
 	< 780, 65, 4, 0, 38, 130, 3, -1 >,
 	< 781, 65, 10, 57, 0, 197, 9, 780 >,
 	< 782, 65, 3, 65, 67, 138, 6, 781 >,
 	< 783, 65, 5, 65, 0, 177, 8, 782 >,
 	< 784, 65, 3, 0, 0, 124, 1, 783 >,
 	< 785, 65, 4, 0, 42, 106, 2, 784 >,
 	< 786, 65, 8, 83, 0, 144, 0, 785 >,
 	< 787, 65, 8, 0, 0, 141, 5, 786 >,
 	< 788, 65, 4, 73, 0, 123, 4, 787 >,
 	< 789, 65, 1, 63, 0, 131, 7, 788 >,
 	< 790, 65, 1, 0, 0, 172, 3, 789 >,
 	< 791, 65, 9, 40, 0, 195, 9, 790 >,
 	// order 66
 	< 792, 66, 9, 79, 45, 125, 6, -1 >,
 	< 793, 66, 3, 0, 62, 123, 8, 792 >,
 	< 794, 66, 8, 0, 0, 135, 1, 793 >,
 	< 795, 66, 2, 0, 0, 102, 2, 794 >,
 	< 796, 66, 10, 56, 32, 164, 0, 795 >,
 	< 797, 66, 1, 0, 0, 120, 5, 796 >,
 	< 798, 66, 9, 0, 0, 167, 4, 797 >,
 	< 799, 66, 3, 0, 77, 103, 7, 798 >,
 	< 800, 66, 4, 30, 30, 102, 3, 799 >,
 	< 801, 66, 10, 95, 93, 158, 9, 800 >,
 	< 802, 66, 6, 38, 0, 195, 6, 801 >,
 	< 803, 66, 6, 0, 50, 114, 8, 802 >,
 	// order 67
 	< 804, 67, 3, 36, 52, 195, 1, -1 >,
 	< 805, 67, 1, 45, 63, 131, 2, 804 >,
 	< 806, 67, 8, 0, 48, 137, 0, 805 >,
 	< 807, 67, 9, 0, 0, 115, 5, 806 >,
 	< 808, 67, 4, 73, 0, 137, 4, 807 >,
 	< 809, 67, 2, 52, 65, 100, 7, 808 >,
 	< 810, 67, 8, 0, 49, 164, 3, 809 >,
 	< 811, 67, 1, 32, 0, 100, 9, 810 >,
 	< 812, 67, 5, 0, 0, 122, 6, 811 >,
 	< 813, 67, 1, 0, 0, 168, 8, 812 >,
 	< 814, 67, 2, 0, 44, 200, 1, 813 >,
 	< 815, 67, 9, 0, 0, 163, 2, 814 >,
 	// order 68
 	< 816, 68, 10, 70, 68, 135, 0, -1 >,
 	< 817, 68, 5, 66, 0, 169, 5, 816 >,
 	< 818, 68, 7, 0, 0, 103, 4, 817 >,
 	< 819, 68, 6, 0, 69, 151, 7, 818 >,
 	< 820, 68, 2, 0, 0, 133, 3, 819 >,
 	< 821, 68, 7, 57, 0, 154, 9, 820 >,
 	< 822, 68, 3, 39, 0, 140, 6, 821 >,
 	< 823, 68, 8, 0, 58, 188, 8, 822 >,
 	< 824, 68, 7, 76, 0, 180, 1, 823 >,
 	< 825, 68, 5, 0, 96, 157, 2, 824 >,
 	< 826, 68, 7, 89, 98, 150, 0, 825 >,
 	< 827, 68, 6, 46, 31, 197, 5, 826 >,
 	// order 69
 	< 828, 69, 1, 0, 0, 132, 4, -1 >,
 	< 829, 69, 6, 0, 59, 177, 7, 828 >,
 	< 830, 69, 7, 36, 91, 147, 3, 829 >,
 	< 831, 69, 9, 0, 71, 174, 9, 830 >,
 	< 832, 69, 5, 95, 0, 111, 6, 831 >,
 	< 833, 69, 6, 0, 43, 160, 8, 832 >,
 	< 834, 69, 7, 0, 82, 158, 1, 833 >,
 	< 835, 69, 7, 0, 0, 194, 2, 834 >,
 	< 836, 69, 7, 67, 96, 112, 0, 835 >,
 	< 837, 69, 8, 36, 0, 170, 5, 836 >,
 	< 838, 69, 4, 0, 0, 128, 4, 837 >,
 	< 839, 69, 6, 0, 0, 188, 7, 838 >,
 	// order 70
 	< 840, 70, 3, 0, 0, 103, 3, -1 >,
 	< 841, 70, 3, 0, 0, 129, 9, 840 >,
 	< 842, 70, 3, 0, 0, 183, 6, 841 >,
 	< 843, 70, 7, 93, 92, 192, 8, 842 >,
 	< 844, 70, 1, 49, 0, 183, 1, 843 >,
 	< 845, 70, 2, 65, 0, 128, 2, 844 >,
 	< 846, 70, 1, 44, 0, 155, 0, 845 >,
 	< 847, 70, 4, 0, 55, 183, 5, 846 >,
 	< 848, 70, 4, 96, 66, 161, 4, 847 >,
 	< 849, 70, 9, 0, 0, 156, 7, 848 >,
 	< 850, 70, 6, 0, 0, 161, 3, 849 >,
 	< 851, 70, 2, 0, 90, 118, 9, 850 >,
 	// order 71
 	< 852, 71, 2, 0, 97, 172, 6, -1 >,
 	< 853, 71, 3, 94, 49, 130, 8, 852 >,
 	< 854, 71, 6, 74, 0, 160, 1, 853 >,
 	< 855, 71, 5, 0, 0, 185, 2, 854 >,
 	< 856, 71, 3, 0, 62, 166, 0, 855 >,
 	< 857, 71, 8, 42, 42, 145, 5, 856 >,
 	< 858, 71, 8, 0, 47, 167, 4, 857 >,
 	< 859, 71, 6, 45, 90, 170, 7, 858 >,
 	< 860, 71, 9, 82, 0, 154, 3, 859 >,
 	< 861, 71, 8, 0, 0, 177, 9, 860 >,
 	< 862, 71, 1, 0, 0, 197, 6, 861 >,
 	< 863, 71, 8, 0, 0, 128, 8, 862 >,
 	// order 72
 	< 864, 72, 10, 64, 0, 175, 1, -1 >,
 	< 865, 72, 9, 39, 0, 137, 2, 864 >,
 	< 866, 72, 4, 0, 89, 183, 0, 865 >,
 	< 867, 72, 10, 62, 81, 165, 5, 866 >,
 	< 868, 72, 3, 88, 59, 141, 4, 867 >,
 	< 869, 72, 6, 0, 62, 118, 7, 868 >,
 	< 870, 72, 4, 0, 0, 108, 3, 869 >,
 	< 871, 72, 4, 0, 0, 109, 9, 870 >,
 	< 872, 72, 2, 53, 0, 196, 6, 871 >,
 	< 873, 72, 10, 0, 0, 134, 8, 872 >,
 	< 874, 72, 1, 0, 0, 174, 1, 873 >,
 	< 875, 72, 6, 79, 76, 173, 2, 874 >,
 	// order 73
 	< 876, 73, 4, 0, 81, 141, 0, -1 >,
 	< 877, 73, 10, 0, 53, 157, 5, 876 >,
 	< 878, 73, 8, 40, 0, 165, 4, 877 >,
 	< 879, 73, 6, 94, 91, 159, 7, 878 >,
 	< 880, 73, 4, 0, 0, 139, 3, 879 >,
 	< 881, 73, 4, 0, 0, 179, 9, 880 >,
 	< 882, 73, 8, 63, 76, 178, 6, 881 >,
 	< 883, 73, 7, 0, 0, 192, 8, 882 >,
 	< 884, 73, 5, 52, 74, 161, 1, 883 >,
 	< 885, 73, 5, 0, 0, 109, 2, 884 >,
 	< 886, 73, 10, 85, 0, 178, 0, 885 >,
 	< 887, 73, 2, 44, 53, 106, 5, 886 >,
 	// order 74
 	< 888, 74, 8, 93, 99, 126, 4, -1 >,
 	< 889, 74, 9, 0, 98, 133, 7, 888 >,
 	< 890, 74, 7, 32, 0, 128, 3, 889 >,
 	< 891, 74, 7, 75, 33, 112, 9, 890 >,
 	< 892, 74, 4, 93, 57, 195, 6, 891 >,
 	< 893, 74, 6, 63, 0, 183, 8, 892 >,
 	< 894, 74, 9, 99, 0, 114, 1, 893 >,
 	< 895, 74, 7, 0, 87, 146, 2, 894 >,
 	< 896, 74, 2, 48, 33, 165, 0, 895 >,
 	< 897, 74, 9, 0, 37, 135, 5, 896 >,
 	< 898, 74, 1, 60, 0, 167, 4, 897 >,
 	< 899, 74, 2, 96, 82, 149, 7, 898 >,
 	// order 75
 	< 900, 75, 9, 40, 0, 114, 3, -1 >,
 	< 901, 75, 9, 96, 0, 146, 9, 900 >,
 	< 902, 75, 3, 45, 0, 164, 6, 901 >,
 	< 903, 75, 1, 0, 0, 166, 8, 902 >,
 	< 904, 75, 5, 56, 0, 184, 1, 903 >,
 	< 905, 75, 1, 52, 0, 147, 2, 904 >,
 	< 906, 75, 5, 88, 75, 180, 0, 905 >,
 	< 907, 75, 5, 81, 100, 181, 5, 906 >,
 	< 908, 75, 7, 93, 100, 121, 4, 907 >,
 	< 909, 75, 10, 0, 0, 153, 7, 908 >,
 	< 910, 75, 7, 0, 0, 164, 3, 909 >,
 	< 911, 75, 5, 0, 0, 127, 9, 910 >,
 	// order 76
 	< 912, 76, 6, 32, 0, 182, 6, -1 >,
 	< 913, 76, 9, 0, 71, 133, 8, 912 >,
 	< 914, 76, 2, 0, 86, 166, 1, 913 >,
 	< 915, 76, 7, 0, 70, 107, 2, 914 >,
 	< 916, 76, 1, 0, 0, 145, 0, 915 >,
 	< 917, 76, 4, 96, 62, 200, 5, 916 >,
 	< 918, 76, 4, 0, 0, 146, 4, 917 >,
 	< 919, 76, 10, 0, 46, 200, 7, 918 >,
 	< 920, 76, 1, 0, 0, 163, 3, 919 >,
 	< 921, 76, 7, 84, 90, 166, 9, 920 >,
 	< 922, 76, 6, 0, 82, 123, 6, 921 >,
 	< 923, 76, 3, 0, 0, 159, 8, 922 >,
 	// order 77
 	< 924, 77, 2, 96, 65, 159, 1, -1 >,
 	< 925, 77, 1, 0, 0, 115, 2, 924 >,
 	< 926, 77, 9, 0, 96, 157, 0, 925 >,
 	< 927, 77, 6, 31, 79, 159, 5, 926 >,
 	< 928, 77, 6, 0, 0, 185, 4, 927 >,
 	< 929, 77, 9, 56, 0, 108, 7, 928 >,
 	< 930, 77, 3, 47, 0, 109, 3, 929 >,
 	< 931, 77, 2, 0, 0, 154, 9, 930 >,
 	< 932, 77, 1, 89, 84, 198, 6, 931 >,
 	< 933, 77, 5, 68, 0, 120, 8, 932 >,
 	< 934, 77, 6, 0, 66, 100, 1, 933 >,
 	< 935, 77, 6, 90, 0, 162, 2, 934 >,
 	// order 78
 	< 936, 78, 1, 73, 94, 124, 0, -1 >,
 	< 937, 78, 10, 89, 0, 145, 5, 936 >,
 	< 938, 78, 4, 0, 35, 175, 4, 937 >,
 	< 939, 78, 9, 0, 0, 140, 7, 938 >,
 	< 940, 78, 2, 31, 0, 159, 3, 939 >,
 	< 941, 78, 1, 0, 43, 151, 9, 940 >,
 	< 942, 78, 3, 0, 0, 193, 6, 941 >,
 	< 943, 78, 10, 46, 90, 173, 8, 942 >,
 	< 944, 78, 5, 79, 83, 117, 1, 943 >,
 	< 945, 78, 8, 61, 0, 173, 2, 944 >,
 	< 946, 78, 7, 78, 0, 108, 0, 945 >,
 	< 947, 78, 7, 0, 0, 185, 5, 946 >,
 	// order 79
 	< 948, 79, 2, 0, 53, 120, 4, -1 >,
 	< 949, 79, 3, 69, 36, 152, 7, 948 >,
 	< 950, 79, 2, 0, 0, 193, 3, 949 >,
 	< 951, 79, 3, 0, 0, 146, 9, 950 >,
 	< 952, 79, 5, 0, 0, 129, 6, 951 >,
 	< 953, 79, 10, 76, 76, 149, 8, 952 >,
 	< 954, 79, 10, 0, 54, 100, 1, 953 >,
 	< 955, 79, 6, 0, 0, 137, 2, 954 >,
 	< 956, 79, 7, 43, 0, 124, 0, 955 >,
 	< 957, 79, 4, 72, 0, 135, 5, 956 >,
 	< 958, 79, 8, 0, 64, 195, 4, 957 >,
 	< 959, 79, 10, 100, 71, 154, 7, 958 >,
 	// order 80
 	< 960, 80, 6, 53, 0, 177, 3, -1 >,
 	< 961, 80, 8, 85, 0, 182, 9, 960 >,
 	< 962, 80, 7, 95, 0, 193, 6, 961 >,
 	< 963, 80, 3, 0, 97, 120, 8, 962 >,
 	< 964, 80, 2, 0, 0, 190, 1, 963 >,
 	< 965, 80, 3, 0, 92, 137, 2, 964 >,
 	< 966, 80, 5, 50, 88, 113, 0, 965 >,
 	< 967, 80, 9, 36, 0, 162, 5, 966 >,
 	< 968, 80, 1, 87, 35, 143, 4, 967 >,
 	< 969, 80, 9, 0, 0, 175, 7, 968 >,
 	< 970, 80, 4, 0, 0, 139, 3, 969 >,
 	< 971, 80, 4, 0, 61, 179, 9, 970 >,
 	// order 81
 	< 972, 81, 7, 87, 0, 190, 6, -1 >,
 	< 973, 81, 3, 0, 36, 131, 8, 972 >,
 	< 974, 81, 1, 0, 0, 145, 1, 973 >,
 	< 975, 81, 4, 0, 0, 164, 2, 974 >,
 	< 976, 81, 7, 90, 0, 184, 0, 975 >,
 	< 977, 81, 9, 42, 50, 147, 5, 976 >,
 	< 978, 81, 5, 0, 0, 140, 4, 977 >,
 	< 979, 81, 4, 84, 0, 142, 7, 978 >,
 	< 980, 81, 10, 0, 66, 180, 3, 979 >,
 	< 981, 81, 8, 56, 0, 161, 9, 980 >,
 	< 982, 81, 7, 0, 62, 191, 6, 981 >,
 	< 983, 81, 7, 61, 0, 196, 8, 982 >,
 	// order 82
 	< 984, 82, 8, 81, 0, 145, 1, -1 >,
 	< 985, 82, 7, 0, 98, 179, 2, 984 >,
 	< 986, 82, 7, 95, 80, 134, 0, 985 >,
 	< 987, 82, 2, 0, 0, 111, 5, 986 >,
 	< 988, 82, 10, 0, 94, 162, 4, 987 >,
 	< 989, 82, 3, 0, 58, 178, 7, 988 >,
 	< 990, 82, 4, 0, 49, 164, 3, 989 >,
 	< 991, 82, 3, 71, 0, 119, 9, 990 >,
 	< 992, 82, 5, 0, 0, 144, 6, 991 >,
 	< 993, 82, 10, 0, 0, 104, 8, 992 >,
 	< 994, 82, 8, 65, 30, 190, 1, 993 >,
 	< 995, 82, 1, 83, 64, 121, 2, 994 >,
 	// order 83
 	< 996, 83, 2, 56, 0, 142, 0, -1 >,
 	< 997, 83, 3, 75, 0, 151, 5, 996 >,
 	< 998, 83, 8, 48, 0, 166, 4, 997 >,
 	< 999, 83, 8, 66, 64, 193, 7, 998 >,
 	< 1000, 83, 5, 89, 0, 176, 3, 999 >,
 	< 1001, 83, 4, 47, 0, 145, 9, 1000 >,
 	< 1002, 83, 8, 0, 35, 175, 6, 1001 >,
 	< 1003, 83, 8, 0, 0, 172, 8, 1002 >,
 	< 1004, 83, 4, 82, 0, 179, 1, 1003 >,
 	< 1005, 83, 10, 0, 46, 128, 2, 1004 >,
 	< 1006, 83, 7, 0, 100, 128, 0, 1005 >,
 	< 1007, 83, 7, 68, 77, 190, 5, 1006 >,
 	// order 84
 	< 1008, 84, 10, 0, 0, 105, 4, -1 >,
 	< 1009, 84, 1, 0, 0, 116, 7, 1008 >,
 	< 1010, 84, 10, 75, 0, 122, 3, 1009 >,
 	< 1011, 84, 2, 0, 71, 105, 9, 1010 >,
 	< 1012, 84, 4, 0, 74, 197, 6, 1011 >,
 	< 1013, 84, 5, 0, 37, 158, 8, 1012 >,
 	< 1014, 84, 4, 47, 0, 135, 1, 1013 >,
 	< 1015, 84, 9, 0, 0, 153, 2, 1014 >,
 	< 1016, 84, 2, 66, 73, 132, 0, 1015 >,
 	< 1017, 84, 4, 0, 77, 183, 5, 1016 >,
 	< 1018, 84, 1, 51, 0, 159, 4, 1017 >,
 	< 1019, 84, 3, 0, 0, 144, 7, 1018 >,
 	// order 85
 	< 1020, 85, 8, 40, 0, 182, 3, -1 >,
 	< 1021, 85, 8, 0, 55, 114, 9, 1020 >,
 	< 1022, 85, 5, 30, 0, 140, 6, 1021 >,
 	< 1023, 85, 3, 60, 51, 166, 8, 1022 >,
 	< 1024, 85, 4, 0, 0, 128, 1, 1023 >,
 	< 1025, 85, 6, 0, 83, 170, 2, 1024 >,
 	< 1026, 85, 1, 37, 82, 132, 0, 1025 >,
 	< 1027, 85, 7, 0, 0, 186, 5, 1026 >,
 	< 1028, 85, 3, 78, 48, 107, 4, 1027 >,
 	< 1029, 85, 1, 94, 0, 179, 7, 1028 >,
 	< 1030, 85, 9, 0, 85, 140, 3, 1029 >,
 	< 1031, 85, 5, 33, 0, 133, 9, 1030 >,
 	// order 86
 	< 1032, 86, 5, 76, 0, 190, 6, -1 >,
 	< 1033, 86, 7, 0, 0, 107, 8, 1032 >,
 	< 1034, 86, 7, 51, 0, 103, 1, 1033 >,
 	< 1035, 86, 1, 89, 44, 155, 2, 1034 >,
 	< 1036, 86, 7, 70, 47, 115, 0, 1035 >,
 	< 1037, 86, 2, 0, 0, 192, 5, 1036 >,
 	< 1038, 86, 7, 0, 67, 178, 4, 1037 >,
 	< 1039, 86, 6, 0, 55, 142, 7, 1038 >,
 	< 1040, 86, 9, 0, 66, 116, 3, 1039 >,
 	< 1041, 86, 6, 0, 79, 170, 9, 1040 >,
 	< 1042, 86, 6, 0, 80, 169, 6, 1041 >,
 	< 1043, 86, 9, 0, 87, 174, 8, 1042 >,
 	// order 87
 	< 1044, 87, 6, 0, 0, 115, 1, -1 >,
 	< 1045, 87, 1, 0, 0, 158, 2, 1044 >,
 	< 1046, 87, 3, 0, 50, 158, 0, 1045 >,
 	< 1047, 87, 8, 50, 33, 175, 5, 1046 >,
 	< 1048, 87, 8, 42, 0, 164, 4, 1047 >,
 	< 1049, 87, 4, 50, 0, 185, 7, 1048 >,
 	< 1050, 87, 10, 0, 0, 175, 3, 1049 >,
 	< 1051, 87, 7, 76, 0, 167, 9, 1050 >,
 	< 1052, 87, 5, 38, 78, 119, 6, 1051 >,
 	< 1053, 87, 1, 0, 0, 107, 8, 1052 >,
 	< 1054, 87, 10, 0, 0, 135, 1, 1053 >,
 	< 1055, 87, 1, 0, 54, 181, 2, 1054 >,
 	// order 88
 	< 1056, 88, 5, 55, 0, 125, 0, -1 >,
 	< 1057, 88, 8, 0, 0, 141, 5, 1056 >,
 	< 1058, 88, 6, 92, 0, 101, 4, 1057 >,
 	< 1059, 88, 2, 34, 47, 149, 7, 1058 >,
 	< 1060, 88, 2, 34, 0, 121, 3, 1059 >,
 	< 1061, 88, 3, 0, 89, 126, 9, 1060 >,
 	< 1062, 88, 7, 69, 87, 187, 6, 1061 >,
 	< 1063, 88, 2, 0, 96, 137, 8, 1062 >,
 	< 1064, 88, 9, 83, 0, 119, 1, 1063 >,
 	< 1065, 88, 9, 0, 86, 194, 2, 1064 >,
 	< 1066, 88, 6, 90, 89, 174, 0, 1065 >,
 	< 1067, 88, 2, 33, 0, 137, 5, 1066 >,
 	// order 89
 	< 1068, 89, 5, 0, 41, 132, 4, -1 >,
 	< 1069, 89, 3, 0, 0, 143, 7, 1068 >,
 	< 1070, 89, 7, 51, 0, 126, 3, 1069 >,
 	< 1071, 89, 1, 0, 31, 132, 9, 1070 >,
 	< 1072, 89, 1, 0, 0, 133, 6, 1071 >,
 	< 1073, 89, 2, 0, 43, 197, 8, 1072 >,
 	< 1074, 89, 2, 63, 75, 100, 1, 1073 >,
 	< 1075, 89, 5, 0, 52, 188, 2, 1074 >,
 	< 1076, 89, 7, 0, 55, 133, 0, 1075 >,
 	< 1077, 89, 8, 0, 57, 184, 5, 1076 >,
 	< 1078, 89, 5, 0, 81, 124, 4, 1077 >,
 	< 1079, 89, 3, 0, 82, 197, 7, 1078 >,
 	// order 90
 	< 1080, 90, 7, 0, 0, 117, 3, -1 >,
 	< 1081, 90, 5, 0, 76, 111, 9, 1080 >,
 	< 1082, 90, 9, 62, 0, 114, 6, 1081 >,
 	< 1083, 90, 7, 70, 100, 137, 8, 1082 >,
 	< 1084, 90, 10, 86, 0, 172, 1, 1083 >,
 	< 1085, 90, 7, 0, 0, 140, 2, 1084 >,
 	< 1086, 90, 8, 76, 0, 135, 0, 1085 >,
 	< 1087, 90, 3, 96, 0, 193, 5, 1086 >,
 	< 1088, 90, 3, 74, 68, 130, 4, 1087 >,
 	< 1089, 90, 10, 89, 0, 137, 7, 1088 >,
 	< 1090, 90, 7, 87, 0, 104, 3, 1089 >,
 	< 1091, 90, 7, 0, 0, 145, 9, 1090 >,
 	// order 91
 	< 1092, 91, 9, 86, 0, 138, 6, -1 >,
 	< 1093, 91, 9, 53, 0, 189, 8, 1092 >,
 	< 1094, 91, 1, 43, 86, 150, 1, 1093 >,
 	< 1095, 91, 3, 0, 0, 183, 2, 1094 >,
 	< 1096, 91, 8, 76, 0, 102, 0, 1095 >,
 	< 1097, 91, 1, 0, 84, 130, 5, 1096 >,
 	< 1098, 91, 7, 0, 95, 111, 4, 1097 >,
 	< 1099, 91, 6, 0, 0, 123, 7, 1098 >,
 	< 1100, 91, 7, 0, 89, 196, 3, 1099 >,
 	< 1101, 91, 10, 0, 30, 101, 9, 1100 >,
 	< 1102, 91, 9, 49, 50, 170, 6, 1101 >,
 	< 1103, 91, 2, 82, 0, 134, 8, 1102 >,
 	// order 92
 	< 1104, 92, 7, 0, 86, 126, 1, -1 >,
 	< 1105, 92, 8, 0, 0, 164, 2, 1104 >,
 	< 1106, 92, 3, 0, 39, 161, 0, 1105 >,
 	< 1107, 92, 4, 0, 79, 108, 5, 1106 >,
 	< 1108, 92, 6, 44, 94, 156, 4, 1107 >,
 	< 1109, 92, 4, 0, 45, 198, 7, 1108 >,
 	< 1110, 92, 6, 0, 0, 189, 3, 1109 >,
 	< 1111, 92, 10, 0, 0, 105, 9, 1110 >,
 	< 1112, 92, 7, 0, 0, 123, 6, 1111 >,
 	< 1113, 92, 4, 61, 40, 139, 8, 1112 >,
 	< 1114, 92, 9, 51, 0, 165, 1, 1113 >,
 	< 1115, 92, 7, 63, 0, 165, 2, 1114 >,
 	// order 93
 	< 1116, 93, 3, 56, 33, 166, 0, -1 >,
 	< 1117, 93, 7, 0, 47, 163, 5, 1116 >,
 	< 1118, 93, 10, 0, 31, 183, 4, 1117 >,
 	< 1119, 93, 3, 0, 34, 146, 7, 1118 >,
 	< 1120, 93, 8, 0, 74, 166, 3, 1119 >,
 	< 1121, 93, 7, 0, 64, 108, 9, 1120 >,
 	< 1122, 93, 6, 0, 0, 182, 6, 1121 >,
 	< 1123, 93, 8, 79, 0, 172, 8, 1122 >,
 	< 1124, 93, 2, 0, 0, 191, 1, 1123 >,
 	< 1125, 93, 8, 65, 48, 182, 2, 1124 >,
 	< 1126, 93, 4, 76, 0, 118, 0, 1125 >,
 	< 1127, 93, 5, 59, 58, 198, 5, 1126 >,
 	// order 94
 	< 1128, 94, 4, 0, 0, 116, 4, -1 >,
 	< 1129, 94, 2, 76, 48, 195, 7, 1128 >,
 	< 1130, 94, 6, 0, 0, 197, 3, 1129 >,
 	< 1131, 94, 1, 50, 0, 172, 9, 1130 >,
 	< 1132, 94, 2, 0, 0, 188, 6, 1131 >,
 	< 1133, 94, 2, 90, 0, 122, 8, 1132 >,
 	< 1134, 94, 4, 0, 0, 173, 1, 1133 >,
 	< 1135, 94, 8, 82, 0, 168, 2, 1134 >,
 	< 1136, 94, 8, 40, 68, 100, 0, 1135 >,
 	< 1137, 94, 9, 56, 40, 110, 5, 1136 >,
 	< 1138, 94, 8, 0, 0, 125, 4, 1137 >,
 	< 1139, 94, 3, 54, 0, 119, 7, 1138 >,
 	// order 95
 	< 1140, 95, 6, 0, 59, 165, 3, -1 >,
 	< 1141, 95, 3, 0, 55, 135, 9, 1140 >,
 	< 1142, 95, 3, 0, 0, 154, 6, 1141 >,
 	< 1143, 95, 6, 51, 31, 100, 8, 1142 >,
 	< 1144, 95, 4, 0, 0, 196, 1, 1143 >,
 	< 1145, 95, 2, 70, 0, 148, 2, 1144 >,
 	< 1146, 95, 6, 57, 63, 116, 0, 1145 >,
 	< 1147, 95, 4, 0, 0, 190, 5, 1146 >,
 	< 1148, 95, 8, 0, 31, 120, 4, 1147 >,
 	< 1149, 95, 10, 0, 94, 167, 7, 1148 >,
 	< 1150, 95, 7, 42, 0, 148, 3, 1149 >,
 	< 1151, 95, 9, 0, 79, 130, 9, 1150 >,
 	// order 96
 	< 1152, 96, 1, 45, 0, 182, 6, -1 >,
 	< 1153, 96, 5, 68, 56, 116, 8, 1152 >,
 	< 1154, 96, 1, 82, 0, 161, 1, 1153 >,
 	< 1155, 96, 5, 0, 0, 103, 2, 1154 >,
 	< 1156, 96, 1, 76, 87, 159, 0, 1155 >,
 	< 1157, 96, 8, 0, 0, 166, 5, 1156 >,
 	< 1158, 96, 8, 0, 39, 181, 4, 1157 >,
 	< 1159, 96, 2, 0, 44, 180, 7, 1158 >,
 	< 1160, 96, 1, 0, 0, 153, 3, 1159 >,
 	< 1161, 96, 6, 35, 0, 108, 9, 1160 >,
 	< 1162, 96, 9, 0, 0, 189, 6, 1161 >,
 	< 1163, 96, 7, 0, 0, 200, 8, 1162 >,
 	// order 97
 	< 1164, 97, 7, 46, 84, 150, 1, -1 >,
 	< 1165, 97, 10, 83, 0, 174, 2, 1164 >,
 	< 1166, 97, 10, 0, 0, 199, 0, 1165 >,
 	< 1167, 97, 10, 0, 72, 172, 5, 1166 >,
 	< 1168, 97, 2, 0, 0, 152, 4, 1167 >,
 	< 1169, 97, 4, 42, 0, 157, 7, 1168 >,
 	< 1170, 97, 6, 0, 70, 112, 3, 1169 >,
 	< 1171, 97, 6, 98, 0, 132, 9, 1170 >,
 	< 1172, 97, 10, 0, 83, 130, 6, 1171 >,
 	< 1173, 97, 4, 98, 0, 135, 8, 1172 >,
 	< 1174, 97, 3, 80, 66, 187, 1, 1173 >,
 	< 1175, 97, 6, 0, 51, 179, 2, 1174 >,
 	// order 98
 	< 1176, 98, 4, 32, 0, 114, 0, -1 >,
 	< 1177, 98, 9, 0, 93, 106, 5, 1176 >,
 	< 1178, 98, 1, 0, 72, 151, 4, 1177 >,
 	< 1179, 98, 2, 0, 42, 183, 7, 1178 >,
 	< 1180, 98, 1, 99, 0, 193, 3, 1179 >,
 	< 1181, 98, 5, 0, 0, 125, 9, 1180 >,
 	< 1182, 98, 10, 48, 67, 167, 6, 1181 >,
 	< 1183, 98, 7, 67, 0, 153, 8, 1182 >,
 	< 1184, 98, 2, 69, 0, 120, 1, 1183 >,
 	< 1185, 98, 5, 0, 0, 100, 2, 1184 >,
 	< 1186, 98, 7, 0, 0, 153, 0, 1185 >,
 	< 1187, 98, 5, 71, 78, 129, 5, 1186 >,
 	// order 99
 	< 1188, 99, 8, 52, 93, 150, 4, -1 >,
 	< 1189, 99, 8, 0, 0, 193, 7, 1188 >,
 	< 1190, 99, 9, 0, 84, 166, 3, 1189 >,
 	< 1191, 99, 7, 0, 0, 169, 9, 1190 >,
 	< 1192, 99, 2, 0, 0, 128, 6, 1191 >,
 	< 1193, 99, 1, 84, 0, 174, 8, 1192 >,
 	< 1194, 99, 4, 35, 0, 120, 1, 1193 >,
 	< 1195, 99, 3, 0, 0, 183, 2, 1194 >,
 	< 1196, 99, 3, 85, 0, 120, 0, 1195 >,
 	< 1197, 99, 10, 0, 0, 136, 5, 1196 >,
 	< 1198, 99, 5, 91, 80, 141, 4, 1197 >,
 	< 1199, 99, 10, 89, 0, 123, 7, 1198 >
 };
