/*********************************************
 * OPL 12.10.0.0 Data
 * Author: Kinast
 * Creation date: Aug 17, 2021 at 11:49:01 AM
 *********************************************/

 nOrders = 100;
 nTasks = 1200;

 nWorkgroups = 10;
 nWorkstations = 30;

 nCobots = 0;
 cobotTimeFactor = 0.7;

 workstations = {
 	< 0, "Workstation 0", 0, 1.03, 1.01, 1, 4 >,
 	< 1, "Workstation 1", 1, 0.83, 0.79, 1, 3 >,
 	< 2, "Workstation 2", 2, 0.87, 1.16, 1, 1 >,
 	< 3, "Workstation 3", 1, 0.95, 0.91, 1, 1 >,
 	< 4, "Workstation 4", 3, 0.96, 0.91, 1, 1 >,
 	< 5, "Workstation 5", 3, 0.76, 0.8, 1, 1 >,
 	< 6, "Workstation 6", 4, 1.02, 1.13, 1, 1 >,
 	< 7, "Workstation 7", 5, 0.76, 0.76, 1, 2 >,
 	< 8, "Workstation 8", 6, 0.96, 0.84, 1, 1 >,
 	< 9, "Workstation 9", 2, 0.79, 1.19, 1, 1 >,
 	< 10, "Workstation 10", 7, 0.96, 1.04, 1, 1 >,
 	< 11, "Workstation 11", 6, 0.95, 0.84, 1, 2 >,
 	< 12, "Workstation 12", 2, 1.2, 0.99, 1, 1 >,
 	< 13, "Workstation 13", 8, 1.23, 1.14, 1, 4 >,
 	< 14, "Workstation 14", 8, 0.85, 1.11, 1, 5 >,
 	< 15, "Workstation 15", 4, 0.79, 1.1, 1, 5 >,
 	< 16, "Workstation 16", 9, 1.02, 0.78, 1, 1 >,
 	< 17, "Workstation 17", 0, 0.89, 1.14, 1, 1 >,
 	< 18, "Workstation 18", 9, 0.94, 1.14, 1, 5 >,
 	< 19, "Workstation 19", 7, 0.83, 0.84, 1, 1 >,
 	< 20, "Workstation 20", 3, 0.94, 1.01, 1, 4 >,
 	< 21, "Workstation 21", 7, 1.21, 1.1, 1, 1 >,
 	< 22, "Workstation 22", 1, 0.93, 1.13, 1, 5 >,
 	< 23, "Workstation 23", 9, 0.97, 0.78, 1, 1 >,
 	< 24, "Workstation 24", 5, 1.05, 0.87, 1, 3 >,
 	< 25, "Workstation 25", 8, 0.96, 0.79, 1, 3 >,
 	< 26, "Workstation 26", 5, 1.09, 0.88, 1, 1 >,
 	< 27, "Workstation 27", 0, 1, 0.81, 1, 1 >,
 	< 28, "Workstation 28", 6, 0.95, 0.81, 1, 1 >,
 	< 29, "Workstation 29", 4, 1.15, 1.05, 1, 1 >
 };

 tasks = {
 	// order 0
 	< 0, 0, 4, 0, 48, 170, 1, -1 >,
 	< 1, 0, 3, 0, 0, 100, 6, 0 >,
 	< 2, 0, 8, 69, 0, 106, 3, 1 >,
 	< 3, 0, 1, 78, 0, 150, 5, 2 >,
 	< 4, 0, 10, 73, 87, 171, 0, 3 >,
 	< 5, 0, 4, 0, 37, 174, 4, 4 >,
 	< 6, 0, 7, 0, 0, 159, 9, 5 >,
 	< 7, 0, 10, 0, 0, 146, 8, 6 >,
 	< 8, 0, 2, 49, 0, 178, 2, 7 >,
 	< 9, 0, 8, 0, 49, 115, 7, 8 >,
 	< 10, 0, 2, 41, 0, 192, 1, 9 >,
 	< 11, 0, 2, 0, 48, 100, 6, 10 >,
 	// order 1
 	< 12, 1, 6, 0, 0, 132, 3, -1 >,
 	< 13, 1, 4, 0, 0, 121, 5, 12 >,
 	< 14, 1, 2, 38, 76, 123, 0, 13 >,
 	< 15, 1, 2, 79, 0, 184, 4, 14 >,
 	< 16, 1, 1, 41, 0, 194, 9, 15 >,
 	< 17, 1, 8, 0, 52, 147, 8, 16 >,
 	< 18, 1, 4, 0, 0, 183, 2, 17 >,
 	< 19, 1, 1, 86, 97, 180, 7, 18 >,
 	< 20, 1, 6, 99, 0, 174, 1, 19 >,
 	< 21, 1, 1, 0, 0, 194, 6, 20 >,
 	< 22, 1, 3, 0, 0, 168, 3, 21 >,
 	< 23, 1, 10, 0, 0, 139, 5, 22 >,
 	// order 2
 	< 24, 2, 3, 0, 42, 170, 0, -1 >,
 	< 25, 2, 8, 86, 0, 193, 4, 24 >,
 	< 26, 2, 2, 52, 0, 126, 9, 25 >,
 	< 27, 2, 8, 53, 0, 165, 8, 26 >,
 	< 28, 2, 8, 0, 70, 184, 2, 27 >,
 	< 29, 2, 7, 0, 0, 191, 7, 28 >,
 	< 30, 2, 8, 0, 80, 152, 1, 29 >,
 	< 31, 2, 6, 0, 0, 163, 6, 30 >,
 	< 32, 2, 9, 46, 76, 110, 3, 31 >,
 	< 33, 2, 1, 73, 91, 168, 5, 32 >,
 	< 34, 2, 1, 83, 75, 193, 0, 33 >,
 	< 35, 2, 4, 0, 0, 105, 4, 34 >,
 	// order 3
 	< 36, 3, 7, 0, 52, 164, 9, -1 >,
 	< 37, 3, 6, 87, 100, 136, 8, 36 >,
 	< 38, 3, 1, 65, 0, 112, 2, 37 >,
 	< 39, 3, 7, 68, 0, 103, 7, 38 >,
 	< 40, 3, 3, 0, 0, 176, 1, 39 >,
 	< 41, 3, 8, 99, 72, 192, 6, 40 >,
 	< 42, 3, 4, 0, 50, 183, 3, 41 >,
 	< 43, 3, 8, 0, 0, 152, 5, 42 >,
 	< 44, 3, 9, 35, 52, 199, 0, 43 >,
 	< 45, 3, 1, 0, 0, 152, 4, 44 >,
 	< 46, 3, 3, 62, 0, 101, 9, 45 >,
 	< 47, 3, 5, 77, 96, 159, 8, 46 >,
 	// order 4
 	< 48, 4, 9, 44, 0, 198, 2, -1 >,
 	< 49, 4, 8, 45, 57, 135, 7, 48 >,
 	< 50, 4, 4, 0, 0, 123, 1, 49 >,
 	< 51, 4, 2, 94, 76, 167, 6, 50 >,
 	< 52, 4, 7, 0, 0, 137, 3, 51 >,
 	< 53, 4, 10, 0, 92, 188, 5, 52 >,
 	< 54, 4, 1, 68, 31, 188, 0, 53 >,
 	< 55, 4, 9, 53, 0, 129, 4, 54 >,
 	< 56, 4, 1, 39, 45, 144, 9, 55 >,
 	< 57, 4, 1, 47, 0, 176, 8, 56 >,
 	< 58, 4, 8, 0, 45, 157, 2, 57 >,
 	< 59, 4, 9, 34, 31, 134, 7, 58 >,
 	// order 5
 	< 60, 5, 8, 0, 86, 109, 1, -1 >,
 	< 61, 5, 2, 0, 0, 178, 6, 60 >,
 	< 62, 5, 6, 55, 95, 122, 3, 61 >,
 	< 63, 5, 5, 0, 0, 100, 5, 62 >,
 	< 64, 5, 10, 66, 0, 200, 0, 63 >,
 	< 65, 5, 3, 87, 0, 104, 4, 64 >,
 	< 66, 5, 1, 0, 48, 170, 9, 65 >,
 	< 67, 5, 1, 52, 0, 135, 8, 66 >,
 	< 68, 5, 9, 0, 71, 119, 2, 67 >,
 	< 69, 5, 3, 50, 0, 134, 7, 68 >,
 	< 70, 5, 4, 70, 35, 170, 1, 69 >,
 	< 71, 5, 2, 0, 67, 109, 6, 70 >,
 	// order 6
 	< 72, 6, 4, 0, 0, 168, 3, -1 >,
 	< 73, 6, 3, 36, 94, 141, 5, 72 >,
 	< 74, 6, 2, 39, 0, 153, 0, 73 >,
 	< 75, 6, 7, 38, 54, 171, 4, 74 >,
 	< 76, 6, 6, 77, 79, 188, 9, 75 >,
 	< 77, 6, 2, 88, 81, 190, 8, 76 >,
 	< 78, 6, 3, 55, 93, 191, 2, 77 >,
 	< 79, 6, 3, 55, 0, 194, 7, 78 >,
 	< 80, 6, 3, 61, 68, 102, 1, 79 >,
 	< 81, 6, 3, 90, 0, 138, 6, 80 >,
 	< 82, 6, 9, 0, 40, 159, 3, 81 >,
 	< 83, 6, 1, 97, 0, 160, 5, 82 >,
 	// order 7
 	< 84, 7, 5, 91, 41, 195, 0, -1 >,
 	< 85, 7, 1, 0, 0, 152, 4, 84 >,
 	< 86, 7, 4, 0, 0, 147, 9, 85 >,
 	< 87, 7, 7, 0, 0, 165, 8, 86 >,
 	< 88, 7, 10, 95, 80, 188, 2, 87 >,
 	< 89, 7, 7, 0, 0, 176, 7, 88 >,
 	< 90, 7, 4, 0, 59, 129, 1, 89 >,
 	< 91, 7, 4, 31, 97, 137, 6, 90 >,
 	< 92, 7, 1, 0, 59, 167, 3, 91 >,
 	< 93, 7, 1, 36, 0, 145, 5, 92 >,
 	< 94, 7, 4, 48, 66, 167, 0, 93 >,
 	< 95, 7, 6, 0, 95, 191, 4, 94 >,
 	// order 8
 	< 96, 8, 8, 0, 46, 160, 9, -1 >,
 	< 97, 8, 10, 78, 78, 168, 8, 96 >,
 	< 98, 8, 4, 0, 55, 125, 2, 97 >,
 	< 99, 8, 5, 0, 30, 117, 7, 98 >,
 	< 100, 8, 1, 0, 61, 166, 1, 99 >,
 	< 101, 8, 5, 77, 0, 190, 6, 100 >,
 	< 102, 8, 6, 0, 0, 129, 3, 101 >,
 	< 103, 8, 10, 42, 0, 109, 5, 102 >,
 	< 104, 8, 9, 0, 0, 177, 0, 103 >,
 	< 105, 8, 7, 0, 35, 115, 4, 104 >,
 	< 106, 8, 5, 0, 0, 115, 9, 105 >,
 	< 107, 8, 10, 80, 95, 180, 8, 106 >,
 	// order 9
 	< 108, 9, 10, 35, 0, 148, 2, -1 >,
 	< 109, 9, 8, 0, 0, 181, 7, 108 >,
 	< 110, 9, 7, 0, 0, 128, 1, 109 >,
 	< 111, 9, 10, 42, 78, 154, 6, 110 >,
 	< 112, 9, 4, 0, 55, 163, 3, 111 >,
 	< 113, 9, 3, 0, 60, 112, 5, 112 >,
 	< 114, 9, 8, 98, 57, 112, 0, 113 >,
 	< 115, 9, 6, 58, 99, 155, 4, 114 >,
 	< 116, 9, 1, 0, 0, 173, 9, 115 >,
 	< 117, 9, 10, 37, 0, 173, 8, 116 >,
 	< 118, 9, 10, 0, 0, 159, 2, 117 >,
 	< 119, 9, 8, 0, 0, 144, 7, 118 >,
 	// order 10
 	< 120, 10, 8, 0, 77, 122, 1, -1 >,
 	< 121, 10, 1, 0, 0, 164, 6, 120 >,
 	< 122, 10, 9, 40, 0, 136, 3, 121 >,
 	< 123, 10, 8, 85, 0, 151, 5, 122 >,
 	< 124, 10, 10, 53, 0, 172, 0, 123 >,
 	< 125, 10, 1, 0, 70, 152, 4, 124 >,
 	< 126, 10, 3, 91, 0, 131, 9, 125 >,
 	< 127, 10, 7, 30, 88, 108, 8, 126 >,
 	< 128, 10, 5, 0, 0, 192, 2, 127 >,
 	< 129, 10, 3, 0, 0, 161, 7, 128 >,
 	< 130, 10, 3, 87, 82, 123, 1, 129 >,
 	< 131, 10, 6, 0, 0, 126, 6, 130 >,
 	// order 11
 	< 132, 11, 7, 53, 0, 194, 3, -1 >,
 	< 133, 11, 4, 0, 78, 111, 5, 132 >,
 	< 134, 11, 7, 0, 94, 117, 0, 133 >,
 	< 135, 11, 5, 0, 33, 141, 4, 134 >,
 	< 136, 11, 5, 36, 0, 133, 9, 135 >,
 	< 137, 11, 7, 0, 38, 123, 8, 136 >,
 	< 138, 11, 8, 0, 83, 120, 2, 137 >,
 	< 139, 11, 10, 100, 0, 192, 7, 138 >,
 	< 140, 11, 7, 0, 43, 192, 1, 139 >,
 	< 141, 11, 1, 0, 70, 131, 6, 140 >,
 	< 142, 11, 8, 55, 86, 195, 3, 141 >,
 	< 143, 11, 8, 0, 0, 129, 5, 142 >,
 	// order 12
 	< 144, 12, 10, 0, 61, 135, 0, -1 >,
 	< 145, 12, 5, 86, 42, 167, 4, 144 >,
 	< 146, 12, 5, 0, 0, 175, 9, 145 >,
 	< 147, 12, 3, 0, 45, 132, 8, 146 >,
 	< 148, 12, 4, 53, 62, 185, 2, 147 >,
 	< 149, 12, 9, 98, 0, 125, 7, 148 >,
 	< 150, 12, 6, 33, 0, 132, 1, 149 >,
 	< 151, 12, 4, 0, 63, 132, 6, 150 >,
 	< 152, 12, 6, 0, 0, 165, 3, 151 >,
 	< 153, 12, 4, 46, 72, 182, 5, 152 >,
 	< 154, 12, 9, 86, 55, 100, 0, 153 >,
 	< 155, 12, 1, 65, 84, 184, 4, 154 >,
 	// order 13
 	< 156, 13, 5, 36, 47, 113, 9, -1 >,
 	< 157, 13, 5, 99, 0, 175, 8, 156 >,
 	< 158, 13, 1, 55, 41, 114, 2, 157 >,
 	< 159, 13, 3, 34, 0, 144, 7, 158 >,
 	< 160, 13, 5, 36, 0, 165, 1, 159 >,
 	< 161, 13, 4, 0, 0, 133, 6, 160 >,
 	< 162, 13, 10, 79, 62, 155, 3, 161 >,
 	< 163, 13, 8, 0, 0, 143, 5, 162 >,
 	< 164, 13, 8, 85, 0, 179, 0, 163 >,
 	< 165, 13, 2, 34, 89, 127, 4, 164 >,
 	< 166, 13, 9, 63, 67, 149, 9, 165 >,
 	< 167, 13, 6, 0, 0, 112, 8, 166 >,
 	// order 14
 	< 168, 14, 5, 82, 61, 107, 2, -1 >,
 	< 169, 14, 6, 0, 60, 187, 7, 168 >,
 	< 170, 14, 6, 71, 74, 140, 1, 169 >,
 	< 171, 14, 3, 76, 0, 144, 6, 170 >,
 	< 172, 14, 4, 0, 0, 187, 3, 171 >,
 	< 173, 14, 3, 96, 0, 121, 5, 172 >,
 	< 174, 14, 2, 51, 0, 103, 0, 173 >,
 	< 175, 14, 1, 0, 0, 111, 4, 174 >,
 	< 176, 14, 5, 49, 0, 141, 9, 175 >,
 	< 177, 14, 4, 0, 58, 190, 8, 176 >,
 	< 178, 14, 1, 0, 0, 184, 2, 177 >,
 	< 179, 14, 9, 0, 0, 168, 7, 178 >,
 	// order 15
 	< 180, 15, 8, 90, 69, 156, 1, -1 >,
 	< 181, 15, 3, 97, 0, 126, 6, 180 >,
 	< 182, 15, 6, 30, 83, 124, 3, 181 >,
 	< 183, 15, 7, 0, 76, 170, 5, 182 >,
 	< 184, 15, 9, 0, 0, 104, 0, 183 >,
 	< 185, 15, 10, 0, 85, 144, 4, 184 >,
 	< 186, 15, 3, 56, 83, 127, 9, 185 >,
 	< 187, 15, 6, 0, 44, 173, 8, 186 >,
 	< 188, 15, 4, 74, 52, 108, 2, 187 >,
 	< 189, 15, 3, 71, 0, 187, 7, 188 >,
 	< 190, 15, 6, 0, 0, 177, 1, 189 >,
 	< 191, 15, 6, 0, 71, 121, 6, 190 >,
 	// order 16
 	< 192, 16, 9, 0, 98, 101, 3, -1 >,
 	< 193, 16, 3, 0, 0, 149, 5, 192 >,
 	< 194, 16, 7, 61, 95, 131, 0, 193 >,
 	< 195, 16, 1, 68, 93, 175, 4, 194 >,
 	< 196, 16, 4, 0, 0, 142, 9, 195 >,
 	< 197, 16, 10, 0, 0, 200, 8, 196 >,
 	< 198, 16, 8, 0, 39, 199, 2, 197 >,
 	< 199, 16, 10, 0, 76, 182, 7, 198 >,
 	< 200, 16, 2, 34, 0, 193, 1, 199 >,
 	< 201, 16, 6, 0, 37, 180, 6, 200 >,
 	< 202, 16, 7, 93, 79, 146, 3, 201 >,
 	< 203, 16, 5, 76, 34, 187, 5, 202 >,
 	// order 17
 	< 204, 17, 10, 0, 66, 114, 0, -1 >,
 	< 205, 17, 4, 30, 0, 128, 4, 204 >,
 	< 206, 17, 1, 73, 0, 170, 9, 205 >,
 	< 207, 17, 3, 0, 100, 107, 8, 206 >,
 	< 208, 17, 3, 52, 47, 173, 2, 207 >,
 	< 209, 17, 5, 59, 0, 116, 7, 208 >,
 	< 210, 17, 2, 47, 90, 135, 1, 209 >,
 	< 211, 17, 5, 0, 0, 116, 6, 210 >,
 	< 212, 17, 1, 57, 41, 117, 3, 211 >,
 	< 213, 17, 5, 47, 96, 155, 5, 212 >,
 	< 214, 17, 10, 47, 83, 128, 0, 213 >,
 	< 215, 17, 5, 44, 89, 111, 4, 214 >,
 	// order 18
 	< 216, 18, 10, 56, 89, 190, 9, -1 >,
 	< 217, 18, 9, 0, 94, 115, 8, 216 >,
 	< 218, 18, 10, 47, 0, 156, 2, 217 >,
 	< 219, 18, 10, 42, 46, 156, 7, 218 >,
 	< 220, 18, 8, 63, 72, 112, 1, 219 >,
 	< 221, 18, 10, 0, 65, 188, 6, 220 >,
 	< 222, 18, 3, 43, 97, 193, 3, 221 >,
 	< 223, 18, 4, 73, 35, 147, 5, 222 >,
 	< 224, 18, 3, 66, 0, 187, 0, 223 >,
 	< 225, 18, 10, 0, 0, 129, 4, 224 >,
 	< 226, 18, 9, 0, 0, 175, 9, 225 >,
 	< 227, 18, 1, 51, 55, 162, 8, 226 >,
 	// order 19
 	< 228, 19, 10, 38, 62, 189, 2, -1 >,
 	< 229, 19, 8, 0, 88, 171, 7, 228 >,
 	< 230, 19, 7, 78, 0, 121, 1, 229 >,
 	< 231, 19, 1, 0, 37, 134, 6, 230 >,
 	< 232, 19, 6, 0, 58, 139, 3, 231 >,
 	< 233, 19, 10, 0, 33, 105, 5, 232 >,
 	< 234, 19, 2, 0, 0, 112, 0, 233 >,
 	< 235, 19, 9, 0, 0, 104, 4, 234 >,
 	< 236, 19, 4, 0, 73, 159, 9, 235 >,
 	< 237, 19, 6, 0, 67, 159, 8, 236 >,
 	< 238, 19, 9, 44, 47, 128, 2, 237 >,
 	< 239, 19, 5, 67, 0, 107, 7, 238 >,
 	// order 20
 	< 240, 20, 10, 37, 84, 160, 1, -1 >,
 	< 241, 20, 4, 69, 0, 107, 6, 240 >,
 	< 242, 20, 7, 0, 30, 144, 3, 241 >,
 	< 243, 20, 10, 30, 0, 189, 5, 242 >,
 	< 244, 20, 5, 0, 0, 117, 0, 243 >,
 	< 245, 20, 9, 0, 0, 178, 4, 244 >,
 	< 246, 20, 7, 0, 34, 198, 9, 245 >,
 	< 247, 20, 4, 0, 88, 182, 8, 246 >,
 	< 248, 20, 10, 78, 48, 176, 2, 247 >,
 	< 249, 20, 2, 0, 0, 125, 7, 248 >,
 	< 250, 20, 9, 33, 39, 118, 1, 249 >,
 	< 251, 20, 5, 0, 0, 162, 6, 250 >,
 	// order 21
 	< 252, 21, 10, 0, 0, 104, 3, -1 >,
 	< 253, 21, 9, 0, 0, 163, 5, 252 >,
 	< 254, 21, 1, 0, 75, 107, 0, 253 >,
 	< 255, 21, 7, 0, 0, 120, 4, 254 >,
 	< 256, 21, 5, 0, 0, 199, 9, 255 >,
 	< 257, 21, 7, 0, 96, 117, 8, 256 >,
 	< 258, 21, 3, 0, 86, 191, 2, 257 >,
 	< 259, 21, 2, 45, 79, 157, 7, 258 >,
 	< 260, 21, 7, 0, 0, 130, 1, 259 >,
 	< 261, 21, 6, 0, 75, 120, 6, 260 >,
 	< 262, 21, 5, 0, 95, 199, 3, 261 >,
 	< 263, 21, 1, 0, 74, 124, 5, 262 >,
 	// order 22
 	< 264, 22, 2, 38, 89, 137, 0, -1 >,
 	< 265, 22, 8, 0, 0, 146, 4, 264 >,
 	< 266, 22, 9, 86, 0, 164, 9, 265 >,
 	< 267, 22, 6, 0, 0, 101, 8, 266 >,
 	< 268, 22, 5, 38, 0, 173, 2, 267 >,
 	< 269, 22, 8, 70, 0, 181, 7, 268 >,
 	< 270, 22, 9, 0, 0, 159, 1, 269 >,
 	< 271, 22, 7, 0, 66, 142, 6, 270 >,
 	< 272, 22, 4, 90, 77, 118, 3, 271 >,
 	< 273, 22, 4, 70, 0, 129, 5, 272 >,
 	< 274, 22, 5, 32, 43, 166, 0, 273 >,
 	< 275, 22, 1, 0, 0, 197, 4, 274 >,
 	// order 23
 	< 276, 23, 10, 79, 0, 145, 9, -1 >,
 	< 277, 23, 4, 49, 0, 183, 8, 276 >,
 	< 278, 23, 7, 0, 76, 107, 2, 277 >,
 	< 279, 23, 6, 62, 56, 114, 7, 278 >,
 	< 280, 23, 3, 0, 57, 117, 1, 279 >,
 	< 281, 23, 1, 0, 0, 200, 6, 280 >,
 	< 282, 23, 5, 0, 0, 145, 3, 281 >,
 	< 283, 23, 4, 0, 0, 134, 5, 282 >,
 	< 284, 23, 3, 70, 0, 142, 0, 283 >,
 	< 285, 23, 4, 56, 56, 161, 4, 284 >,
 	< 286, 23, 6, 74, 30, 183, 9, 285 >,
 	< 287, 23, 7, 0, 36, 128, 8, 286 >,
 	// order 24
 	< 288, 24, 3, 0, 41, 141, 2, -1 >,
 	< 289, 24, 2, 62, 0, 193, 7, 288 >,
 	< 290, 24, 5, 0, 0, 109, 1, 289 >,
 	< 291, 24, 9, 91, 0, 108, 6, 290 >,
 	< 292, 24, 1, 0, 85, 180, 3, 291 >,
 	< 293, 24, 2, 94, 0, 163, 5, 292 >,
 	< 294, 24, 7, 42, 0, 194, 0, 293 >,
 	< 295, 24, 6, 0, 0, 126, 4, 294 >,
 	< 296, 24, 10, 0, 0, 131, 9, 295 >,
 	< 297, 24, 1, 41, 0, 138, 8, 296 >,
 	< 298, 24, 5, 0, 88, 137, 2, 297 >,
 	< 299, 24, 9, 0, 70, 160, 7, 298 >,
 	// order 25
 	< 300, 25, 1, 0, 48, 178, 1, -1 >,
 	< 301, 25, 9, 43, 0, 118, 6, 300 >,
 	< 302, 25, 3, 73, 0, 160, 3, 301 >,
 	< 303, 25, 1, 69, 0, 162, 5, 302 >,
 	< 304, 25, 2, 76, 0, 144, 0, 303 >,
 	< 305, 25, 10, 91, 0, 128, 4, 304 >,
 	< 306, 25, 2, 0, 71, 135, 9, 305 >,
 	< 307, 25, 3, 0, 0, 168, 8, 306 >,
 	< 308, 25, 5, 0, 0, 191, 2, 307 >,
 	< 309, 25, 3, 0, 71, 159, 7, 308 >,
 	< 310, 25, 3, 0, 0, 153, 1, 309 >,
 	< 311, 25, 9, 65, 0, 140, 6, 310 >,
 	// order 26
 	< 312, 26, 3, 90, 0, 174, 3, -1 >,
 	< 313, 26, 9, 31, 0, 159, 5, 312 >,
 	< 314, 26, 1, 0, 0, 175, 0, 313 >,
 	< 315, 26, 5, 73, 0, 161, 4, 314 >,
 	< 316, 26, 8, 0, 0, 152, 9, 315 >,
 	< 317, 26, 4, 0, 35, 101, 8, 316 >,
 	< 318, 26, 7, 0, 0, 108, 2, 317 >,
 	< 319, 26, 10, 38, 0, 184, 7, 318 >,
 	< 320, 26, 3, 77, 47, 185, 1, 319 >,
 	< 321, 26, 4, 67, 68, 182, 6, 320 >,
 	< 322, 26, 7, 0, 93, 172, 3, 321 >,
 	< 323, 26, 1, 51, 0, 117, 5, 322 >,
 	// order 27
 	< 324, 27, 1, 98, 0, 200, 0, -1 >,
 	< 325, 27, 6, 40, 74, 108, 4, 324 >,
 	< 326, 27, 1, 0, 0, 194, 9, 325 >,
 	< 327, 27, 8, 0, 0, 118, 8, 326 >,
 	< 328, 27, 8, 87, 44, 199, 2, 327 >,
 	< 329, 27, 1, 0, 0, 119, 7, 328 >,
 	< 330, 27, 9, 0, 0, 134, 1, 329 >,
 	< 331, 27, 1, 96, 92, 185, 6, 330 >,
 	< 332, 27, 8, 57, 0, 192, 3, 331 >,
 	< 333, 27, 8, 90, 0, 196, 5, 332 >,
 	< 334, 27, 10, 59, 0, 171, 0, 333 >,
 	< 335, 27, 7, 0, 0, 176, 4, 334 >,
 	// order 28
 	< 336, 28, 4, 56, 97, 176, 9, -1 >,
 	< 337, 28, 4, 0, 47, 173, 8, 336 >,
 	< 338, 28, 1, 48, 60, 117, 2, 337 >,
 	< 339, 28, 2, 73, 0, 137, 7, 338 >,
 	< 340, 28, 3, 47, 0, 194, 1, 339 >,
 	< 341, 28, 9, 74, 0, 139, 6, 340 >,
 	< 342, 28, 8, 0, 0, 192, 3, 341 >,
 	< 343, 28, 4, 60, 66, 172, 5, 342 >,
 	< 344, 28, 10, 79, 37, 161, 0, 343 >,
 	< 345, 28, 8, 68, 81, 160, 4, 344 >,
 	< 346, 28, 4, 0, 73, 150, 9, 345 >,
 	< 347, 28, 7, 70, 0, 107, 8, 346 >,
 	// order 29
 	< 348, 29, 9, 0, 0, 160, 2, -1 >,
 	< 349, 29, 8, 33, 0, 169, 7, 348 >,
 	< 350, 29, 1, 0, 62, 161, 1, 349 >,
 	< 351, 29, 1, 0, 0, 132, 6, 350 >,
 	< 352, 29, 1, 0, 0, 189, 3, 351 >,
 	< 353, 29, 7, 0, 63, 118, 5, 352 >,
 	< 354, 29, 8, 0, 79, 195, 0, 353 >,
 	< 355, 29, 7, 85, 0, 167, 4, 354 >,
 	< 356, 29, 6, 34, 47, 186, 9, 355 >,
 	< 357, 29, 7, 70, 38, 155, 8, 356 >,
 	< 358, 29, 3, 65, 89, 199, 2, 357 >,
 	< 359, 29, 10, 41, 50, 153, 7, 358 >,
 	// order 30
 	< 360, 30, 3, 97, 0, 115, 1, -1 >,
 	< 361, 30, 2, 89, 74, 164, 6, 360 >,
 	< 362, 30, 5, 72, 32, 197, 3, 361 >,
 	< 363, 30, 7, 0, 34, 122, 5, 362 >,
 	< 364, 30, 2, 0, 0, 141, 0, 363 >,
 	< 365, 30, 9, 89, 66, 183, 4, 364 >,
 	< 366, 30, 6, 56, 0, 191, 9, 365 >,
 	< 367, 30, 4, 0, 0, 195, 8, 366 >,
 	< 368, 30, 3, 70, 31, 155, 2, 367 >,
 	< 369, 30, 3, 0, 81, 154, 7, 368 >,
 	< 370, 30, 4, 0, 0, 106, 1, 369 >,
 	< 371, 30, 8, 40, 50, 175, 6, 370 >,
 	// order 31
 	< 372, 31, 10, 0, 0, 182, 3, -1 >,
 	< 373, 31, 10, 0, 0, 153, 5, 372 >,
 	< 374, 31, 2, 49, 99, 177, 0, 373 >,
 	< 375, 31, 4, 51, 0, 186, 4, 374 >,
 	< 376, 31, 6, 95, 98, 149, 9, 375 >,
 	< 377, 31, 2, 0, 0, 159, 8, 376 >,
 	< 378, 31, 2, 0, 41, 119, 2, 377 >,
 	< 379, 31, 3, 62, 0, 108, 7, 378 >,
 	< 380, 31, 2, 72, 38, 127, 1, 379 >,
 	< 381, 31, 5, 0, 78, 113, 6, 380 >,
 	< 382, 31, 5, 92, 31, 106, 3, 381 >,
 	< 383, 31, 1, 0, 0, 176, 5, 382 >,
 	// order 32
 	< 384, 32, 4, 96, 58, 166, 0, -1 >,
 	< 385, 32, 8, 63, 40, 122, 4, 384 >,
 	< 386, 32, 1, 71, 0, 114, 9, 385 >,
 	< 387, 32, 9, 32, 55, 162, 8, 386 >,
 	< 388, 32, 5, 46, 61, 118, 2, 387 >,
 	< 389, 32, 3, 51, 53, 172, 7, 388 >,
 	< 390, 32, 1, 87, 73, 174, 1, 389 >,
 	< 391, 32, 7, 0, 0, 200, 6, 390 >,
 	< 392, 32, 3, 38, 0, 189, 3, 391 >,
 	< 393, 32, 10, 0, 0, 130, 5, 392 >,
 	< 394, 32, 10, 0, 0, 149, 0, 393 >,
 	< 395, 32, 3, 0, 49, 161, 4, 394 >,
 	// order 33
 	< 396, 33, 3, 89, 0, 176, 9, -1 >,
 	< 397, 33, 1, 63, 0, 112, 8, 396 >,
 	< 398, 33, 1, 0, 0, 114, 2, 397 >,
 	< 399, 33, 5, 0, 0, 134, 7, 398 >,
 	< 400, 33, 7, 0, 0, 130, 1, 399 >,
 	< 401, 33, 6, 61, 0, 170, 6, 400 >,
 	< 402, 33, 8, 0, 69, 168, 3, 401 >,
 	< 403, 33, 5, 0, 53, 115, 5, 402 >,
 	< 404, 33, 8, 0, 0, 162, 0, 403 >,
 	< 405, 33, 5, 37, 0, 200, 4, 404 >,
 	< 406, 33, 9, 89, 0, 179, 9, 405 >,
 	< 407, 33, 9, 0, 52, 195, 8, 406 >,
 	// order 34
 	< 408, 34, 3, 31, 0, 134, 2, -1 >,
 	< 409, 34, 8, 0, 70, 139, 7, 408 >,
 	< 410, 34, 9, 0, 0, 115, 1, 409 >,
 	< 411, 34, 4, 45, 78, 189, 6, 410 >,
 	< 412, 34, 8, 0, 0, 145, 3, 411 >,
 	< 413, 34, 6, 95, 0, 174, 5, 412 >,
 	< 414, 34, 8, 0, 79, 102, 0, 413 >,
 	< 415, 34, 1, 0, 81, 174, 4, 414 >,
 	< 416, 34, 9, 0, 67, 100, 9, 415 >,
 	< 417, 34, 2, 79, 80, 105, 8, 416 >,
 	< 418, 34, 7, 48, 0, 122, 2, 417 >,
 	< 419, 34, 9, 70, 66, 185, 7, 418 >,
 	// order 35
 	< 420, 35, 2, 0, 32, 132, 1, -1 >,
 	< 421, 35, 5, 0, 0, 115, 6, 420 >,
 	< 422, 35, 1, 0, 89, 177, 3, 421 >,
 	< 423, 35, 10, 61, 0, 191, 5, 422 >,
 	< 424, 35, 2, 0, 0, 169, 0, 423 >,
 	< 425, 35, 2, 47, 0, 180, 4, 424 >,
 	< 426, 35, 2, 40, 45, 100, 9, 425 >,
 	< 427, 35, 10, 79, 90, 117, 8, 426 >,
 	< 428, 35, 6, 70, 0, 111, 2, 427 >,
 	< 429, 35, 1, 0, 49, 199, 7, 428 >,
 	< 430, 35, 2, 0, 58, 161, 1, 429 >,
 	< 431, 35, 8, 0, 65, 107, 6, 430 >,
 	// order 36
 	< 432, 36, 3, 0, 68, 188, 3, -1 >,
 	< 433, 36, 7, 89, 47, 119, 5, 432 >,
 	< 434, 36, 5, 0, 70, 168, 0, 433 >,
 	< 435, 36, 9, 31, 87, 160, 4, 434 >,
 	< 436, 36, 6, 0, 90, 192, 9, 435 >,
 	< 437, 36, 9, 0, 0, 132, 8, 436 >,
 	< 438, 36, 10, 0, 98, 119, 2, 437 >,
 	< 439, 36, 7, 0, 0, 149, 7, 438 >,
 	< 440, 36, 5, 90, 0, 180, 1, 439 >,
 	< 441, 36, 7, 45, 95, 186, 6, 440 >,
 	< 442, 36, 8, 100, 0, 160, 3, 441 >,
 	< 443, 36, 9, 32, 0, 170, 5, 442 >,
 	// order 37
 	< 444, 37, 8, 0, 95, 121, 0, -1 >,
 	< 445, 37, 1, 85, 0, 105, 4, 444 >,
 	< 446, 37, 9, 67, 0, 121, 9, 445 >,
 	< 447, 37, 8, 57, 99, 171, 8, 446 >,
 	< 448, 37, 1, 0, 0, 160, 2, 447 >,
 	< 449, 37, 3, 0, 55, 136, 7, 448 >,
 	< 450, 37, 9, 38, 82, 116, 1, 449 >,
 	< 451, 37, 3, 0, 73, 121, 6, 450 >,
 	< 452, 37, 5, 0, 30, 122, 3, 451 >,
 	< 453, 37, 2, 32, 53, 136, 5, 452 >,
 	< 454, 37, 2, 0, 81, 197, 0, 453 >,
 	< 455, 37, 2, 0, 67, 112, 4, 454 >,
 	// order 38
 	< 456, 38, 5, 0, 0, 185, 9, -1 >,
 	< 457, 38, 4, 50, 0, 145, 8, 456 >,
 	< 458, 38, 5, 49, 49, 156, 2, 457 >,
 	< 459, 38, 7, 0, 0, 110, 7, 458 >,
 	< 460, 38, 6, 0, 32, 152, 1, 459 >,
 	< 461, 38, 9, 0, 30, 120, 6, 460 >,
 	< 462, 38, 2, 76, 0, 108, 3, 461 >,
 	< 463, 38, 1, 0, 41, 184, 5, 462 >,
 	< 464, 38, 5, 100, 0, 192, 0, 463 >,
 	< 465, 38, 6, 49, 42, 136, 4, 464 >,
 	< 466, 38, 8, 88, 0, 165, 9, 465 >,
 	< 467, 38, 10, 77, 51, 193, 8, 466 >,
 	// order 39
 	< 468, 39, 3, 52, 40, 120, 2, -1 >,
 	< 469, 39, 7, 0, 0, 192, 7, 468 >,
 	< 470, 39, 3, 77, 64, 109, 1, 469 >,
 	< 471, 39, 2, 100, 35, 184, 6, 470 >,
 	< 472, 39, 9, 0, 89, 107, 3, 471 >,
 	< 473, 39, 5, 0, 0, 102, 5, 472 >,
 	< 474, 39, 2, 66, 0, 114, 0, 473 >,
 	< 475, 39, 1, 0, 0, 166, 4, 474 >,
 	< 476, 39, 6, 0, 0, 145, 9, 475 >,
 	< 477, 39, 6, 0, 0, 115, 8, 476 >,
 	< 478, 39, 2, 91, 100, 150, 2, 477 >,
 	< 479, 39, 9, 0, 0, 198, 7, 478 >,
 	// order 40
 	< 480, 40, 9, 0, 0, 124, 1, -1 >,
 	< 481, 40, 2, 93, 0, 100, 6, 480 >,
 	< 482, 40, 2, 0, 0, 100, 3, 481 >,
 	< 483, 40, 9, 53, 0, 162, 5, 482 >,
 	< 484, 40, 8, 0, 61, 168, 0, 483 >,
 	< 485, 40, 10, 0, 0, 158, 4, 484 >,
 	< 486, 40, 4, 0, 0, 167, 9, 485 >,
 	< 487, 40, 10, 0, 0, 148, 8, 486 >,
 	< 488, 40, 1, 54, 0, 136, 2, 487 >,
 	< 489, 40, 6, 57, 0, 169, 7, 488 >,
 	< 490, 40, 9, 32, 0, 166, 1, 489 >,
 	< 491, 40, 3, 0, 72, 119, 6, 490 >,
 	// order 41
 	< 492, 41, 4, 44, 92, 110, 3, -1 >,
 	< 493, 41, 6, 98, 0, 151, 5, 492 >,
 	< 494, 41, 3, 54, 0, 180, 0, 493 >,
 	< 495, 41, 9, 0, 0, 185, 4, 494 >,
 	< 496, 41, 3, 0, 46, 147, 9, 495 >,
 	< 497, 41, 5, 43, 82, 145, 8, 496 >,
 	< 498, 41, 4, 95, 0, 144, 2, 497 >,
 	< 499, 41, 4, 0, 0, 125, 7, 498 >,
 	< 500, 41, 10, 59, 42, 161, 1, 499 >,
 	< 501, 41, 10, 75, 61, 191, 6, 500 >,
 	< 502, 41, 3, 97, 0, 197, 3, 501 >,
 	< 503, 41, 10, 0, 0, 156, 5, 502 >,
 	// order 42
 	< 504, 42, 4, 0, 0, 102, 0, -1 >,
 	< 505, 42, 3, 98, 0, 105, 4, 504 >,
 	< 506, 42, 5, 0, 42, 187, 9, 505 >,
 	< 507, 42, 6, 39, 0, 186, 8, 506 >,
 	< 508, 42, 6, 69, 51, 154, 2, 507 >,
 	< 509, 42, 1, 98, 63, 135, 7, 508 >,
 	< 510, 42, 9, 79, 53, 119, 1, 509 >,
 	< 511, 42, 6, 97, 62, 158, 6, 510 >,
 	< 512, 42, 4, 30, 0, 189, 3, 511 >,
 	< 513, 42, 4, 88, 75, 193, 5, 512 >,
 	< 514, 42, 7, 79, 64, 112, 0, 513 >,
 	< 515, 42, 9, 60, 38, 159, 4, 514 >,
 	// order 43
 	< 516, 43, 10, 0, 0, 124, 9, -1 >,
 	< 517, 43, 5, 36, 67, 141, 8, 516 >,
 	< 518, 43, 10, 0, 0, 154, 2, 517 >,
 	< 519, 43, 1, 71, 0, 164, 7, 518 >,
 	< 520, 43, 5, 0, 0, 100, 1, 519 >,
 	< 521, 43, 8, 48, 0, 184, 6, 520 >,
 	< 522, 43, 1, 31, 49, 137, 3, 521 >,
 	< 523, 43, 1, 73, 0, 124, 5, 522 >,
 	< 524, 43, 2, 81, 0, 128, 0, 523 >,
 	< 525, 43, 9, 0, 96, 108, 4, 524 >,
 	< 526, 43, 10, 0, 0, 195, 9, 525 >,
 	< 527, 43, 7, 0, 63, 150, 8, 526 >,
 	// order 44
 	< 528, 44, 7, 0, 48, 184, 2, -1 >,
 	< 529, 44, 6, 0, 99, 197, 7, 528 >,
 	< 530, 44, 5, 0, 0, 144, 1, 529 >,
 	< 531, 44, 9, 0, 67, 166, 6, 530 >,
 	< 532, 44, 8, 44, 35, 176, 3, 531 >,
 	< 533, 44, 2, 79, 0, 159, 5, 532 >,
 	< 534, 44, 1, 0, 0, 111, 0, 533 >,
 	< 535, 44, 6, 0, 70, 189, 4, 534 >,
 	< 536, 44, 9, 91, 0, 162, 9, 535 >,
 	< 537, 44, 5, 78, 62, 150, 8, 536 >,
 	< 538, 44, 1, 44, 70, 141, 2, 537 >,
 	< 539, 44, 6, 66, 98, 169, 7, 538 >,
 	// order 45
 	< 540, 45, 10, 0, 47, 141, 1, -1 >,
 	< 541, 45, 2, 86, 31, 164, 6, 540 >,
 	< 542, 45, 8, 34, 33, 159, 3, 541 >,
 	< 543, 45, 2, 0, 47, 156, 5, 542 >,
 	< 544, 45, 5, 0, 0, 132, 0, 543 >,
 	< 545, 45, 6, 0, 32, 106, 4, 544 >,
 	< 546, 45, 2, 44, 35, 169, 9, 545 >,
 	< 547, 45, 3, 0, 34, 166, 8, 546 >,
 	< 548, 45, 7, 0, 0, 142, 2, 547 >,
 	< 549, 45, 10, 78, 0, 195, 7, 548 >,
 	< 550, 45, 4, 0, 0, 144, 1, 549 >,
 	< 551, 45, 4, 81, 0, 108, 6, 550 >,
 	// order 46
 	< 552, 46, 7, 46, 98, 149, 3, -1 >,
 	< 553, 46, 9, 39, 56, 135, 5, 552 >,
 	< 554, 46, 10, 69, 95, 143, 0, 553 >,
 	< 555, 46, 1, 57, 0, 145, 4, 554 >,
 	< 556, 46, 2, 0, 89, 156, 9, 555 >,
 	< 557, 46, 8, 43, 30, 110, 8, 556 >,
 	< 558, 46, 9, 0, 0, 180, 2, 557 >,
 	< 559, 46, 1, 67, 0, 138, 7, 558 >,
 	< 560, 46, 1, 0, 56, 141, 1, 559 >,
 	< 561, 46, 8, 61, 0, 168, 6, 560 >,
 	< 562, 46, 7, 73, 0, 110, 3, 561 >,
 	< 563, 46, 8, 0, 53, 187, 5, 562 >,
 	// order 47
 	< 564, 47, 6, 0, 0, 135, 0, -1 >,
 	< 565, 47, 9, 0, 0, 116, 4, 564 >,
 	< 566, 47, 2, 0, 0, 105, 9, 565 >,
 	< 567, 47, 1, 59, 0, 149, 8, 566 >,
 	< 568, 47, 4, 0, 93, 110, 2, 567 >,
 	< 569, 47, 8, 0, 0, 141, 7, 568 >,
 	< 570, 47, 3, 52, 0, 185, 1, 569 >,
 	< 571, 47, 1, 0, 0, 180, 6, 570 >,
 	< 572, 47, 6, 47, 0, 138, 3, 571 >,
 	< 573, 47, 6, 52, 0, 132, 5, 572 >,
 	< 574, 47, 6, 98, 34, 125, 0, 573 >,
 	< 575, 47, 10, 0, 98, 147, 4, 574 >,
 	// order 48
 	< 576, 48, 8, 0, 63, 177, 9, -1 >,
 	< 577, 48, 4, 35, 0, 132, 8, 576 >,
 	< 578, 48, 9, 90, 57, 124, 2, 577 >,
 	< 579, 48, 9, 0, 0, 121, 7, 578 >,
 	< 580, 48, 8, 97, 86, 131, 1, 579 >,
 	< 581, 48, 1, 0, 96, 180, 6, 580 >,
 	< 582, 48, 7, 0, 0, 187, 3, 581 >,
 	< 583, 48, 6, 0, 0, 162, 5, 582 >,
 	< 584, 48, 2, 46, 30, 174, 0, 583 >,
 	< 585, 48, 10, 0, 0, 167, 4, 584 >,
 	< 586, 48, 1, 0, 0, 132, 9, 585 >,
 	< 587, 48, 8, 37, 0, 121, 8, 586 >,
 	// order 49
 	< 588, 49, 7, 0, 0, 158, 2, -1 >,
 	< 589, 49, 3, 67, 0, 118, 7, 588 >,
 	< 590, 49, 6, 90, 88, 141, 1, 589 >,
 	< 591, 49, 1, 0, 98, 196, 6, 590 >,
 	< 592, 49, 1, 44, 72, 179, 3, 591 >,
 	< 593, 49, 9, 52, 76, 176, 5, 592 >,
 	< 594, 49, 4, 0, 0, 116, 0, 593 >,
 	< 595, 49, 9, 0, 37, 148, 4, 594 >,
 	< 596, 49, 6, 72, 0, 183, 9, 595 >,
 	< 597, 49, 1, 0, 47, 140, 8, 596 >,
 	< 598, 49, 2, 0, 0, 117, 2, 597 >,
 	< 599, 49, 9, 0, 0, 199, 7, 598 >,
 	// order 50
 	< 600, 50, 5, 96, 63, 187, 1, -1 >,
 	< 601, 50, 3, 0, 63, 125, 6, 600 >,
 	< 602, 50, 3, 0, 91, 147, 3, 601 >,
 	< 603, 50, 6, 0, 90, 177, 5, 602 >,
 	< 604, 50, 8, 87, 0, 131, 0, 603 >,
 	< 605, 50, 6, 40, 67, 191, 4, 604 >,
 	< 606, 50, 5, 0, 0, 144, 9, 605 >,
 	< 607, 50, 6, 51, 91, 135, 8, 606 >,
 	< 608, 50, 2, 68, 0, 131, 2, 607 >,
 	< 609, 50, 6, 0, 77, 177, 7, 608 >,
 	< 610, 50, 7, 45, 100, 112, 1, 609 >,
 	< 611, 50, 9, 0, 0, 161, 6, 610 >,
 	// order 51
 	< 612, 51, 4, 0, 54, 171, 3, -1 >,
 	< 613, 51, 9, 0, 0, 192, 5, 612 >,
 	< 614, 51, 9, 92, 59, 164, 0, 613 >,
 	< 615, 51, 10, 0, 0, 200, 4, 614 >,
 	< 616, 51, 10, 0, 0, 120, 9, 615 >,
 	< 617, 51, 8, 0, 34, 171, 8, 616 >,
 	< 618, 51, 5, 0, 39, 139, 2, 617 >,
 	< 619, 51, 3, 0, 0, 179, 7, 618 >,
 	< 620, 51, 2, 0, 57, 185, 1, 619 >,
 	< 621, 51, 9, 30, 67, 180, 6, 620 >,
 	< 622, 51, 2, 0, 87, 116, 3, 621 >,
 	< 623, 51, 4, 0, 89, 120, 5, 622 >,
 	// order 52
 	< 624, 52, 1, 82, 0, 199, 0, -1 >,
 	< 625, 52, 5, 0, 64, 172, 4, 624 >,
 	< 626, 52, 4, 38, 0, 169, 9, 625 >,
 	< 627, 52, 5, 65, 59, 176, 8, 626 >,
 	< 628, 52, 5, 0, 0, 160, 2, 627 >,
 	< 629, 52, 4, 100, 33, 100, 7, 628 >,
 	< 630, 52, 2, 0, 38, 161, 1, 629 >,
 	< 631, 52, 8, 91, 0, 172, 6, 630 >,
 	< 632, 52, 4, 0, 58, 153, 3, 631 >,
 	< 633, 52, 10, 38, 81, 176, 5, 632 >,
 	< 634, 52, 4, 0, 0, 159, 0, 633 >,
 	< 635, 52, 3, 0, 74, 191, 4, 634 >,
 	// order 53
 	< 636, 53, 1, 61, 50, 136, 9, -1 >,
 	< 637, 53, 6, 35, 76, 164, 8, 636 >,
 	< 638, 53, 3, 57, 0, 163, 2, 637 >,
 	< 639, 53, 9, 0, 0, 181, 7, 638 >,
 	< 640, 53, 9, 0, 0, 124, 1, 639 >,
 	< 641, 53, 8, 40, 53, 132, 6, 640 >,
 	< 642, 53, 2, 0, 0, 164, 3, 641 >,
 	< 643, 53, 8, 37, 0, 117, 5, 642 >,
 	< 644, 53, 5, 33, 34, 112, 0, 643 >,
 	< 645, 53, 1, 34, 0, 164, 4, 644 >,
 	< 646, 53, 6, 47, 0, 120, 9, 645 >,
 	< 647, 53, 4, 0, 0, 152, 8, 646 >,
 	// order 54
 	< 648, 54, 6, 0, 0, 174, 2, -1 >,
 	< 649, 54, 4, 59, 33, 167, 7, 648 >,
 	< 650, 54, 4, 84, 96, 200, 1, 649 >,
 	< 651, 54, 9, 0, 0, 112, 6, 650 >,
 	< 652, 54, 7, 0, 0, 114, 3, 651 >,
 	< 653, 54, 7, 54, 53, 144, 5, 652 >,
 	< 654, 54, 4, 75, 73, 106, 0, 653 >,
 	< 655, 54, 4, 0, 67, 171, 4, 654 >,
 	< 656, 54, 3, 57, 0, 112, 9, 655 >,
 	< 657, 54, 9, 52, 0, 138, 8, 656 >,
 	< 658, 54, 1, 54, 66, 128, 2, 657 >,
 	< 659, 54, 3, 0, 43, 144, 7, 658 >,
 	// order 55
 	< 660, 55, 5, 52, 92, 118, 1, -1 >,
 	< 661, 55, 3, 73, 85, 173, 6, 660 >,
 	< 662, 55, 5, 0, 0, 171, 3, 661 >,
 	< 663, 55, 2, 95, 0, 166, 5, 662 >,
 	< 664, 55, 3, 0, 0, 186, 0, 663 >,
 	< 665, 55, 3, 36, 37, 127, 4, 664 >,
 	< 666, 55, 9, 0, 0, 179, 9, 665 >,
 	< 667, 55, 1, 0, 0, 123, 8, 666 >,
 	< 668, 55, 7, 61, 0, 187, 2, 667 >,
 	< 669, 55, 3, 0, 59, 113, 7, 668 >,
 	< 670, 55, 6, 0, 0, 174, 1, 669 >,
 	< 671, 55, 8, 47, 100, 181, 6, 670 >,
 	// order 56
 	< 672, 56, 6, 0, 0, 108, 3, -1 >,
 	< 673, 56, 6, 0, 57, 113, 5, 672 >,
 	< 674, 56, 7, 0, 87, 134, 0, 673 >,
 	< 675, 56, 3, 44, 43, 108, 4, 674 >,
 	< 676, 56, 8, 0, 0, 196, 9, 675 >,
 	< 677, 56, 3, 86, 0, 161, 8, 676 >,
 	< 678, 56, 5, 64, 0, 153, 2, 677 >,
 	< 679, 56, 7, 0, 0, 137, 7, 678 >,
 	< 680, 56, 10, 55, 87, 180, 1, 679 >,
 	< 681, 56, 9, 53, 0, 143, 6, 680 >,
 	< 682, 56, 9, 65, 0, 191, 3, 681 >,
 	< 683, 56, 1, 0, 0, 122, 5, 682 >,
 	// order 57
 	< 684, 57, 9, 61, 85, 165, 0, -1 >,
 	< 685, 57, 1, 70, 0, 171, 4, 684 >,
 	< 686, 57, 1, 0, 84, 156, 9, 685 >,
 	< 687, 57, 8, 68, 40, 126, 8, 686 >,
 	< 688, 57, 7, 81, 95, 103, 2, 687 >,
 	< 689, 57, 2, 0, 0, 138, 7, 688 >,
 	< 690, 57, 2, 0, 0, 142, 1, 689 >,
 	< 691, 57, 2, 99, 0, 171, 6, 690 >,
 	< 692, 57, 10, 0, 0, 142, 3, 691 >,
 	< 693, 57, 4, 0, 82, 182, 5, 692 >,
 	< 694, 57, 2, 0, 67, 107, 0, 693 >,
 	< 695, 57, 7, 84, 32, 173, 4, 694 >,
 	// order 58
 	< 696, 58, 1, 58, 53, 197, 9, -1 >,
 	< 697, 58, 3, 0, 0, 137, 8, 696 >,
 	< 698, 58, 1, 57, 42, 189, 2, 697 >,
 	< 699, 58, 6, 0, 0, 131, 7, 698 >,
 	< 700, 58, 2, 0, 0, 200, 1, 699 >,
 	< 701, 58, 4, 72, 0, 188, 6, 700 >,
 	< 702, 58, 6, 0, 96, 143, 3, 701 >,
 	< 703, 58, 7, 0, 46, 109, 5, 702 >,
 	< 704, 58, 4, 0, 0, 139, 0, 703 >,
 	< 705, 58, 5, 0, 0, 133, 4, 704 >,
 	< 706, 58, 7, 81, 0, 151, 9, 705 >,
 	< 707, 58, 7, 68, 59, 141, 8, 706 >,
 	// order 59
 	< 708, 59, 6, 55, 0, 148, 2, -1 >,
 	< 709, 59, 9, 63, 0, 195, 7, 708 >,
 	< 710, 59, 2, 95, 0, 115, 1, 709 >,
 	< 711, 59, 1, 0, 93, 186, 6, 710 >,
 	< 712, 59, 10, 0, 0, 192, 3, 711 >,
 	< 713, 59, 3, 0, 0, 191, 5, 712 >,
 	< 714, 59, 1, 0, 93, 185, 0, 713 >,
 	< 715, 59, 6, 61, 0, 103, 4, 714 >,
 	< 716, 59, 10, 64, 35, 138, 9, 715 >,
 	< 717, 59, 6, 87, 0, 136, 8, 716 >,
 	< 718, 59, 7, 82, 69, 150, 2, 717 >,
 	< 719, 59, 4, 0, 0, 194, 7, 718 >,
 	// order 60
 	< 720, 60, 4, 33, 0, 184, 1, -1 >,
 	< 721, 60, 1, 0, 0, 135, 6, 720 >,
 	< 722, 60, 7, 100, 0, 190, 3, 721 >,
 	< 723, 60, 4, 0, 0, 110, 5, 722 >,
 	< 724, 60, 10, 0, 0, 134, 0, 723 >,
 	< 725, 60, 2, 58, 40, 104, 4, 724 >,
 	< 726, 60, 3, 0, 0, 112, 9, 725 >,
 	< 727, 60, 6, 0, 91, 144, 8, 726 >,
 	< 728, 60, 2, 0, 0, 122, 2, 727 >,
 	< 729, 60, 10, 0, 0, 164, 7, 728 >,
 	< 730, 60, 7, 0, 66, 118, 1, 729 >,
 	< 731, 60, 2, 0, 0, 102, 6, 730 >,
 	// order 61
 	< 732, 61, 8, 68, 0, 104, 3, -1 >,
 	< 733, 61, 2, 47, 50, 123, 5, 732 >,
 	< 734, 61, 6, 0, 0, 131, 0, 733 >,
 	< 735, 61, 5, 40, 74, 120, 4, 734 >,
 	< 736, 61, 3, 83, 85, 115, 9, 735 >,
 	< 737, 61, 3, 37, 42, 176, 8, 736 >,
 	< 738, 61, 6, 0, 53, 196, 2, 737 >,
 	< 739, 61, 2, 0, 0, 198, 7, 738 >,
 	< 740, 61, 2, 0, 0, 104, 1, 739 >,
 	< 741, 61, 3, 0, 33, 126, 6, 740 >,
 	< 742, 61, 1, 0, 88, 143, 3, 741 >,
 	< 743, 61, 1, 71, 0, 103, 5, 742 >,
 	// order 62
 	< 744, 62, 7, 77, 0, 106, 0, -1 >,
 	< 745, 62, 9, 73, 40, 198, 4, 744 >,
 	< 746, 62, 1, 45, 0, 113, 9, 745 >,
 	< 747, 62, 8, 91, 78, 175, 8, 746 >,
 	< 748, 62, 5, 89, 31, 172, 2, 747 >,
 	< 749, 62, 10, 0, 56, 185, 7, 748 >,
 	< 750, 62, 1, 48, 0, 176, 1, 749 >,
 	< 751, 62, 1, 0, 0, 186, 6, 750 >,
 	< 752, 62, 9, 50, 0, 154, 3, 751 >,
 	< 753, 62, 6, 51, 0, 117, 5, 752 >,
 	< 754, 62, 8, 55, 46, 182, 0, 753 >,
 	< 755, 62, 6, 0, 40, 167, 4, 754 >,
 	// order 63
 	< 756, 63, 3, 72, 0, 181, 9, -1 >,
 	< 757, 63, 5, 75, 67, 165, 8, 756 >,
 	< 758, 63, 3, 95, 70, 183, 2, 757 >,
 	< 759, 63, 3, 37, 38, 137, 7, 758 >,
 	< 760, 63, 7, 0, 93, 102, 1, 759 >,
 	< 761, 63, 7, 0, 58, 120, 6, 760 >,
 	< 762, 63, 2, 51, 87, 174, 3, 761 >,
 	< 763, 63, 1, 76, 0, 164, 5, 762 >,
 	< 764, 63, 1, 0, 98, 166, 0, 763 >,
 	< 765, 63, 3, 99, 0, 103, 4, 764 >,
 	< 766, 63, 1, 0, 0, 195, 9, 765 >,
 	< 767, 63, 1, 0, 96, 197, 8, 766 >,
 	// order 64
 	< 768, 64, 8, 47, 0, 163, 2, -1 >,
 	< 769, 64, 4, 0, 30, 154, 7, 768 >,
 	< 770, 64, 5, 0, 79, 174, 1, 769 >,
 	< 771, 64, 6, 37, 56, 142, 6, 770 >,
 	< 772, 64, 5, 36, 0, 117, 3, 771 >,
 	< 773, 64, 5, 0, 84, 158, 5, 772 >,
 	< 774, 64, 6, 78, 96, 182, 0, 773 >,
 	< 775, 64, 5, 74, 0, 137, 4, 774 >,
 	< 776, 64, 8, 0, 70, 103, 9, 775 >,
 	< 777, 64, 5, 0, 0, 138, 8, 776 >,
 	< 778, 64, 1, 69, 52, 185, 2, 777 >,
 	< 779, 64, 2, 62, 43, 113, 7, 778 >,
 	// order 65
 	< 780, 65, 3, 97, 51, 103, 1, -1 >,
 	< 781, 65, 8, 43, 0, 131, 6, 780 >,
 	< 782, 65, 10, 0, 59, 123, 3, 781 >,
 	< 783, 65, 6, 0, 0, 160, 5, 782 >,
 	< 784, 65, 4, 0, 91, 116, 0, 783 >,
 	< 785, 65, 2, 0, 0, 166, 4, 784 >,
 	< 786, 65, 7, 0, 44, 123, 9, 785 >,
 	< 787, 65, 5, 0, 88, 173, 8, 786 >,
 	< 788, 65, 4, 72, 0, 186, 2, 787 >,
 	< 789, 65, 4, 65, 60, 194, 7, 788 >,
 	< 790, 65, 3, 0, 72, 175, 1, 789 >,
 	< 791, 65, 9, 0, 0, 158, 6, 790 >,
 	// order 66
 	< 792, 66, 2, 79, 0, 158, 3, -1 >,
 	< 793, 66, 8, 85, 46, 195, 5, 792 >,
 	< 794, 66, 4, 59, 94, 180, 0, 793 >,
 	< 795, 66, 2, 68, 75, 174, 4, 794 >,
 	< 796, 66, 7, 56, 0, 195, 9, 795 >,
 	< 797, 66, 7, 0, 31, 184, 8, 796 >,
 	< 798, 66, 3, 78, 64, 161, 2, 797 >,
 	< 799, 66, 2, 86, 55, 149, 7, 798 >,
 	< 800, 66, 7, 0, 40, 169, 1, 799 >,
 	< 801, 66, 10, 84, 30, 152, 6, 800 >,
 	< 802, 66, 10, 0, 0, 120, 3, 801 >,
 	< 803, 66, 6, 42, 0, 161, 5, 802 >,
 	// order 67
 	< 804, 67, 10, 0, 89, 198, 0, -1 >,
 	< 805, 67, 10, 0, 68, 177, 4, 804 >,
 	< 806, 67, 8, 56, 0, 111, 9, 805 >,
 	< 807, 67, 9, 0, 95, 153, 8, 806 >,
 	< 808, 67, 10, 0, 0, 124, 2, 807 >,
 	< 809, 67, 1, 97, 0, 141, 7, 808 >,
 	< 810, 67, 6, 0, 55, 176, 1, 809 >,
 	< 811, 67, 6, 0, 33, 117, 6, 810 >,
 	< 812, 67, 8, 35, 0, 176, 3, 811 >,
 	< 813, 67, 3, 71, 49, 131, 5, 812 >,
 	< 814, 67, 4, 48, 75, 166, 0, 813 >,
 	< 815, 67, 2, 0, 47, 198, 4, 814 >,
 	// order 68
 	< 816, 68, 3, 0, 0, 160, 9, -1 >,
 	< 817, 68, 2, 73, 98, 194, 8, 816 >,
 	< 818, 68, 3, 40, 92, 102, 2, 817 >,
 	< 819, 68, 6, 0, 0, 114, 7, 818 >,
 	< 820, 68, 1, 37, 0, 136, 1, 819 >,
 	< 821, 68, 4, 38, 99, 169, 6, 820 >,
 	< 822, 68, 3, 86, 0, 191, 3, 821 >,
 	< 823, 68, 3, 0, 0, 199, 5, 822 >,
 	< 824, 68, 10, 0, 0, 138, 0, 823 >,
 	< 825, 68, 2, 0, 0, 193, 4, 824 >,
 	< 826, 68, 8, 73, 0, 131, 9, 825 >,
 	< 827, 68, 2, 56, 0, 178, 8, 826 >,
 	// order 69
 	< 828, 69, 3, 31, 0, 169, 2, -1 >,
 	< 829, 69, 10, 0, 80, 134, 7, 828 >,
 	< 830, 69, 5, 86, 0, 198, 1, 829 >,
 	< 831, 69, 6, 0, 67, 172, 6, 830 >,
 	< 832, 69, 2, 0, 0, 164, 3, 831 >,
 	< 833, 69, 4, 0, 0, 144, 5, 832 >,
 	< 834, 69, 10, 93, 0, 184, 0, 833 >,
 	< 835, 69, 5, 46, 63, 159, 4, 834 >,
 	< 836, 69, 4, 0, 0, 147, 9, 835 >,
 	< 837, 69, 8, 0, 89, 123, 8, 836 >,
 	< 838, 69, 3, 96, 0, 184, 2, 837 >,
 	< 839, 69, 4, 34, 57, 113, 7, 838 >,
 	// order 70
 	< 840, 70, 5, 87, 0, 190, 1, -1 >,
 	< 841, 70, 5, 0, 0, 135, 6, 840 >,
 	< 842, 70, 5, 68, 44, 122, 3, 841 >,
 	< 843, 70, 6, 80, 0, 114, 5, 842 >,
 	< 844, 70, 6, 0, 0, 117, 0, 843 >,
 	< 845, 70, 2, 86, 0, 148, 4, 844 >,
 	< 846, 70, 8, 76, 53, 117, 9, 845 >,
 	< 847, 70, 7, 0, 0, 157, 8, 846 >,
 	< 848, 70, 4, 0, 64, 176, 2, 847 >,
 	< 849, 70, 6, 0, 0, 191, 7, 848 >,
 	< 850, 70, 7, 82, 0, 111, 1, 849 >,
 	< 851, 70, 3, 99, 74, 186, 6, 850 >,
 	// order 71
 	< 852, 71, 1, 37, 71, 162, 3, -1 >,
 	< 853, 71, 1, 55, 0, 155, 5, 852 >,
 	< 854, 71, 3, 39, 0, 200, 0, 853 >,
 	< 855, 71, 10, 56, 92, 163, 4, 854 >,
 	< 856, 71, 9, 80, 0, 151, 9, 855 >,
 	< 857, 71, 6, 0, 43, 117, 8, 856 >,
 	< 858, 71, 8, 0, 78, 103, 2, 857 >,
 	< 859, 71, 10, 39, 0, 128, 7, 858 >,
 	< 860, 71, 9, 34, 98, 121, 1, 859 >,
 	< 861, 71, 10, 0, 32, 113, 6, 860 >,
 	< 862, 71, 10, 58, 64, 197, 3, 861 >,
 	< 863, 71, 6, 0, 77, 159, 5, 862 >,
 	// order 72
 	< 864, 72, 9, 0, 62, 159, 0, -1 >,
 	< 865, 72, 5, 99, 0, 124, 4, 864 >,
 	< 866, 72, 2, 83, 0, 156, 9, 865 >,
 	< 867, 72, 2, 0, 0, 157, 8, 866 >,
 	< 868, 72, 1, 0, 0, 104, 2, 867 >,
 	< 869, 72, 8, 0, 0, 193, 7, 868 >,
 	< 870, 72, 6, 0, 0, 102, 1, 869 >,
 	< 871, 72, 10, 50, 0, 169, 6, 870 >,
 	< 872, 72, 10, 74, 50, 164, 3, 871 >,
 	< 873, 72, 10, 85, 0, 164, 5, 872 >,
 	< 874, 72, 8, 85, 87, 197, 0, 873 >,
 	< 875, 72, 7, 0, 53, 184, 4, 874 >,
 	// order 73
 	< 876, 73, 2, 0, 58, 198, 9, -1 >,
 	< 877, 73, 8, 0, 0, 199, 8, 876 >,
 	< 878, 73, 5, 91, 0, 155, 2, 877 >,
 	< 879, 73, 7, 0, 66, 117, 7, 878 >,
 	< 880, 73, 2, 96, 43, 164, 1, 879 >,
 	< 881, 73, 3, 45, 30, 186, 6, 880 >,
 	< 882, 73, 4, 0, 0, 137, 3, 881 >,
 	< 883, 73, 2, 0, 77, 125, 5, 882 >,
 	< 884, 73, 7, 58, 0, 174, 0, 883 >,
 	< 885, 73, 1, 97, 0, 192, 4, 884 >,
 	< 886, 73, 9, 66, 0, 192, 9, 885 >,
 	< 887, 73, 3, 53, 83, 190, 8, 886 >,
 	// order 74
 	< 888, 74, 10, 0, 74, 167, 2, -1 >,
 	< 889, 74, 6, 0, 0, 149, 7, 888 >,
 	< 890, 74, 1, 90, 63, 142, 1, 889 >,
 	< 891, 74, 6, 0, 0, 159, 6, 890 >,
 	< 892, 74, 7, 35, 0, 117, 3, 891 >,
 	< 893, 74, 10, 41, 0, 117, 5, 892 >,
 	< 894, 74, 3, 39, 55, 168, 0, 893 >,
 	< 895, 74, 2, 0, 34, 153, 4, 894 >,
 	< 896, 74, 5, 75, 98, 105, 9, 895 >,
 	< 897, 74, 6, 64, 70, 188, 8, 896 >,
 	< 898, 74, 2, 0, 0, 192, 2, 897 >,
 	< 899, 74, 3, 78, 54, 186, 7, 898 >,
 	// order 75
 	< 900, 75, 1, 0, 0, 175, 1, -1 >,
 	< 901, 75, 10, 85, 0, 112, 6, 900 >,
 	< 902, 75, 9, 0, 0, 116, 3, 901 >,
 	< 903, 75, 1, 0, 0, 121, 5, 902 >,
 	< 904, 75, 9, 0, 0, 174, 0, 903 >,
 	< 905, 75, 6, 86, 87, 133, 4, 904 >,
 	< 906, 75, 8, 73, 44, 118, 9, 905 >,
 	< 907, 75, 7, 59, 45, 110, 8, 906 >,
 	< 908, 75, 1, 46, 84, 149, 2, 907 >,
 	< 909, 75, 2, 96, 0, 114, 7, 908 >,
 	< 910, 75, 6, 75, 38, 150, 1, 909 >,
 	< 911, 75, 6, 85, 0, 124, 6, 910 >,
 	// order 76
 	< 912, 76, 1, 0, 97, 118, 3, -1 >,
 	< 913, 76, 9, 52, 0, 164, 5, 912 >,
 	< 914, 76, 10, 43, 65, 197, 0, 913 >,
 	< 915, 76, 10, 0, 91, 140, 4, 914 >,
 	< 916, 76, 3, 31, 0, 156, 9, 915 >,
 	< 917, 76, 3, 49, 97, 144, 8, 916 >,
 	< 918, 76, 10, 94, 32, 181, 2, 917 >,
 	< 919, 76, 4, 0, 0, 161, 7, 918 >,
 	< 920, 76, 5, 73, 0, 146, 1, 919 >,
 	< 921, 76, 4, 67, 48, 193, 6, 920 >,
 	< 922, 76, 3, 81, 64, 189, 3, 921 >,
 	< 923, 76, 7, 32, 0, 115, 5, 922 >,
 	// order 77
 	< 924, 77, 7, 89, 0, 162, 0, -1 >,
 	< 925, 77, 7, 38, 0, 164, 4, 924 >,
 	< 926, 77, 5, 89, 0, 141, 9, 925 >,
 	< 927, 77, 1, 0, 92, 174, 8, 926 >,
 	< 928, 77, 3, 66, 97, 117, 2, 927 >,
 	< 929, 77, 2, 95, 74, 137, 7, 928 >,
 	< 930, 77, 6, 0, 34, 118, 1, 929 >,
 	< 931, 77, 1, 98, 65, 125, 6, 930 >,
 	< 932, 77, 3, 33, 60, 108, 3, 931 >,
 	< 933, 77, 9, 78, 0, 131, 5, 932 >,
 	< 934, 77, 10, 0, 0, 116, 0, 933 >,
 	< 935, 77, 5, 0, 0, 139, 4, 934 >,
 	// order 78
 	< 936, 78, 3, 0, 0, 110, 9, -1 >,
 	< 937, 78, 3, 59, 0, 188, 8, 936 >,
 	< 938, 78, 1, 0, 40, 176, 2, 937 >,
 	< 939, 78, 5, 0, 93, 129, 7, 938 >,
 	< 940, 78, 8, 0, 0, 114, 1, 939 >,
 	< 941, 78, 10, 0, 0, 139, 6, 940 >,
 	< 942, 78, 9, 0, 0, 160, 3, 941 >,
 	< 943, 78, 4, 44, 0, 192, 5, 942 >,
 	< 944, 78, 3, 88, 0, 100, 0, 943 >,
 	< 945, 78, 8, 63, 46, 116, 4, 944 >,
 	< 946, 78, 2, 87, 0, 157, 9, 945 >,
 	< 947, 78, 2, 95, 0, 118, 8, 946 >,
 	// order 79
 	< 948, 79, 1, 99, 0, 161, 2, -1 >,
 	< 949, 79, 4, 62, 59, 194, 7, 948 >,
 	< 950, 79, 5, 97, 0, 106, 1, 949 >,
 	< 951, 79, 10, 82, 0, 167, 6, 950 >,
 	< 952, 79, 5, 35, 0, 125, 3, 951 >,
 	< 953, 79, 3, 31, 0, 181, 5, 952 >,
 	< 954, 79, 3, 0, 45, 184, 0, 953 >,
 	< 955, 79, 9, 0, 0, 140, 4, 954 >,
 	< 956, 79, 2, 0, 88, 122, 9, 955 >,
 	< 957, 79, 7, 0, 40, 151, 8, 956 >,
 	< 958, 79, 2, 43, 0, 151, 2, 957 >,
 	< 959, 79, 7, 93, 55, 112, 7, 958 >,
 	// order 80
 	< 960, 80, 2, 0, 72, 166, 1, -1 >,
 	< 961, 80, 3, 81, 0, 121, 6, 960 >,
 	< 962, 80, 8, 0, 0, 100, 3, 961 >,
 	< 963, 80, 7, 42, 69, 121, 5, 962 >,
 	< 964, 80, 4, 66, 92, 109, 0, 963 >,
 	< 965, 80, 2, 0, 97, 196, 4, 964 >,
 	< 966, 80, 3, 0, 0, 198, 9, 965 >,
 	< 967, 80, 6, 45, 58, 124, 8, 966 >,
 	< 968, 80, 2, 51, 0, 158, 2, 967 >,
 	< 969, 80, 9, 91, 80, 103, 7, 968 >,
 	< 970, 80, 4, 0, 70, 191, 1, 969 >,
 	< 971, 80, 8, 70, 0, 157, 6, 970 >,
 	// order 81
 	< 972, 81, 2, 0, 0, 154, 3, -1 >,
 	< 973, 81, 4, 0, 0, 106, 5, 972 >,
 	< 974, 81, 8, 50, 0, 197, 0, 973 >,
 	< 975, 81, 3, 45, 50, 123, 4, 974 >,
 	< 976, 81, 2, 0, 46, 192, 9, 975 >,
 	< 977, 81, 9, 65, 0, 168, 8, 976 >,
 	< 978, 81, 3, 0, 0, 129, 2, 977 >,
 	< 979, 81, 7, 63, 0, 187, 7, 978 >,
 	< 980, 81, 3, 97, 39, 177, 1, 979 >,
 	< 981, 81, 8, 0, 0, 158, 6, 980 >,
 	< 982, 81, 9, 40, 0, 133, 3, 981 >,
 	< 983, 81, 10, 0, 0, 114, 5, 982 >,
 	// order 82
 	< 984, 82, 4, 60, 74, 138, 0, -1 >,
 	< 985, 82, 5, 0, 0, 187, 4, 984 >,
 	< 986, 82, 3, 0, 0, 117, 9, 985 >,
 	< 987, 82, 7, 0, 0, 122, 8, 986 >,
 	< 988, 82, 6, 62, 0, 167, 2, 987 >,
 	< 989, 82, 8, 70, 39, 106, 7, 988 >,
 	< 990, 82, 7, 0, 0, 150, 1, 989 >,
 	< 991, 82, 4, 44, 47, 133, 6, 990 >,
 	< 992, 82, 5, 52, 0, 134, 3, 991 >,
 	< 993, 82, 9, 0, 66, 145, 5, 992 >,
 	< 994, 82, 5, 79, 96, 168, 0, 993 >,
 	< 995, 82, 2, 81, 34, 138, 4, 994 >,
 	// order 83
 	< 996, 83, 4, 0, 65, 183, 9, -1 >,
 	< 997, 83, 8, 62, 0, 119, 8, 996 >,
 	< 998, 83, 2, 39, 40, 170, 2, 997 >,
 	< 999, 83, 4, 70, 63, 169, 7, 998 >,
 	< 1000, 83, 7, 77, 70, 166, 1, 999 >,
 	< 1001, 83, 6, 0, 0, 160, 6, 1000 >,
 	< 1002, 83, 3, 0, 0, 192, 3, 1001 >,
 	< 1003, 83, 9, 35, 76, 106, 5, 1002 >,
 	< 1004, 83, 10, 0, 86, 152, 0, 1003 >,
 	< 1005, 83, 1, 62, 95, 107, 4, 1004 >,
 	< 1006, 83, 1, 75, 88, 184, 9, 1005 >,
 	< 1007, 83, 1, 0, 0, 191, 8, 1006 >,
 	// order 84
 	< 1008, 84, 3, 0, 74, 109, 2, -1 >,
 	< 1009, 84, 6, 0, 65, 174, 7, 1008 >,
 	< 1010, 84, 10, 0, 0, 173, 1, 1009 >,
 	< 1011, 84, 5, 0, 50, 152, 6, 1010 >,
 	< 1012, 84, 2, 0, 43, 153, 3, 1011 >,
 	< 1013, 84, 2, 0, 42, 103, 5, 1012 >,
 	< 1014, 84, 10, 0, 0, 139, 0, 1013 >,
 	< 1015, 84, 2, 38, 0, 117, 4, 1014 >,
 	< 1016, 84, 5, 51, 41, 118, 9, 1015 >,
 	< 1017, 84, 2, 65, 50, 175, 8, 1016 >,
 	< 1018, 84, 10, 74, 0, 181, 2, 1017 >,
 	< 1019, 84, 8, 34, 0, 197, 7, 1018 >,
 	// order 85
 	< 1020, 85, 9, 0, 66, 168, 1, -1 >,
 	< 1021, 85, 5, 47, 0, 134, 6, 1020 >,
 	< 1022, 85, 10, 92, 88, 147, 3, 1021 >,
 	< 1023, 85, 4, 58, 0, 163, 5, 1022 >,
 	< 1024, 85, 8, 50, 0, 134, 0, 1023 >,
 	< 1025, 85, 9, 0, 0, 196, 4, 1024 >,
 	< 1026, 85, 3, 0, 62, 170, 9, 1025 >,
 	< 1027, 85, 3, 76, 77, 182, 8, 1026 >,
 	< 1028, 85, 3, 97, 49, 185, 2, 1027 >,
 	< 1029, 85, 7, 0, 0, 134, 7, 1028 >,
 	< 1030, 85, 10, 100, 0, 104, 1, 1029 >,
 	< 1031, 85, 2, 64, 0, 161, 6, 1030 >,
 	// order 86
 	< 1032, 86, 7, 35, 0, 194, 3, -1 >,
 	< 1033, 86, 10, 0, 0, 157, 5, 1032 >,
 	< 1034, 86, 7, 64, 74, 139, 0, 1033 >,
 	< 1035, 86, 10, 67, 65, 120, 4, 1034 >,
 	< 1036, 86, 10, 0, 51, 136, 9, 1035 >,
 	< 1037, 86, 8, 0, 37, 132, 8, 1036 >,
 	< 1038, 86, 2, 0, 0, 113, 2, 1037 >,
 	< 1039, 86, 4, 88, 51, 142, 7, 1038 >,
 	< 1040, 86, 4, 79, 59, 195, 1, 1039 >,
 	< 1041, 86, 4, 39, 0, 199, 6, 1040 >,
 	< 1042, 86, 8, 58, 92, 145, 3, 1041 >,
 	< 1043, 86, 9, 46, 0, 163, 5, 1042 >,
 	// order 87
 	< 1044, 87, 5, 0, 51, 168, 0, -1 >,
 	< 1045, 87, 5, 0, 0, 113, 4, 1044 >,
 	< 1046, 87, 7, 0, 0, 186, 9, 1045 >,
 	< 1047, 87, 2, 0, 0, 189, 8, 1046 >,
 	< 1048, 87, 5, 0, 0, 152, 2, 1047 >,
 	< 1049, 87, 9, 0, 0, 134, 7, 1048 >,
 	< 1050, 87, 7, 0, 0, 135, 1, 1049 >,
 	< 1051, 87, 10, 0, 0, 112, 6, 1050 >,
 	< 1052, 87, 8, 0, 0, 102, 3, 1051 >,
 	< 1053, 87, 2, 0, 93, 103, 5, 1052 >,
 	< 1054, 87, 1, 0, 0, 177, 0, 1053 >,
 	< 1055, 87, 6, 69, 0, 195, 4, 1054 >,
 	// order 88
 	< 1056, 88, 2, 38, 0, 157, 9, -1 >,
 	< 1057, 88, 10, 0, 31, 113, 8, 1056 >,
 	< 1058, 88, 6, 39, 0, 136, 2, 1057 >,
 	< 1059, 88, 10, 0, 97, 200, 7, 1058 >,
 	< 1060, 88, 8, 0, 0, 127, 1, 1059 >,
 	< 1061, 88, 5, 33, 0, 158, 6, 1060 >,
 	< 1062, 88, 1, 93, 33, 109, 3, 1061 >,
 	< 1063, 88, 3, 74, 58, 188, 5, 1062 >,
 	< 1064, 88, 2, 0, 52, 129, 0, 1063 >,
 	< 1065, 88, 10, 96, 60, 177, 4, 1064 >,
 	< 1066, 88, 7, 0, 0, 101, 9, 1065 >,
 	< 1067, 88, 4, 74, 95, 102, 8, 1066 >,
 	// order 89
 	< 1068, 89, 4, 57, 89, 108, 2, -1 >,
 	< 1069, 89, 4, 0, 65, 112, 7, 1068 >,
 	< 1070, 89, 6, 0, 93, 174, 1, 1069 >,
 	< 1071, 89, 10, 0, 43, 119, 6, 1070 >,
 	< 1072, 89, 8, 99, 0, 147, 3, 1071 >,
 	< 1073, 89, 9, 0, 40, 100, 5, 1072 >,
 	< 1074, 89, 10, 0, 84, 131, 0, 1073 >,
 	< 1075, 89, 4, 62, 67, 179, 4, 1074 >,
 	< 1076, 89, 9, 75, 0, 133, 9, 1075 >,
 	< 1077, 89, 6, 0, 93, 142, 8, 1076 >,
 	< 1078, 89, 9, 89, 49, 142, 2, 1077 >,
 	< 1079, 89, 4, 0, 0, 125, 7, 1078 >,
 	// order 90
 	< 1080, 90, 4, 65, 0, 106, 1, -1 >,
 	< 1081, 90, 3, 71, 0, 132, 6, 1080 >,
 	< 1082, 90, 8, 0, 58, 191, 3, 1081 >,
 	< 1083, 90, 8, 0, 0, 114, 5, 1082 >,
 	< 1084, 90, 4, 43, 0, 158, 0, 1083 >,
 	< 1085, 90, 2, 31, 0, 104, 4, 1084 >,
 	< 1086, 90, 10, 0, 0, 164, 9, 1085 >,
 	< 1087, 90, 3, 0, 0, 143, 8, 1086 >,
 	< 1088, 90, 5, 0, 0, 171, 2, 1087 >,
 	< 1089, 90, 6, 0, 78, 181, 7, 1088 >,
 	< 1090, 90, 1, 0, 67, 107, 1, 1089 >,
 	< 1091, 90, 2, 0, 50, 112, 6, 1090 >,
 	// order 91
 	< 1092, 91, 6, 30, 0, 123, 3, -1 >,
 	< 1093, 91, 8, 62, 0, 165, 5, 1092 >,
 	< 1094, 91, 5, 0, 90, 130, 0, 1093 >,
 	< 1095, 91, 9, 0, 0, 161, 4, 1094 >,
 	< 1096, 91, 5, 78, 53, 166, 9, 1095 >,
 	< 1097, 91, 6, 0, 90, 104, 8, 1096 >,
 	< 1098, 91, 9, 100, 0, 150, 2, 1097 >,
 	< 1099, 91, 6, 0, 89, 100, 7, 1098 >,
 	< 1100, 91, 10, 64, 0, 141, 1, 1099 >,
 	< 1101, 91, 7, 0, 46, 122, 6, 1100 >,
 	< 1102, 91, 10, 0, 0, 185, 3, 1101 >,
 	< 1103, 91, 2, 32, 77, 165, 5, 1102 >,
 	// order 92
 	< 1104, 92, 3, 0, 32, 177, 0, -1 >,
 	< 1105, 92, 7, 0, 54, 180, 4, 1104 >,
 	< 1106, 92, 4, 46, 61, 115, 9, 1105 >,
 	< 1107, 92, 2, 95, 36, 155, 8, 1106 >,
 	< 1108, 92, 3, 34, 63, 114, 2, 1107 >,
 	< 1109, 92, 2, 63, 30, 119, 7, 1108 >,
 	< 1110, 92, 8, 43, 0, 127, 1, 1109 >,
 	< 1111, 92, 8, 0, 67, 143, 6, 1110 >,
 	< 1112, 92, 9, 0, 78, 140, 3, 1111 >,
 	< 1113, 92, 1, 42, 79, 155, 5, 1112 >,
 	< 1114, 92, 8, 98, 32, 117, 0, 1113 >,
 	< 1115, 92, 3, 0, 52, 158, 4, 1114 >,
 	// order 93
 	< 1116, 93, 6, 0, 64, 196, 9, -1 >,
 	< 1117, 93, 8, 41, 43, 103, 8, 1116 >,
 	< 1118, 93, 9, 71, 85, 175, 2, 1117 >,
 	< 1119, 93, 2, 51, 0, 131, 7, 1118 >,
 	< 1120, 93, 7, 45, 0, 148, 1, 1119 >,
 	< 1121, 93, 3, 35, 0, 181, 6, 1120 >,
 	< 1122, 93, 2, 0, 93, 181, 3, 1121 >,
 	< 1123, 93, 10, 0, 72, 161, 5, 1122 >,
 	< 1124, 93, 1, 0, 93, 119, 0, 1123 >,
 	< 1125, 93, 4, 0, 0, 149, 4, 1124 >,
 	< 1126, 93, 3, 31, 43, 138, 9, 1125 >,
 	< 1127, 93, 9, 0, 47, 134, 8, 1126 >,
 	// order 94
 	< 1128, 94, 6, 81, 0, 174, 2, -1 >,
 	< 1129, 94, 6, 94, 88, 108, 7, 1128 >,
 	< 1130, 94, 1, 58, 0, 130, 1, 1129 >,
 	< 1131, 94, 3, 0, 0, 109, 6, 1130 >,
 	< 1132, 94, 1, 0, 44, 105, 3, 1131 >,
 	< 1133, 94, 1, 84, 95, 165, 5, 1132 >,
 	< 1134, 94, 4, 48, 0, 146, 0, 1133 >,
 	< 1135, 94, 7, 0, 0, 169, 4, 1134 >,
 	< 1136, 94, 8, 0, 0, 167, 9, 1135 >,
 	< 1137, 94, 2, 52, 0, 193, 8, 1136 >,
 	< 1138, 94, 1, 97, 41, 134, 2, 1137 >,
 	< 1139, 94, 4, 0, 41, 165, 7, 1138 >,
 	// order 95
 	< 1140, 95, 8, 58, 0, 117, 1, -1 >,
 	< 1141, 95, 8, 0, 0, 137, 6, 1140 >,
 	< 1142, 95, 9, 87, 0, 135, 3, 1141 >,
 	< 1143, 95, 4, 84, 31, 130, 5, 1142 >,
 	< 1144, 95, 8, 89, 0, 133, 0, 1143 >,
 	< 1145, 95, 8, 68, 76, 145, 4, 1144 >,
 	< 1146, 95, 2, 0, 93, 192, 9, 1145 >,
 	< 1147, 95, 10, 0, 0, 144, 8, 1146 >,
 	< 1148, 95, 5, 86, 0, 142, 2, 1147 >,
 	< 1149, 95, 8, 54, 76, 162, 7, 1148 >,
 	< 1150, 95, 1, 0, 91, 125, 1, 1149 >,
 	< 1151, 95, 1, 80, 0, 111, 6, 1150 >,
 	// order 96
 	< 1152, 96, 8, 80, 0, 154, 3, -1 >,
 	< 1153, 96, 5, 62, 0, 177, 5, 1152 >,
 	< 1154, 96, 4, 0, 91, 191, 0, 1153 >,
 	< 1155, 96, 8, 30, 95, 129, 4, 1154 >,
 	< 1156, 96, 8, 0, 0, 135, 9, 1155 >,
 	< 1157, 96, 7, 0, 75, 190, 8, 1156 >,
 	< 1158, 96, 10, 31, 0, 166, 2, 1157 >,
 	< 1159, 96, 4, 0, 92, 128, 7, 1158 >,
 	< 1160, 96, 2, 59, 46, 168, 1, 1159 >,
 	< 1161, 96, 10, 98, 0, 129, 6, 1160 >,
 	< 1162, 96, 10, 0, 88, 106, 3, 1161 >,
 	< 1163, 96, 3, 100, 33, 102, 5, 1162 >,
 	// order 97
 	< 1164, 97, 9, 88, 58, 126, 0, -1 >,
 	< 1165, 97, 3, 78, 39, 127, 4, 1164 >,
 	< 1166, 97, 9, 0, 0, 138, 9, 1165 >,
 	< 1167, 97, 9, 80, 0, 167, 8, 1166 >,
 	< 1168, 97, 2, 99, 63, 150, 2, 1167 >,
 	< 1169, 97, 7, 0, 0, 178, 7, 1168 >,
 	< 1170, 97, 10, 0, 0, 106, 1, 1169 >,
 	< 1171, 97, 10, 0, 49, 166, 6, 1170 >,
 	< 1172, 97, 8, 0, 54, 183, 3, 1171 >,
 	< 1173, 97, 9, 59, 92, 187, 5, 1172 >,
 	< 1174, 97, 4, 0, 55, 168, 0, 1173 >,
 	< 1175, 97, 10, 44, 83, 161, 4, 1174 >,
 	// order 98
 	< 1176, 98, 5, 0, 0, 118, 9, -1 >,
 	< 1177, 98, 1, 54, 0, 131, 8, 1176 >,
 	< 1178, 98, 4, 0, 0, 168, 2, 1177 >,
 	< 1179, 98, 3, 0, 0, 116, 7, 1178 >,
 	< 1180, 98, 7, 36, 43, 153, 1, 1179 >,
 	< 1181, 98, 5, 75, 57, 100, 6, 1180 >,
 	< 1182, 98, 3, 0, 0, 191, 3, 1181 >,
 	< 1183, 98, 2, 68, 0, 164, 5, 1182 >,
 	< 1184, 98, 9, 35, 0, 157, 0, 1183 >,
 	< 1185, 98, 6, 41, 36, 134, 4, 1184 >,
 	< 1186, 98, 7, 71, 0, 166, 9, 1185 >,
 	< 1187, 98, 8, 0, 81, 144, 8, 1186 >,
 	// order 99
 	< 1188, 99, 5, 0, 56, 109, 2, -1 >,
 	< 1189, 99, 1, 0, 0, 151, 7, 1188 >,
 	< 1190, 99, 4, 35, 85, 176, 1, 1189 >,
 	< 1191, 99, 1, 0, 99, 152, 6, 1190 >,
 	< 1192, 99, 6, 75, 0, 136, 3, 1191 >,
 	< 1193, 99, 6, 41, 0, 139, 5, 1192 >,
 	< 1194, 99, 7, 62, 0, 144, 0, 1193 >,
 	< 1195, 99, 10, 0, 0, 148, 4, 1194 >,
 	< 1196, 99, 6, 30, 0, 177, 9, 1195 >,
 	< 1197, 99, 6, 40, 60, 164, 8, 1196 >,
 	< 1198, 99, 4, 84, 0, 187, 2, 1197 >,
 	< 1199, 99, 7, 0, 30, 154, 7, 1198 >
 };
