/*********************************************
 * OPL 12.10.0.0 Data
 * Author: Kinast
 * Creation date: Aug 17, 2021 at 11:49:06 AM
 *********************************************/

 nOrders = 100;
 nTasks = 1200;

 nWorkgroups = 10;
 nWorkstations = 30;

 nCobots = 0;
 cobotTimeFactor = 0.7;

 workstations = {
 	< 0, "Workstation 0", 0, 0.88, 0.98, 1, 2 >,
 	< 1, "Workstation 1", 1, 1.06, 0.82, 1, 5 >,
 	< 2, "Workstation 2", 1, 0.89, 0.93, 1, 3 >,
 	< 3, "Workstation 3", 2, 0.81, 1.06, 1, 1 >,
 	< 4, "Workstation 4", 1, 1.15, 1.07, 1, 2 >,
 	< 5, "Workstation 5", 0, 0.81, 0.95, 1, 2 >,
 	< 6, "Workstation 6", 3, 0.77, 1.23, 1, 1 >,
 	< 7, "Workstation 7", 4, 1.04, 1.1, 1, 2 >,
 	< 8, "Workstation 8", 5, 1.16, 0.86, 1, 1 >,
 	< 9, "Workstation 9", 6, 1.01, 1.17, 1, 3 >,
 	< 10, "Workstation 10", 4, 1.07, 0.76, 1, 1 >,
 	< 11, "Workstation 11", 7, 1.04, 0.88, 1, 4 >,
 	< 12, "Workstation 12", 6, 1.07, 1, 1, 2 >,
 	< 13, "Workstation 13", 7, 1.06, 0.88, 1, 4 >,
 	< 14, "Workstation 14", 8, 0.89, 0.85, 1, 2 >,
 	< 15, "Workstation 15", 3, 0.9, 0.96, 1, 1 >,
 	< 16, "Workstation 16", 5, 1.22, 0.9, 1, 1 >,
 	< 17, "Workstation 17", 8, 0.82, 0.77, 1, 3 >,
 	< 18, "Workstation 18", 9, 0.92, 1, 1, 1 >,
 	< 19, "Workstation 19", 9, 0.86, 0.96, 1, 1 >,
 	< 20, "Workstation 20", 2, 0.97, 0.76, 1, 2 >,
 	< 21, "Workstation 21", 6, 0.92, 1.02, 1, 1 >,
 	< 22, "Workstation 22", 4, 0.93, 1.2, 1, 4 >,
 	< 23, "Workstation 23", 2, 1.11, 0.91, 1, 1 >,
 	< 24, "Workstation 24", 3, 0.97, 1.06, 1, 1 >,
 	< 25, "Workstation 25", 9, 1.1, 0.79, 1, 4 >,
 	< 26, "Workstation 26", 5, 1.17, 1.17, 1, 3 >,
 	< 27, "Workstation 27", 0, 1.06, 1.02, 1, 4 >,
 	< 28, "Workstation 28", 8, 0.83, 1.04, 1, 3 >,
 	< 29, "Workstation 29", 7, 1.1, 1.24, 1, 1 >
 };

 tasks = {
 	// order 0
 	< 0, 0, 10, 0, 77, 144, 0, -1 >,
 	< 1, 0, 7, 43, 0, 127, 4, 0 >,
 	< 2, 0, 6, 47, 0, 184, 2, 1 >,
 	< 3, 0, 3, 86, 97, 106, 5, 2 >,
 	< 4, 0, 9, 93, 100, 115, 1, 3 >,
 	< 5, 0, 9, 49, 0, 140, 7, 4 >,
 	< 6, 0, 9, 87, 72, 110, 8, 5 >,
 	< 7, 0, 4, 0, 0, 133, 6, 6 >,
 	< 8, 0, 4, 0, 93, 195, 9, 7 >,
 	< 9, 0, 6, 0, 31, 145, 3, 8 >,
 	< 10, 0, 7, 80, 0, 177, 0, 9 >,
 	< 11, 0, 9, 61, 98, 165, 4, 10 >,
 	// order 1
 	< 12, 1, 8, 0, 0, 111, 2, -1 >,
 	< 13, 1, 5, 0, 0, 162, 5, 12 >,
 	< 14, 1, 7, 0, 63, 173, 1, 13 >,
 	< 15, 1, 6, 0, 0, 198, 7, 14 >,
 	< 16, 1, 1, 63, 47, 174, 8, 15 >,
 	< 17, 1, 8, 0, 0, 170, 6, 16 >,
 	< 18, 1, 10, 51, 90, 151, 9, 17 >,
 	< 19, 1, 7, 41, 0, 178, 3, 18 >,
 	< 20, 1, 6, 0, 0, 117, 0, 19 >,
 	< 21, 1, 4, 0, 0, 117, 4, 20 >,
 	< 22, 1, 10, 65, 0, 183, 2, 21 >,
 	< 23, 1, 5, 65, 64, 135, 5, 22 >,
 	// order 2
 	< 24, 2, 4, 51, 35, 186, 1, -1 >,
 	< 25, 2, 4, 0, 98, 104, 7, 24 >,
 	< 26, 2, 10, 0, 0, 119, 8, 25 >,
 	< 27, 2, 6, 0, 0, 157, 6, 26 >,
 	< 28, 2, 9, 82, 39, 110, 9, 27 >,
 	< 29, 2, 5, 0, 0, 155, 3, 28 >,
 	< 30, 2, 10, 0, 37, 182, 0, 29 >,
 	< 31, 2, 10, 45, 48, 132, 4, 30 >,
 	< 32, 2, 10, 54, 0, 194, 2, 31 >,
 	< 33, 2, 7, 0, 0, 163, 5, 32 >,
 	< 34, 2, 9, 55, 0, 159, 1, 33 >,
 	< 35, 2, 7, 98, 0, 145, 7, 34 >,
 	// order 3
 	< 36, 3, 6, 93, 83, 196, 8, -1 >,
 	< 37, 3, 3, 50, 0, 137, 6, 36 >,
 	< 38, 3, 4, 92, 0, 191, 9, 37 >,
 	< 39, 3, 1, 0, 44, 146, 3, 38 >,
 	< 40, 3, 2, 90, 57, 166, 0, 39 >,
 	< 41, 3, 5, 40, 0, 186, 4, 40 >,
 	< 42, 3, 1, 0, 85, 109, 2, 41 >,
 	< 43, 3, 7, 48, 87, 111, 5, 42 >,
 	< 44, 3, 2, 0, 96, 148, 1, 43 >,
 	< 45, 3, 1, 70, 0, 118, 7, 44 >,
 	< 46, 3, 10, 63, 33, 124, 8, 45 >,
 	< 47, 3, 4, 0, 53, 113, 6, 46 >,
 	// order 4
 	< 48, 4, 10, 48, 0, 119, 9, -1 >,
 	< 49, 4, 5, 59, 67, 151, 3, 48 >,
 	< 50, 4, 7, 84, 36, 146, 0, 49 >,
 	< 51, 4, 2, 0, 71, 100, 4, 50 >,
 	< 52, 4, 7, 0, 0, 120, 2, 51 >,
 	< 53, 4, 2, 0, 0, 123, 5, 52 >,
 	< 54, 4, 10, 63, 50, 175, 1, 53 >,
 	< 55, 4, 4, 49, 91, 115, 7, 54 >,
 	< 56, 4, 5, 61, 0, 148, 8, 55 >,
 	< 57, 4, 9, 0, 0, 190, 6, 56 >,
 	< 58, 4, 2, 0, 0, 155, 9, 57 >,
 	< 59, 4, 10, 42, 0, 200, 3, 58 >,
 	// order 5
 	< 60, 5, 3, 98, 70, 160, 0, -1 >,
 	< 61, 5, 2, 0, 0, 184, 4, 60 >,
 	< 62, 5, 8, 94, 98, 143, 2, 61 >,
 	< 63, 5, 6, 0, 96, 172, 5, 62 >,
 	< 64, 5, 4, 50, 0, 186, 1, 63 >,
 	< 65, 5, 6, 60, 0, 191, 7, 64 >,
 	< 66, 5, 2, 50, 0, 109, 8, 65 >,
 	< 67, 5, 2, 36, 41, 147, 6, 66 >,
 	< 68, 5, 4, 56, 0, 120, 9, 67 >,
 	< 69, 5, 6, 38, 0, 184, 3, 68 >,
 	< 70, 5, 6, 0, 0, 192, 0, 69 >,
 	< 71, 5, 2, 46, 34, 120, 4, 70 >,
 	// order 6
 	< 72, 6, 6, 0, 74, 137, 2, -1 >,
 	< 73, 6, 7, 92, 0, 165, 5, 72 >,
 	< 74, 6, 10, 84, 0, 101, 1, 73 >,
 	< 75, 6, 10, 52, 100, 145, 7, 74 >,
 	< 76, 6, 4, 0, 0, 161, 8, 75 >,
 	< 77, 6, 4, 0, 0, 191, 6, 76 >,
 	< 78, 6, 6, 57, 98, 188, 9, 77 >,
 	< 79, 6, 3, 83, 71, 104, 3, 78 >,
 	< 80, 6, 7, 80, 83, 136, 0, 79 >,
 	< 81, 6, 1, 45, 95, 106, 4, 80 >,
 	< 82, 6, 1, 49, 0, 187, 2, 81 >,
 	< 83, 6, 1, 72, 0, 197, 5, 82 >,
 	// order 7
 	< 84, 7, 8, 68, 87, 138, 1, -1 >,
 	< 85, 7, 8, 0, 0, 167, 7, 84 >,
 	< 86, 7, 1, 86, 0, 132, 8, 85 >,
 	< 87, 7, 2, 31, 0, 149, 6, 86 >,
 	< 88, 7, 7, 81, 0, 173, 9, 87 >,
 	< 89, 7, 3, 47, 82, 166, 3, 88 >,
 	< 90, 7, 10, 78, 0, 172, 0, 89 >,
 	< 91, 7, 4, 69, 42, 193, 4, 90 >,
 	< 92, 7, 6, 0, 0, 112, 2, 91 >,
 	< 93, 7, 10, 81, 41, 198, 5, 92 >,
 	< 94, 7, 6, 49, 48, 122, 1, 93 >,
 	< 95, 7, 3, 85, 0, 147, 7, 94 >,
 	// order 8
 	< 96, 8, 5, 0, 0, 101, 8, -1 >,
 	< 97, 8, 2, 0, 86, 109, 6, 96 >,
 	< 98, 8, 5, 0, 0, 177, 9, 97 >,
 	< 99, 8, 2, 0, 0, 161, 3, 98 >,
 	< 100, 8, 3, 66, 0, 157, 0, 99 >,
 	< 101, 8, 7, 0, 0, 141, 4, 100 >,
 	< 102, 8, 3, 0, 0, 150, 2, 101 >,
 	< 103, 8, 10, 78, 0, 116, 5, 102 >,
 	< 104, 8, 3, 37, 69, 112, 1, 103 >,
 	< 105, 8, 10, 0, 45, 131, 7, 104 >,
 	< 106, 8, 6, 86, 76, 134, 8, 105 >,
 	< 107, 8, 1, 56, 53, 166, 6, 106 >,
 	// order 9
 	< 108, 9, 8, 35, 0, 164, 9, -1 >,
 	< 109, 9, 6, 0, 74, 132, 3, 108 >,
 	< 110, 9, 1, 0, 0, 151, 0, 109 >,
 	< 111, 9, 5, 0, 0, 118, 4, 110 >,
 	< 112, 9, 6, 0, 0, 200, 2, 111 >,
 	< 113, 9, 10, 0, 47, 184, 5, 112 >,
 	< 114, 9, 7, 81, 0, 131, 1, 113 >,
 	< 115, 9, 10, 0, 0, 114, 7, 114 >,
 	< 116, 9, 5, 49, 0, 101, 8, 115 >,
 	< 117, 9, 7, 43, 71, 152, 6, 116 >,
 	< 118, 9, 2, 90, 43, 135, 9, 117 >,
 	< 119, 9, 2, 0, 86, 165, 3, 118 >,
 	// order 10
 	< 120, 10, 5, 0, 92, 172, 0, -1 >,
 	< 121, 10, 10, 0, 50, 111, 4, 120 >,
 	< 122, 10, 2, 0, 58, 191, 2, 121 >,
 	< 123, 10, 1, 0, 0, 131, 5, 122 >,
 	< 124, 10, 8, 35, 78, 168, 1, 123 >,
 	< 125, 10, 10, 0, 97, 177, 7, 124 >,
 	< 126, 10, 9, 54, 64, 190, 8, 125 >,
 	< 127, 10, 8, 0, 85, 195, 6, 126 >,
 	< 128, 10, 1, 0, 0, 103, 9, 127 >,
 	< 129, 10, 7, 0, 0, 128, 3, 128 >,
 	< 130, 10, 4, 0, 58, 106, 0, 129 >,
 	< 131, 10, 10, 0, 34, 120, 4, 130 >,
 	// order 11
 	< 132, 11, 8, 53, 67, 131, 2, -1 >,
 	< 133, 11, 5, 92, 31, 132, 5, 132 >,
 	< 134, 11, 1, 67, 73, 179, 1, 133 >,
 	< 135, 11, 4, 100, 98, 162, 7, 134 >,
 	< 136, 11, 7, 88, 0, 128, 8, 135 >,
 	< 137, 11, 9, 0, 0, 164, 6, 136 >,
 	< 138, 11, 10, 0, 0, 162, 9, 137 >,
 	< 139, 11, 4, 36, 84, 124, 3, 138 >,
 	< 140, 11, 3, 0, 100, 146, 0, 139 >,
 	< 141, 11, 9, 0, 0, 163, 4, 140 >,
 	< 142, 11, 4, 0, 0, 193, 2, 141 >,
 	< 143, 11, 9, 38, 64, 115, 5, 142 >,
 	// order 12
 	< 144, 12, 7, 0, 85, 168, 1, -1 >,
 	< 145, 12, 1, 0, 41, 132, 7, 144 >,
 	< 146, 12, 1, 0, 0, 123, 8, 145 >,
 	< 147, 12, 6, 55, 84, 136, 6, 146 >,
 	< 148, 12, 5, 64, 0, 191, 9, 147 >,
 	< 149, 12, 3, 51, 0, 191, 3, 148 >,
 	< 150, 12, 2, 0, 62, 113, 0, 149 >,
 	< 151, 12, 3, 0, 0, 132, 4, 150 >,
 	< 152, 12, 10, 0, 0, 112, 2, 151 >,
 	< 153, 12, 1, 36, 0, 197, 5, 152 >,
 	< 154, 12, 4, 0, 0, 148, 1, 153 >,
 	< 155, 12, 10, 0, 74, 155, 7, 154 >,
 	// order 13
 	< 156, 13, 4, 62, 0, 100, 8, -1 >,
 	< 157, 13, 4, 0, 0, 102, 6, 156 >,
 	< 158, 13, 7, 37, 0, 128, 9, 157 >,
 	< 159, 13, 9, 0, 43, 107, 3, 158 >,
 	< 160, 13, 9, 0, 87, 186, 0, 159 >,
 	< 161, 13, 8, 38, 80, 101, 4, 160 >,
 	< 162, 13, 5, 66, 32, 162, 2, 161 >,
 	< 163, 13, 9, 41, 0, 187, 5, 162 >,
 	< 164, 13, 10, 63, 91, 197, 1, 163 >,
 	< 165, 13, 9, 0, 0, 114, 7, 164 >,
 	< 166, 13, 10, 83, 0, 153, 8, 165 >,
 	< 167, 13, 1, 71, 0, 119, 6, 166 >,
 	// order 14
 	< 168, 14, 8, 0, 0, 114, 9, -1 >,
 	< 169, 14, 9, 80, 0, 125, 3, 168 >,
 	< 170, 14, 5, 0, 0, 104, 0, 169 >,
 	< 171, 14, 1, 50, 0, 107, 4, 170 >,
 	< 172, 14, 9, 51, 0, 155, 2, 171 >,
 	< 173, 14, 9, 33, 69, 151, 5, 172 >,
 	< 174, 14, 6, 0, 38, 184, 1, 173 >,
 	< 175, 14, 2, 0, 53, 191, 7, 174 >,
 	< 176, 14, 3, 0, 45, 173, 8, 175 >,
 	< 177, 14, 9, 74, 70, 124, 6, 176 >,
 	< 178, 14, 8, 78, 0, 189, 9, 177 >,
 	< 179, 14, 7, 40, 88, 183, 3, 178 >,
 	// order 15
 	< 180, 15, 2, 78, 0, 128, 0, -1 >,
 	< 181, 15, 10, 0, 33, 173, 4, 180 >,
 	< 182, 15, 1, 0, 82, 174, 2, 181 >,
 	< 183, 15, 9, 30, 60, 102, 5, 182 >,
 	< 184, 15, 10, 0, 83, 130, 1, 183 >,
 	< 185, 15, 1, 66, 59, 173, 7, 184 >,
 	< 186, 15, 1, 0, 0, 184, 8, 185 >,
 	< 187, 15, 6, 71, 0, 142, 6, 186 >,
 	< 188, 15, 9, 66, 55, 107, 9, 187 >,
 	< 189, 15, 4, 0, 33, 114, 3, 188 >,
 	< 190, 15, 10, 0, 42, 147, 0, 189 >,
 	< 191, 15, 9, 0, 89, 125, 4, 190 >,
 	// order 16
 	< 192, 16, 4, 0, 0, 128, 2, -1 >,
 	< 193, 16, 1, 0, 93, 131, 5, 192 >,
 	< 194, 16, 3, 0, 30, 114, 1, 193 >,
 	< 195, 16, 5, 41, 0, 122, 7, 194 >,
 	< 196, 16, 8, 80, 49, 176, 8, 195 >,
 	< 197, 16, 7, 94, 0, 171, 6, 196 >,
 	< 198, 16, 2, 41, 0, 153, 9, 197 >,
 	< 199, 16, 1, 0, 0, 126, 3, 198 >,
 	< 200, 16, 10, 48, 0, 179, 0, 199 >,
 	< 201, 16, 8, 0, 0, 166, 4, 200 >,
 	< 202, 16, 8, 77, 0, 175, 2, 201 >,
 	< 203, 16, 1, 0, 92, 104, 5, 202 >,
 	// order 17
 	< 204, 17, 6, 0, 81, 152, 1, -1 >,
 	< 205, 17, 6, 0, 63, 184, 7, 204 >,
 	< 206, 17, 7, 0, 83, 113, 8, 205 >,
 	< 207, 17, 4, 0, 46, 177, 6, 206 >,
 	< 208, 17, 6, 0, 0, 199, 9, 207 >,
 	< 209, 17, 2, 33, 0, 187, 3, 208 >,
 	< 210, 17, 1, 93, 0, 115, 0, 209 >,
 	< 211, 17, 9, 58, 82, 190, 4, 210 >,
 	< 212, 17, 7, 91, 33, 138, 2, 211 >,
 	< 213, 17, 2, 93, 0, 101, 5, 212 >,
 	< 214, 17, 10, 0, 0, 151, 1, 213 >,
 	< 215, 17, 1, 0, 69, 188, 7, 214 >,
 	// order 18
 	< 216, 18, 6, 0, 58, 112, 8, -1 >,
 	< 217, 18, 8, 0, 0, 186, 6, 216 >,
 	< 218, 18, 3, 39, 54, 109, 9, 217 >,
 	< 219, 18, 7, 82, 86, 148, 3, 218 >,
 	< 220, 18, 2, 0, 0, 104, 0, 219 >,
 	< 221, 18, 9, 0, 0, 165, 4, 220 >,
 	< 222, 18, 8, 91, 0, 187, 2, 221 >,
 	< 223, 18, 4, 30, 0, 143, 5, 222 >,
 	< 224, 18, 4, 0, 33, 160, 1, 223 >,
 	< 225, 18, 6, 37, 0, 101, 7, 224 >,
 	< 226, 18, 10, 57, 83, 139, 8, 225 >,
 	< 227, 18, 5, 65, 0, 132, 6, 226 >,
 	// order 19
 	< 228, 19, 3, 0, 34, 156, 9, -1 >,
 	< 229, 19, 1, 96, 60, 161, 3, 228 >,
 	< 230, 19, 1, 0, 68, 171, 0, 229 >,
 	< 231, 19, 1, 93, 0, 169, 4, 230 >,
 	< 232, 19, 5, 0, 48, 134, 2, 231 >,
 	< 233, 19, 3, 63, 93, 150, 5, 232 >,
 	< 234, 19, 2, 0, 0, 123, 1, 233 >,
 	< 235, 19, 1, 33, 0, 116, 7, 234 >,
 	< 236, 19, 2, 0, 51, 144, 8, 235 >,
 	< 237, 19, 1, 44, 53, 113, 6, 236 >,
 	< 238, 19, 7, 0, 85, 192, 9, 237 >,
 	< 239, 19, 10, 45, 36, 147, 3, 238 >,
 	// order 20
 	< 240, 20, 1, 37, 44, 149, 0, -1 >,
 	< 241, 20, 4, 36, 59, 200, 4, 240 >,
 	< 242, 20, 6, 0, 61, 182, 2, 241 >,
 	< 243, 20, 3, 0, 0, 179, 5, 242 >,
 	< 244, 20, 7, 93, 64, 134, 1, 243 >,
 	< 245, 20, 4, 0, 0, 183, 7, 244 >,
 	< 246, 20, 8, 0, 30, 105, 8, 245 >,
 	< 247, 20, 2, 0, 65, 190, 6, 246 >,
 	< 248, 20, 1, 0, 43, 120, 9, 247 >,
 	< 249, 20, 2, 0, 0, 155, 3, 248 >,
 	< 250, 20, 10, 62, 78, 146, 0, 249 >,
 	< 251, 20, 8, 0, 0, 172, 4, 250 >,
 	// order 21
 	< 252, 21, 2, 75, 83, 167, 2, -1 >,
 	< 253, 21, 10, 55, 0, 125, 5, 252 >,
 	< 254, 21, 4, 0, 68, 178, 1, 253 >,
 	< 255, 21, 4, 0, 81, 137, 7, 254 >,
 	< 256, 21, 10, 64, 0, 189, 8, 255 >,
 	< 257, 21, 3, 0, 0, 155, 6, 256 >,
 	< 258, 21, 3, 58, 0, 135, 9, 257 >,
 	< 259, 21, 10, 0, 0, 180, 3, 258 >,
 	< 260, 21, 6, 0, 0, 104, 0, 259 >,
 	< 261, 21, 10, 0, 69, 166, 4, 260 >,
 	< 262, 21, 2, 37, 67, 134, 2, 261 >,
 	< 263, 21, 4, 0, 0, 116, 5, 262 >,
 	// order 22
 	< 264, 22, 7, 57, 0, 181, 1, -1 >,
 	< 265, 22, 9, 0, 0, 195, 7, 264 >,
 	< 266, 22, 3, 0, 58, 100, 8, 265 >,
 	< 267, 22, 5, 0, 0, 109, 6, 266 >,
 	< 268, 22, 9, 0, 0, 158, 9, 267 >,
 	< 269, 22, 4, 52, 0, 145, 3, 268 >,
 	< 270, 22, 8, 0, 0, 181, 0, 269 >,
 	< 271, 22, 2, 45, 95, 113, 4, 270 >,
 	< 272, 22, 8, 0, 0, 174, 2, 271 >,
 	< 273, 22, 1, 52, 0, 147, 5, 272 >,
 	< 274, 22, 5, 0, 0, 135, 1, 273 >,
 	< 275, 22, 9, 0, 0, 104, 7, 274 >,
 	// order 23
 	< 276, 23, 10, 0, 84, 118, 8, -1 >,
 	< 277, 23, 7, 0, 0, 184, 6, 276 >,
 	< 278, 23, 9, 0, 0, 179, 9, 277 >,
 	< 279, 23, 2, 0, 0, 103, 3, 278 >,
 	< 280, 23, 7, 77, 0, 116, 0, 279 >,
 	< 281, 23, 9, 0, 0, 185, 4, 280 >,
 	< 282, 23, 7, 0, 36, 116, 2, 281 >,
 	< 283, 23, 6, 87, 0, 158, 5, 282 >,
 	< 284, 23, 4, 0, 86, 186, 1, 283 >,
 	< 285, 23, 3, 0, 92, 190, 7, 284 >,
 	< 286, 23, 7, 0, 77, 132, 8, 285 >,
 	< 287, 23, 3, 76, 87, 120, 6, 286 >,
 	// order 24
 	< 288, 24, 6, 0, 0, 106, 9, -1 >,
 	< 289, 24, 1, 82, 92, 150, 3, 288 >,
 	< 290, 24, 10, 83, 0, 167, 0, 289 >,
 	< 291, 24, 1, 87, 99, 109, 4, 290 >,
 	< 292, 24, 2, 41, 0, 159, 2, 291 >,
 	< 293, 24, 10, 95, 40, 103, 5, 292 >,
 	< 294, 24, 5, 0, 31, 127, 1, 293 >,
 	< 295, 24, 8, 58, 0, 108, 7, 294 >,
 	< 296, 24, 1, 0, 55, 101, 8, 295 >,
 	< 297, 24, 6, 41, 90, 180, 6, 296 >,
 	< 298, 24, 9, 0, 0, 183, 9, 297 >,
 	< 299, 24, 2, 60, 98, 179, 3, 298 >,
 	// order 25
 	< 300, 25, 10, 0, 67, 136, 0, -1 >,
 	< 301, 25, 3, 86, 0, 198, 4, 300 >,
 	< 302, 25, 6, 30, 0, 112, 2, 301 >,
 	< 303, 25, 5, 70, 0, 112, 5, 302 >,
 	< 304, 25, 8, 0, 0, 124, 1, 303 >,
 	< 305, 25, 6, 0, 0, 119, 7, 304 >,
 	< 306, 25, 2, 59, 0, 147, 8, 305 >,
 	< 307, 25, 3, 0, 0, 177, 6, 306 >,
 	< 308, 25, 9, 53, 0, 137, 9, 307 >,
 	< 309, 25, 8, 45, 0, 109, 3, 308 >,
 	< 310, 25, 3, 79, 90, 164, 0, 309 >,
 	< 311, 25, 9, 0, 33, 171, 4, 310 >,
 	// order 26
 	< 312, 26, 10, 0, 62, 169, 2, -1 >,
 	< 313, 26, 1, 40, 0, 172, 5, 312 >,
 	< 314, 26, 1, 0, 39, 193, 1, 313 >,
 	< 315, 26, 1, 0, 0, 130, 7, 314 >,
 	< 316, 26, 5, 0, 0, 118, 8, 315 >,
 	< 317, 26, 2, 0, 0, 121, 6, 316 >,
 	< 318, 26, 6, 74, 0, 115, 9, 317 >,
 	< 319, 26, 1, 0, 70, 153, 3, 318 >,
 	< 320, 26, 6, 78, 0, 107, 0, 319 >,
 	< 321, 26, 3, 0, 0, 162, 4, 320 >,
 	< 322, 26, 1, 95, 82, 163, 2, 321 >,
 	< 323, 26, 6, 78, 94, 164, 5, 322 >,
 	// order 27
 	< 324, 27, 10, 0, 30, 135, 1, -1 >,
 	< 325, 27, 5, 0, 36, 164, 7, 324 >,
 	< 326, 27, 3, 0, 0, 157, 8, 325 >,
 	< 327, 27, 8, 39, 38, 181, 6, 326 >,
 	< 328, 27, 10, 58, 75, 115, 9, 327 >,
 	< 329, 27, 9, 69, 0, 137, 3, 328 >,
 	< 330, 27, 3, 93, 57, 182, 0, 329 >,
 	< 331, 27, 4, 83, 51, 153, 4, 330 >,
 	< 332, 27, 4, 0, 41, 116, 2, 331 >,
 	< 333, 27, 10, 63, 65, 110, 5, 332 >,
 	< 334, 27, 8, 0, 51, 136, 1, 333 >,
 	< 335, 27, 2, 88, 0, 169, 7, 334 >,
 	// order 28
 	< 336, 28, 3, 79, 100, 133, 8, -1 >,
 	< 337, 28, 8, 46, 0, 189, 6, 336 >,
 	< 338, 28, 7, 0, 0, 114, 9, 337 >,
 	< 339, 28, 1, 81, 72, 194, 3, 338 >,
 	< 340, 28, 7, 69, 0, 149, 0, 339 >,
 	< 341, 28, 5, 96, 43, 110, 4, 340 >,
 	< 342, 28, 10, 37, 0, 187, 2, 341 >,
 	< 343, 28, 6, 0, 42, 163, 5, 342 >,
 	< 344, 28, 5, 0, 0, 105, 1, 343 >,
 	< 345, 28, 8, 41, 0, 120, 7, 344 >,
 	< 346, 28, 9, 0, 83, 162, 8, 345 >,
 	< 347, 28, 2, 0, 0, 150, 6, 346 >,
 	// order 29
 	< 348, 29, 9, 0, 80, 118, 9, -1 >,
 	< 349, 29, 8, 65, 79, 121, 3, 348 >,
 	< 350, 29, 5, 39, 0, 130, 0, 349 >,
 	< 351, 29, 2, 54, 0, 174, 4, 350 >,
 	< 352, 29, 7, 0, 53, 135, 2, 351 >,
 	< 353, 29, 10, 0, 0, 148, 5, 352 >,
 	< 354, 29, 3, 42, 83, 189, 1, 353 >,
 	< 355, 29, 8, 97, 0, 135, 7, 354 >,
 	< 356, 29, 3, 63, 0, 178, 8, 355 >,
 	< 357, 29, 3, 54, 0, 147, 6, 356 >,
 	< 358, 29, 6, 48, 43, 194, 9, 357 >,
 	< 359, 29, 3, 0, 85, 154, 3, 358 >,
 	// order 30
 	< 360, 30, 5, 0, 0, 148, 0, -1 >,
 	< 361, 30, 3, 57, 70, 137, 4, 360 >,
 	< 362, 30, 7, 85, 0, 171, 2, 361 >,
 	< 363, 30, 9, 68, 0, 102, 5, 362 >,
 	< 364, 30, 9, 30, 96, 192, 1, 363 >,
 	< 365, 30, 10, 97, 0, 139, 7, 364 >,
 	< 366, 30, 2, 87, 64, 104, 8, 365 >,
 	< 367, 30, 6, 58, 87, 188, 6, 366 >,
 	< 368, 30, 2, 92, 0, 126, 9, 367 >,
 	< 369, 30, 5, 0, 89, 178, 3, 368 >,
 	< 370, 30, 8, 85, 0, 168, 0, 369 >,
 	< 371, 30, 6, 0, 89, 159, 4, 370 >,
 	// order 31
 	< 372, 31, 1, 70, 0, 197, 2, -1 >,
 	< 373, 31, 7, 0, 100, 100, 5, 372 >,
 	< 374, 31, 7, 0, 0, 177, 1, 373 >,
 	< 375, 31, 10, 33, 0, 164, 7, 374 >,
 	< 376, 31, 1, 88, 54, 189, 8, 375 >,
 	< 377, 31, 1, 0, 0, 136, 6, 376 >,
 	< 378, 31, 1, 0, 0, 175, 9, 377 >,
 	< 379, 31, 3, 39, 0, 162, 3, 378 >,
 	< 380, 31, 6, 49, 0, 166, 0, 379 >,
 	< 381, 31, 9, 0, 0, 171, 4, 380 >,
 	< 382, 31, 1, 85, 0, 189, 2, 381 >,
 	< 383, 31, 4, 79, 0, 142, 5, 382 >,
 	// order 32
 	< 384, 32, 3, 0, 73, 116, 1, -1 >,
 	< 385, 32, 5, 85, 0, 170, 7, 384 >,
 	< 386, 32, 8, 85, 60, 191, 8, 385 >,
 	< 387, 32, 1, 77, 0, 171, 6, 386 >,
 	< 388, 32, 3, 58, 0, 152, 9, 387 >,
 	< 389, 32, 6, 53, 0, 199, 3, 388 >,
 	< 390, 32, 6, 80, 0, 124, 0, 389 >,
 	< 391, 32, 7, 37, 80, 106, 4, 390 >,
 	< 392, 32, 9, 94, 0, 175, 2, 391 >,
 	< 393, 32, 2, 0, 50, 197, 5, 392 >,
 	< 394, 32, 1, 0, 99, 181, 1, 393 >,
 	< 395, 32, 5, 75, 59, 145, 7, 394 >,
 	// order 33
 	< 396, 33, 2, 49, 0, 107, 8, -1 >,
 	< 397, 33, 6, 0, 0, 107, 6, 396 >,
 	< 398, 33, 7, 62, 54, 196, 9, 397 >,
 	< 399, 33, 5, 0, 60, 148, 3, 398 >,
 	< 400, 33, 4, 31, 0, 144, 0, 399 >,
 	< 401, 33, 10, 0, 0, 118, 4, 400 >,
 	< 402, 33, 4, 0, 51, 161, 2, 401 >,
 	< 403, 33, 8, 75, 78, 158, 5, 402 >,
 	< 404, 33, 9, 45, 0, 112, 1, 403 >,
 	< 405, 33, 7, 0, 90, 200, 7, 404 >,
 	< 406, 33, 6, 61, 37, 133, 8, 405 >,
 	< 407, 33, 7, 30, 0, 150, 6, 406 >,
 	// order 34
 	< 408, 34, 8, 0, 46, 103, 9, -1 >,
 	< 409, 34, 2, 0, 33, 184, 3, 408 >,
 	< 410, 34, 5, 0, 72, 162, 0, 409 >,
 	< 411, 34, 6, 55, 96, 143, 4, 410 >,
 	< 412, 34, 6, 0, 71, 143, 2, 411 >,
 	< 413, 34, 4, 59, 0, 186, 5, 412 >,
 	< 414, 34, 6, 35, 0, 166, 1, 413 >,
 	< 415, 34, 6, 0, 0, 146, 7, 414 >,
 	< 416, 34, 1, 0, 40, 112, 8, 415 >,
 	< 417, 34, 8, 53, 0, 174, 6, 416 >,
 	< 418, 34, 10, 0, 0, 114, 9, 417 >,
 	< 419, 34, 1, 0, 89, 165, 3, 418 >,
 	// order 35
 	< 420, 35, 7, 67, 0, 185, 0, -1 >,
 	< 421, 35, 10, 64, 62, 197, 4, 420 >,
 	< 422, 35, 1, 49, 0, 192, 2, 421 >,
 	< 423, 35, 4, 32, 87, 184, 5, 422 >,
 	< 424, 35, 1, 0, 47, 143, 1, 423 >,
 	< 425, 35, 4, 0, 0, 100, 7, 424 >,
 	< 426, 35, 8, 57, 0, 166, 8, 425 >,
 	< 427, 35, 5, 98, 0, 126, 6, 426 >,
 	< 428, 35, 3, 92, 78, 125, 9, 427 >,
 	< 429, 35, 2, 45, 55, 185, 3, 428 >,
 	< 430, 35, 2, 84, 65, 150, 0, 429 >,
 	< 431, 35, 6, 64, 0, 178, 4, 430 >,
 	// order 36
 	< 432, 36, 5, 0, 0, 131, 2, -1 >,
 	< 433, 36, 8, 60, 88, 187, 5, 432 >,
 	< 434, 36, 5, 32, 0, 151, 1, 433 >,
 	< 435, 36, 10, 49, 46, 133, 7, 434 >,
 	< 436, 36, 7, 69, 80, 190, 8, 435 >,
 	< 437, 36, 10, 0, 0, 163, 6, 436 >,
 	< 438, 36, 8, 0, 0, 143, 9, 437 >,
 	< 439, 36, 4, 0, 56, 115, 3, 438 >,
 	< 440, 36, 8, 0, 99, 169, 0, 439 >,
 	< 441, 36, 4, 73, 66, 159, 4, 440 >,
 	< 442, 36, 3, 85, 0, 181, 2, 441 >,
 	< 443, 36, 3, 83, 0, 180, 5, 442 >,
 	// order 37
 	< 444, 37, 5, 0, 0, 123, 1, -1 >,
 	< 445, 37, 7, 0, 0, 172, 7, 444 >,
 	< 446, 37, 2, 34, 56, 145, 8, 445 >,
 	< 447, 37, 2, 0, 91, 124, 6, 446 >,
 	< 448, 37, 10, 0, 90, 178, 9, 447 >,
 	< 449, 37, 4, 64, 74, 108, 3, 448 >,
 	< 450, 37, 6, 0, 0, 136, 0, 449 >,
 	< 451, 37, 4, 34, 31, 106, 4, 450 >,
 	< 452, 37, 8, 87, 67, 137, 2, 451 >,
 	< 453, 37, 6, 0, 0, 169, 5, 452 >,
 	< 454, 37, 3, 66, 0, 152, 1, 453 >,
 	< 455, 37, 5, 0, 92, 186, 7, 454 >,
 	// order 38
 	< 456, 38, 8, 0, 0, 110, 8, -1 >,
 	< 457, 38, 2, 73, 0, 111, 6, 456 >,
 	< 458, 38, 3, 0, 0, 185, 9, 457 >,
 	< 459, 38, 2, 0, 0, 118, 3, 458 >,
 	< 460, 38, 1, 0, 46, 114, 0, 459 >,
 	< 461, 38, 4, 85, 77, 120, 4, 460 >,
 	< 462, 38, 9, 75, 0, 187, 2, 461 >,
 	< 463, 38, 2, 0, 0, 181, 5, 462 >,
 	< 464, 38, 8, 76, 69, 122, 1, 463 >,
 	< 465, 38, 1, 36, 0, 133, 7, 464 >,
 	< 466, 38, 9, 0, 0, 130, 8, 465 >,
 	< 467, 38, 5, 74, 36, 115, 6, 466 >,
 	// order 39
 	< 468, 39, 4, 44, 0, 118, 9, -1 >,
 	< 469, 39, 3, 77, 0, 168, 3, 468 >,
 	< 470, 39, 9, 70, 0, 135, 0, 469 >,
 	< 471, 39, 6, 0, 95, 132, 4, 470 >,
 	< 472, 39, 4, 63, 0, 137, 2, 471 >,
 	< 473, 39, 7, 53, 99, 154, 5, 472 >,
 	< 474, 39, 7, 0, 57, 106, 1, 473 >,
 	< 475, 39, 5, 0, 0, 200, 7, 474 >,
 	< 476, 39, 5, 82, 0, 145, 8, 475 >,
 	< 477, 39, 9, 86, 90, 165, 6, 476 >,
 	< 478, 39, 10, 84, 73, 112, 9, 477 >,
 	< 479, 39, 9, 0, 0, 163, 3, 478 >,
 	// order 40
 	< 480, 40, 3, 55, 0, 121, 0, -1 >,
 	< 481, 40, 8, 36, 0, 115, 4, 480 >,
 	< 482, 40, 9, 0, 93, 133, 2, 481 >,
 	< 483, 40, 10, 0, 65, 112, 5, 482 >,
 	< 484, 40, 9, 0, 0, 133, 1, 483 >,
 	< 485, 40, 6, 60, 84, 194, 7, 484 >,
 	< 486, 40, 6, 0, 56, 116, 8, 485 >,
 	< 487, 40, 3, 0, 0, 124, 6, 486 >,
 	< 488, 40, 2, 80, 79, 177, 9, 487 >,
 	< 489, 40, 7, 92, 77, 107, 3, 488 >,
 	< 490, 40, 10, 55, 92, 163, 0, 489 >,
 	< 491, 40, 1, 46, 0, 108, 4, 490 >,
 	// order 41
 	< 492, 41, 4, 0, 71, 141, 2, -1 >,
 	< 493, 41, 6, 36, 84, 164, 5, 492 >,
 	< 494, 41, 4, 0, 0, 172, 1, 493 >,
 	< 495, 41, 4, 97, 0, 156, 7, 494 >,
 	< 496, 41, 4, 0, 70, 177, 8, 495 >,
 	< 497, 41, 6, 49, 55, 174, 6, 496 >,
 	< 498, 41, 1, 71, 0, 131, 9, 497 >,
 	< 499, 41, 2, 0, 0, 123, 3, 498 >,
 	< 500, 41, 2, 0, 0, 130, 0, 499 >,
 	< 501, 41, 4, 0, 80, 116, 4, 500 >,
 	< 502, 41, 3, 0, 33, 177, 2, 501 >,
 	< 503, 41, 8, 0, 0, 101, 5, 502 >,
 	// order 42
 	< 504, 42, 9, 100, 0, 149, 1, -1 >,
 	< 505, 42, 2, 0, 73, 187, 7, 504 >,
 	< 506, 42, 8, 0, 0, 138, 8, 505 >,
 	< 507, 42, 8, 59, 30, 156, 6, 506 >,
 	< 508, 42, 3, 73, 37, 137, 9, 507 >,
 	< 509, 42, 10, 0, 31, 180, 3, 508 >,
 	< 510, 42, 2, 37, 0, 136, 0, 509 >,
 	< 511, 42, 3, 96, 49, 173, 4, 510 >,
 	< 512, 42, 6, 0, 0, 176, 2, 511 >,
 	< 513, 42, 10, 0, 36, 134, 5, 512 >,
 	< 514, 42, 9, 0, 87, 119, 1, 513 >,
 	< 515, 42, 3, 0, 0, 111, 7, 514 >,
 	// order 43
 	< 516, 43, 3, 77, 34, 153, 8, -1 >,
 	< 517, 43, 6, 0, 0, 134, 6, 516 >,
 	< 518, 43, 8, 97, 0, 129, 9, 517 >,
 	< 519, 43, 5, 0, 89, 136, 3, 518 >,
 	< 520, 43, 5, 47, 78, 191, 0, 519 >,
 	< 521, 43, 10, 50, 0, 110, 4, 520 >,
 	< 522, 43, 1, 0, 73, 138, 2, 521 >,
 	< 523, 43, 1, 100, 0, 116, 5, 522 >,
 	< 524, 43, 8, 0, 56, 161, 1, 523 >,
 	< 525, 43, 10, 0, 53, 110, 7, 524 >,
 	< 526, 43, 7, 0, 78, 146, 8, 525 >,
 	< 527, 43, 7, 94, 0, 155, 6, 526 >,
 	// order 44
 	< 528, 44, 7, 89, 0, 164, 9, -1 >,
 	< 529, 44, 4, 0, 94, 141, 3, 528 >,
 	< 530, 44, 2, 55, 0, 165, 0, 529 >,
 	< 531, 44, 8, 64, 0, 197, 4, 530 >,
 	< 532, 44, 9, 0, 35, 141, 2, 531 >,
 	< 533, 44, 8, 0, 0, 114, 5, 532 >,
 	< 534, 44, 8, 0, 0, 183, 1, 533 >,
 	< 535, 44, 10, 0, 46, 131, 7, 534 >,
 	< 536, 44, 8, 0, 71, 173, 8, 535 >,
 	< 537, 44, 10, 37, 86, 104, 6, 536 >,
 	< 538, 44, 8, 51, 43, 166, 9, 537 >,
 	< 539, 44, 5, 83, 92, 104, 3, 538 >,
 	// order 45
 	< 540, 45, 1, 0, 0, 115, 0, -1 >,
 	< 541, 45, 2, 61, 84, 153, 4, 540 >,
 	< 542, 45, 4, 91, 0, 131, 2, 541 >,
 	< 543, 45, 6, 0, 0, 130, 5, 542 >,
 	< 544, 45, 8, 36, 0, 182, 1, 543 >,
 	< 545, 45, 10, 0, 48, 105, 7, 544 >,
 	< 546, 45, 10, 0, 0, 187, 8, 545 >,
 	< 547, 45, 2, 46, 84, 186, 6, 546 >,
 	< 548, 45, 4, 36, 0, 117, 9, 547 >,
 	< 549, 45, 6, 99, 0, 135, 3, 548 >,
 	< 550, 45, 9, 74, 36, 150, 0, 549 >,
 	< 551, 45, 10, 54, 0, 191, 4, 550 >,
 	// order 46
 	< 552, 46, 2, 0, 86, 104, 2, -1 >,
 	< 553, 46, 10, 79, 0, 108, 5, 552 >,
 	< 554, 46, 10, 0, 0, 194, 1, 553 >,
 	< 555, 46, 3, 0, 48, 128, 7, 554 >,
 	< 556, 46, 5, 0, 94, 117, 8, 555 >,
 	< 557, 46, 2, 97, 77, 188, 6, 556 >,
 	< 558, 46, 4, 0, 97, 125, 9, 557 >,
 	< 559, 46, 4, 0, 0, 113, 3, 558 >,
 	< 560, 46, 7, 49, 49, 192, 0, 559 >,
 	< 561, 46, 6, 0, 88, 103, 4, 560 >,
 	< 562, 46, 2, 33, 77, 149, 2, 561 >,
 	< 563, 46, 3, 0, 43, 197, 5, 562 >,
 	// order 47
 	< 564, 47, 2, 0, 84, 175, 1, -1 >,
 	< 565, 47, 8, 0, 95, 102, 7, 564 >,
 	< 566, 47, 4, 0, 81, 196, 8, 565 >,
 	< 567, 47, 10, 48, 64, 136, 6, 566 >,
 	< 568, 47, 10, 84, 42, 178, 9, 567 >,
 	< 569, 47, 3, 34, 85, 194, 3, 568 >,
 	< 570, 47, 7, 46, 0, 150, 0, 569 >,
 	< 571, 47, 2, 33, 94, 100, 4, 570 >,
 	< 572, 47, 8, 57, 0, 172, 2, 571 >,
 	< 573, 47, 6, 45, 0, 171, 5, 572 >,
 	< 574, 47, 6, 0, 0, 173, 1, 573 >,
 	< 575, 47, 2, 97, 0, 193, 7, 574 >,
 	// order 48
 	< 576, 48, 9, 0, 43, 101, 8, -1 >,
 	< 577, 48, 2, 87, 0, 109, 6, 576 >,
 	< 578, 48, 8, 0, 0, 105, 9, 577 >,
 	< 579, 48, 7, 0, 0, 179, 3, 578 >,
 	< 580, 48, 8, 46, 0, 174, 0, 579 >,
 	< 581, 48, 7, 0, 0, 141, 4, 580 >,
 	< 582, 48, 9, 0, 0, 159, 2, 581 >,
 	< 583, 48, 9, 99, 0, 193, 5, 582 >,
 	< 584, 48, 2, 0, 0, 190, 1, 583 >,
 	< 585, 48, 10, 65, 0, 143, 7, 584 >,
 	< 586, 48, 3, 0, 0, 178, 8, 585 >,
 	< 587, 48, 8, 86, 0, 149, 6, 586 >,
 	// order 49
 	< 588, 49, 7, 0, 0, 193, 9, -1 >,
 	< 589, 49, 10, 83, 57, 176, 3, 588 >,
 	< 590, 49, 6, 61, 0, 200, 0, 589 >,
 	< 591, 49, 8, 86, 0, 183, 4, 590 >,
 	< 592, 49, 6, 95, 44, 196, 2, 591 >,
 	< 593, 49, 10, 0, 0, 171, 5, 592 >,
 	< 594, 49, 4, 76, 50, 164, 1, 593 >,
 	< 595, 49, 6, 0, 0, 141, 7, 594 >,
 	< 596, 49, 2, 0, 0, 175, 8, 595 >,
 	< 597, 49, 7, 88, 37, 106, 6, 596 >,
 	< 598, 49, 9, 0, 0, 141, 9, 597 >,
 	< 599, 49, 10, 0, 0, 172, 3, 598 >,
 	// order 50
 	< 600, 50, 8, 0, 0, 144, 0, -1 >,
 	< 601, 50, 9, 55, 41, 195, 4, 600 >,
 	< 602, 50, 3, 0, 0, 156, 2, 601 >,
 	< 603, 50, 5, 0, 63, 118, 5, 602 >,
 	< 604, 50, 2, 0, 39, 127, 1, 603 >,
 	< 605, 50, 3, 87, 0, 142, 7, 604 >,
 	< 606, 50, 3, 36, 0, 188, 8, 605 >,
 	< 607, 50, 6, 0, 0, 170, 6, 606 >,
 	< 608, 50, 3, 57, 62, 189, 9, 607 >,
 	< 609, 50, 5, 97, 0, 176, 3, 608 >,
 	< 610, 50, 4, 62, 51, 171, 0, 609 >,
 	< 611, 50, 2, 84, 0, 186, 4, 610 >,
 	// order 51
 	< 612, 51, 9, 0, 0, 191, 2, -1 >,
 	< 613, 51, 4, 0, 0, 123, 5, 612 >,
 	< 614, 51, 1, 0, 99, 122, 1, 613 >,
 	< 615, 51, 6, 39, 0, 125, 7, 614 >,
 	< 616, 51, 9, 0, 0, 148, 8, 615 >,
 	< 617, 51, 5, 0, 38, 109, 6, 616 >,
 	< 618, 51, 9, 0, 0, 150, 9, 617 >,
 	< 619, 51, 6, 0, 0, 178, 3, 618 >,
 	< 620, 51, 3, 68, 54, 156, 0, 619 >,
 	< 621, 51, 8, 0, 80, 175, 4, 620 >,
 	< 622, 51, 3, 0, 70, 100, 2, 621 >,
 	< 623, 51, 7, 86, 57, 171, 5, 622 >,
 	// order 52
 	< 624, 52, 3, 0, 0, 100, 1, -1 >,
 	< 625, 52, 4, 0, 69, 104, 7, 624 >,
 	< 626, 52, 6, 84, 69, 159, 8, 625 >,
 	< 627, 52, 8, 0, 51, 116, 6, 626 >,
 	< 628, 52, 8, 0, 92, 164, 9, 627 >,
 	< 629, 52, 4, 57, 75, 167, 3, 628 >,
 	< 630, 52, 6, 0, 53, 117, 0, 629 >,
 	< 631, 52, 3, 0, 0, 166, 4, 630 >,
 	< 632, 52, 7, 0, 46, 140, 2, 631 >,
 	< 633, 52, 7, 31, 0, 187, 5, 632 >,
 	< 634, 52, 5, 67, 0, 196, 1, 633 >,
 	< 635, 52, 10, 56, 0, 100, 7, 634 >,
 	// order 53
 	< 636, 53, 5, 0, 58, 185, 8, -1 >,
 	< 637, 53, 3, 0, 0, 121, 6, 636 >,
 	< 638, 53, 5, 0, 0, 168, 9, 637 >,
 	< 639, 53, 7, 0, 77, 154, 3, 638 >,
 	< 640, 53, 5, 59, 98, 102, 0, 639 >,
 	< 641, 53, 2, 32, 0, 157, 4, 640 >,
 	< 642, 53, 5, 92, 44, 118, 2, 641 >,
 	< 643, 53, 5, 0, 0, 139, 5, 642 >,
 	< 644, 53, 2, 0, 87, 100, 1, 643 >,
 	< 645, 53, 4, 0, 0, 188, 7, 644 >,
 	< 646, 53, 8, 0, 0, 105, 8, 645 >,
 	< 647, 53, 10, 0, 93, 127, 6, 646 >,
 	// order 54
 	< 648, 54, 7, 0, 0, 125, 9, -1 >,
 	< 649, 54, 3, 0, 89, 161, 3, 648 >,
 	< 650, 54, 2, 0, 0, 102, 0, 649 >,
 	< 651, 54, 2, 0, 0, 135, 4, 650 >,
 	< 652, 54, 7, 84, 75, 179, 2, 651 >,
 	< 653, 54, 6, 0, 0, 121, 5, 652 >,
 	< 654, 54, 3, 99, 73, 129, 1, 653 >,
 	< 655, 54, 2, 31, 0, 187, 7, 654 >,
 	< 656, 54, 1, 0, 0, 117, 8, 655 >,
 	< 657, 54, 8, 0, 58, 173, 6, 656 >,
 	< 658, 54, 3, 94, 85, 106, 9, 657 >,
 	< 659, 54, 2, 0, 0, 146, 3, 658 >,
 	// order 55
 	< 660, 55, 6, 0, 49, 157, 0, -1 >,
 	< 661, 55, 4, 72, 42, 185, 4, 660 >,
 	< 662, 55, 3, 0, 64, 155, 2, 661 >,
 	< 663, 55, 2, 85, 70, 176, 5, 662 >,
 	< 664, 55, 8, 99, 0, 162, 1, 663 >,
 	< 665, 55, 5, 68, 0, 187, 7, 664 >,
 	< 666, 55, 9, 80, 50, 112, 8, 665 >,
 	< 667, 55, 5, 40, 93, 122, 6, 666 >,
 	< 668, 55, 9, 60, 0, 107, 9, 667 >,
 	< 669, 55, 3, 58, 40, 189, 3, 668 >,
 	< 670, 55, 9, 0, 0, 128, 0, 669 >,
 	< 671, 55, 2, 45, 52, 102, 4, 670 >,
 	// order 56
 	< 672, 56, 10, 0, 40, 171, 2, -1 >,
 	< 673, 56, 3, 0, 0, 194, 5, 672 >,
 	< 674, 56, 8, 91, 87, 104, 1, 673 >,
 	< 675, 56, 10, 54, 74, 176, 7, 674 >,
 	< 676, 56, 4, 77, 60, 117, 8, 675 >,
 	< 677, 56, 9, 0, 0, 193, 6, 676 >,
 	< 678, 56, 8, 43, 65, 159, 9, 677 >,
 	< 679, 56, 9, 0, 94, 112, 3, 678 >,
 	< 680, 56, 6, 0, 97, 182, 0, 679 >,
 	< 681, 56, 4, 0, 0, 113, 4, 680 >,
 	< 682, 56, 9, 0, 49, 163, 2, 681 >,
 	< 683, 56, 8, 0, 0, 128, 5, 682 >,
 	// order 57
 	< 684, 57, 1, 0, 0, 179, 1, -1 >,
 	< 685, 57, 8, 0, 0, 134, 7, 684 >,
 	< 686, 57, 9, 56, 99, 156, 8, 685 >,
 	< 687, 57, 8, 83, 0, 175, 6, 686 >,
 	< 688, 57, 10, 91, 33, 101, 9, 687 >,
 	< 689, 57, 1, 0, 95, 128, 3, 688 >,
 	< 690, 57, 8, 0, 36, 189, 0, 689 >,
 	< 691, 57, 8, 0, 75, 175, 4, 690 >,
 	< 692, 57, 7, 0, 0, 170, 2, 691 >,
 	< 693, 57, 9, 0, 82, 198, 5, 692 >,
 	< 694, 57, 7, 65, 0, 131, 1, 693 >,
 	< 695, 57, 7, 0, 98, 177, 7, 694 >,
 	// order 58
 	< 696, 58, 8, 60, 0, 162, 8, -1 >,
 	< 697, 58, 9, 33, 77, 200, 6, 696 >,
 	< 698, 58, 6, 74, 50, 114, 9, 697 >,
 	< 699, 58, 5, 44, 41, 176, 3, 698 >,
 	< 700, 58, 9, 0, 0, 123, 0, 699 >,
 	< 701, 58, 10, 0, 0, 167, 4, 700 >,
 	< 702, 58, 2, 0, 0, 191, 2, 701 >,
 	< 703, 58, 1, 0, 0, 180, 5, 702 >,
 	< 704, 58, 9, 57, 35, 198, 1, 703 >,
 	< 705, 58, 2, 92, 0, 102, 7, 704 >,
 	< 706, 58, 6, 79, 44, 157, 8, 705 >,
 	< 707, 58, 10, 39, 0, 157, 6, 706 >,
 	// order 59
 	< 708, 59, 10, 63, 0, 187, 9, -1 >,
 	< 709, 59, 4, 80, 34, 108, 3, 708 >,
 	< 710, 59, 7, 53, 0, 117, 0, 709 >,
 	< 711, 59, 7, 41, 0, 136, 4, 710 >,
 	< 712, 59, 6, 0, 92, 143, 2, 711 >,
 	< 713, 59, 4, 54, 0, 169, 5, 712 >,
 	< 714, 59, 10, 52, 77, 152, 1, 713 >,
 	< 715, 59, 1, 0, 32, 116, 7, 714 >,
 	< 716, 59, 5, 60, 0, 170, 8, 715 >,
 	< 717, 59, 5, 0, 0, 124, 6, 716 >,
 	< 718, 59, 7, 84, 0, 140, 9, 717 >,
 	< 719, 59, 5, 38, 0, 200, 3, 718 >,
 	// order 60
 	< 720, 60, 1, 0, 56, 115, 0, -1 >,
 	< 721, 60, 1, 59, 76, 161, 4, 720 >,
 	< 722, 60, 9, 0, 0, 120, 2, 721 >,
 	< 723, 60, 1, 0, 0, 176, 5, 722 >,
 	< 724, 60, 8, 87, 93, 106, 1, 723 >,
 	< 725, 60, 10, 37, 46, 197, 7, 724 >,
 	< 726, 60, 10, 82, 86, 171, 8, 725 >,
 	< 727, 60, 6, 0, 0, 101, 6, 726 >,
 	< 728, 60, 1, 82, 87, 154, 9, 727 >,
 	< 729, 60, 4, 0, 0, 110, 3, 728 >,
 	< 730, 60, 1, 0, 33, 126, 0, 729 >,
 	< 731, 60, 5, 52, 0, 125, 4, 730 >,
 	// order 61
 	< 732, 61, 6, 49, 76, 112, 2, -1 >,
 	< 733, 61, 7, 0, 0, 136, 5, 732 >,
 	< 734, 61, 8, 0, 80, 194, 1, 733 >,
 	< 735, 61, 4, 0, 0, 125, 7, 734 >,
 	< 736, 61, 5, 0, 0, 116, 8, 735 >,
 	< 737, 61, 2, 72, 79, 169, 6, 736 >,
 	< 738, 61, 4, 49, 0, 180, 9, 737 >,
 	< 739, 61, 5, 0, 0, 104, 3, 738 >,
 	< 740, 61, 10, 89, 72, 198, 0, 739 >,
 	< 741, 61, 4, 76, 38, 197, 4, 740 >,
 	< 742, 61, 3, 33, 84, 148, 2, 741 >,
 	< 743, 61, 8, 0, 34, 114, 5, 742 >,
 	// order 62
 	< 744, 62, 10, 32, 63, 110, 1, -1 >,
 	< 745, 62, 10, 0, 34, 116, 7, 744 >,
 	< 746, 62, 3, 71, 64, 118, 8, 745 >,
 	< 747, 62, 8, 97, 0, 158, 6, 746 >,
 	< 748, 62, 8, 0, 0, 122, 9, 747 >,
 	< 749, 62, 4, 0, 55, 109, 3, 748 >,
 	< 750, 62, 3, 68, 35, 156, 0, 749 >,
 	< 751, 62, 5, 86, 79, 128, 4, 750 >,
 	< 752, 62, 9, 0, 0, 148, 2, 751 >,
 	< 753, 62, 2, 0, 69, 135, 5, 752 >,
 	< 754, 62, 9, 0, 0, 141, 1, 753 >,
 	< 755, 62, 1, 55, 0, 180, 7, 754 >,
 	// order 63
 	< 756, 63, 9, 0, 0, 198, 8, -1 >,
 	< 757, 63, 10, 0, 0, 173, 6, 756 >,
 	< 758, 63, 6, 82, 43, 120, 9, 757 >,
 	< 759, 63, 4, 0, 37, 183, 3, 758 >,
 	< 760, 63, 8, 0, 98, 180, 0, 759 >,
 	< 761, 63, 8, 0, 59, 144, 4, 760 >,
 	< 762, 63, 1, 36, 100, 186, 2, 761 >,
 	< 763, 63, 4, 95, 0, 200, 5, 762 >,
 	< 764, 63, 5, 0, 34, 182, 1, 763 >,
 	< 765, 63, 5, 95, 37, 122, 7, 764 >,
 	< 766, 63, 8, 66, 31, 135, 8, 765 >,
 	< 767, 63, 7, 0, 70, 162, 6, 766 >,
 	// order 64
 	< 768, 64, 3, 47, 50, 118, 9, -1 >,
 	< 769, 64, 4, 64, 100, 183, 3, 768 >,
 	< 770, 64, 3, 47, 99, 129, 0, 769 >,
 	< 771, 64, 8, 71, 0, 181, 4, 770 >,
 	< 772, 64, 10, 37, 0, 185, 2, 771 >,
 	< 773, 64, 1, 0, 71, 143, 5, 772 >,
 	< 774, 64, 9, 0, 0, 183, 1, 773 >,
 	< 775, 64, 2, 0, 0, 157, 7, 774 >,
 	< 776, 64, 9, 52, 79, 121, 8, 775 >,
 	< 777, 64, 1, 62, 96, 180, 6, 776 >,
 	< 778, 64, 7, 0, 79, 134, 9, 777 >,
 	< 779, 64, 2, 0, 65, 190, 3, 778 >,
 	// order 65
 	< 780, 65, 4, 0, 0, 140, 0, -1 >,
 	< 781, 65, 5, 0, 0, 107, 4, 780 >,
 	< 782, 65, 9, 0, 0, 131, 2, 781 >,
 	< 783, 65, 7, 65, 0, 186, 5, 782 >,
 	< 784, 65, 9, 0, 0, 157, 1, 783 >,
 	< 785, 65, 5, 85, 85, 123, 7, 784 >,
 	< 786, 65, 5, 0, 0, 199, 8, 785 >,
 	< 787, 65, 7, 0, 0, 128, 6, 786 >,
 	< 788, 65, 1, 0, 0, 175, 9, 787 >,
 	< 789, 65, 6, 57, 87, 153, 3, 788 >,
 	< 790, 65, 4, 0, 0, 120, 0, 789 >,
 	< 791, 65, 3, 0, 0, 155, 4, 790 >,
 	// order 66
 	< 792, 66, 5, 0, 63, 163, 2, -1 >,
 	< 793, 66, 7, 47, 71, 176, 5, 792 >,
 	< 794, 66, 2, 47, 60, 140, 1, 793 >,
 	< 795, 66, 8, 40, 62, 117, 7, 794 >,
 	< 796, 66, 6, 48, 0, 143, 8, 795 >,
 	< 797, 66, 10, 0, 0, 181, 6, 796 >,
 	< 798, 66, 8, 0, 77, 137, 9, 797 >,
 	< 799, 66, 7, 76, 0, 129, 3, 798 >,
 	< 800, 66, 9, 39, 91, 113, 0, 799 >,
 	< 801, 66, 7, 86, 0, 171, 4, 800 >,
 	< 802, 66, 2, 98, 0, 137, 2, 801 >,
 	< 803, 66, 6, 0, 0, 125, 5, 802 >,
 	// order 67
 	< 804, 67, 3, 52, 61, 160, 1, -1 >,
 	< 805, 67, 6, 0, 0, 178, 7, 804 >,
 	< 806, 67, 1, 36, 0, 157, 8, 805 >,
 	< 807, 67, 4, 0, 0, 139, 6, 806 >,
 	< 808, 67, 3, 41, 0, 183, 9, 807 >,
 	< 809, 67, 2, 50, 66, 100, 3, 808 >,
 	< 810, 67, 1, 0, 0, 181, 0, 809 >,
 	< 811, 67, 1, 0, 0, 117, 4, 810 >,
 	< 812, 67, 3, 0, 76, 177, 2, 811 >,
 	< 813, 67, 1, 0, 33, 129, 5, 812 >,
 	< 814, 67, 4, 97, 0, 198, 1, 813 >,
 	< 815, 67, 1, 0, 0, 110, 7, 814 >,
 	// order 68
 	< 816, 68, 5, 92, 0, 192, 8, -1 >,
 	< 817, 68, 5, 0, 78, 153, 6, 816 >,
 	< 818, 68, 3, 0, 0, 189, 9, 817 >,
 	< 819, 68, 3, 0, 0, 170, 3, 818 >,
 	< 820, 68, 2, 0, 0, 141, 0, 819 >,
 	< 821, 68, 3, 30, 0, 173, 4, 820 >,
 	< 822, 68, 1, 57, 0, 131, 2, 821 >,
 	< 823, 68, 10, 0, 52, 133, 5, 822 >,
 	< 824, 68, 10, 41, 53, 174, 1, 823 >,
 	< 825, 68, 3, 88, 0, 190, 7, 824 >,
 	< 826, 68, 7, 0, 54, 139, 8, 825 >,
 	< 827, 68, 8, 36, 55, 131, 6, 826 >,
 	// order 69
 	< 828, 69, 7, 30, 50, 120, 9, -1 >,
 	< 829, 69, 10, 96, 96, 175, 3, 828 >,
 	< 830, 69, 2, 0, 78, 106, 0, 829 >,
 	< 831, 69, 7, 0, 42, 109, 4, 830 >,
 	< 832, 69, 9, 0, 67, 199, 2, 831 >,
 	< 833, 69, 10, 0, 94, 176, 5, 832 >,
 	< 834, 69, 10, 100, 0, 171, 1, 833 >,
 	< 835, 69, 5, 0, 0, 180, 7, 834 >,
 	< 836, 69, 3, 0, 84, 143, 8, 835 >,
 	< 837, 69, 7, 0, 0, 101, 6, 836 >,
 	< 838, 69, 7, 0, 72, 113, 9, 837 >,
 	< 839, 69, 6, 76, 0, 176, 3, 838 >,
 	// order 70
 	< 840, 70, 3, 0, 0, 139, 0, -1 >,
 	< 841, 70, 10, 0, 67, 108, 4, 840 >,
 	< 842, 70, 6, 70, 0, 193, 2, 841 >,
 	< 843, 70, 10, 89, 71, 124, 5, 842 >,
 	< 844, 70, 9, 63, 0, 191, 1, 843 >,
 	< 845, 70, 5, 0, 0, 151, 7, 844 >,
 	< 846, 70, 5, 0, 0, 132, 8, 845 >,
 	< 847, 70, 7, 83, 90, 200, 6, 846 >,
 	< 848, 70, 6, 39, 0, 191, 9, 847 >,
 	< 849, 70, 1, 0, 0, 162, 3, 848 >,
 	< 850, 70, 7, 0, 35, 106, 0, 849 >,
 	< 851, 70, 10, 64, 38, 149, 4, 850 >,
 	// order 71
 	< 852, 71, 6, 57, 0, 164, 2, -1 >,
 	< 853, 71, 1, 47, 34, 122, 5, 852 >,
 	< 854, 71, 10, 90, 71, 173, 1, 853 >,
 	< 855, 71, 6, 41, 52, 159, 7, 854 >,
 	< 856, 71, 8, 0, 57, 200, 8, 855 >,
 	< 857, 71, 5, 56, 0, 186, 6, 856 >,
 	< 858, 71, 4, 0, 48, 111, 9, 857 >,
 	< 859, 71, 6, 37, 73, 156, 3, 858 >,
 	< 860, 71, 5, 0, 46, 107, 0, 859 >,
 	< 861, 71, 4, 0, 100, 195, 4, 860 >,
 	< 862, 71, 7, 0, 0, 164, 2, 861 >,
 	< 863, 71, 8, 78, 89, 178, 5, 862 >,
 	// order 72
 	< 864, 72, 7, 0, 0, 162, 1, -1 >,
 	< 865, 72, 4, 0, 0, 161, 7, 864 >,
 	< 866, 72, 1, 34, 80, 102, 8, 865 >,
 	< 867, 72, 4, 34, 0, 193, 6, 866 >,
 	< 868, 72, 1, 60, 0, 191, 9, 867 >,
 	< 869, 72, 8, 0, 0, 163, 3, 868 >,
 	< 870, 72, 4, 40, 0, 200, 0, 869 >,
 	< 871, 72, 9, 55, 0, 108, 4, 870 >,
 	< 872, 72, 9, 31, 96, 124, 2, 871 >,
 	< 873, 72, 9, 63, 0, 129, 5, 872 >,
 	< 874, 72, 9, 66, 0, 178, 1, 873 >,
 	< 875, 72, 2, 0, 39, 192, 7, 874 >,
 	// order 73
 	< 876, 73, 1, 0, 49, 134, 8, -1 >,
 	< 877, 73, 7, 30, 40, 199, 6, 876 >,
 	< 878, 73, 6, 51, 0, 103, 9, 877 >,
 	< 879, 73, 1, 0, 31, 103, 3, 878 >,
 	< 880, 73, 9, 53, 0, 185, 0, 879 >,
 	< 881, 73, 7, 0, 0, 166, 4, 880 >,
 	< 882, 73, 7, 42, 0, 180, 2, 881 >,
 	< 883, 73, 6, 0, 0, 160, 5, 882 >,
 	< 884, 73, 7, 77, 43, 131, 1, 883 >,
 	< 885, 73, 3, 45, 82, 113, 7, 884 >,
 	< 886, 73, 8, 38, 46, 123, 8, 885 >,
 	< 887, 73, 4, 64, 81, 179, 6, 886 >,
 	// order 74
 	< 888, 74, 3, 62, 0, 181, 9, -1 >,
 	< 889, 74, 6, 80, 93, 131, 3, 888 >,
 	< 890, 74, 1, 0, 0, 170, 0, 889 >,
 	< 891, 74, 1, 0, 0, 141, 4, 890 >,
 	< 892, 74, 4, 0, 91, 162, 2, 891 >,
 	< 893, 74, 1, 0, 54, 197, 5, 892 >,
 	< 894, 74, 5, 0, 49, 188, 1, 893 >,
 	< 895, 74, 4, 90, 33, 171, 7, 894 >,
 	< 896, 74, 2, 0, 0, 187, 8, 895 >,
 	< 897, 74, 6, 0, 31, 153, 6, 896 >,
 	< 898, 74, 4, 64, 54, 132, 9, 897 >,
 	< 899, 74, 7, 90, 0, 152, 3, 898 >,
 	// order 75
 	< 900, 75, 10, 0, 49, 178, 0, -1 >,
 	< 901, 75, 7, 64, 32, 116, 4, 900 >,
 	< 902, 75, 3, 80, 0, 144, 2, 901 >,
 	< 903, 75, 2, 32, 84, 154, 5, 902 >,
 	< 904, 75, 9, 87, 37, 192, 1, 903 >,
 	< 905, 75, 6, 30, 0, 152, 7, 904 >,
 	< 906, 75, 6, 90, 0, 110, 8, 905 >,
 	< 907, 75, 1, 53, 0, 118, 6, 906 >,
 	< 908, 75, 6, 0, 0, 152, 9, 907 >,
 	< 909, 75, 9, 0, 68, 166, 3, 908 >,
 	< 910, 75, 9, 0, 59, 147, 0, 909 >,
 	< 911, 75, 2, 0, 0, 155, 4, 910 >,
 	// order 76
 	< 912, 76, 9, 39, 0, 115, 2, -1 >,
 	< 913, 76, 8, 0, 56, 116, 5, 912 >,
 	< 914, 76, 1, 36, 81, 136, 1, 913 >,
 	< 915, 76, 4, 0, 0, 111, 7, 914 >,
 	< 916, 76, 3, 77, 0, 134, 8, 915 >,
 	< 917, 76, 2, 0, 54, 138, 6, 916 >,
 	< 918, 76, 2, 96, 0, 149, 9, 917 >,
 	< 919, 76, 2, 0, 0, 103, 3, 918 >,
 	< 920, 76, 7, 0, 82, 173, 0, 919 >,
 	< 921, 76, 6, 81, 32, 105, 4, 920 >,
 	< 922, 76, 2, 32, 0, 130, 2, 921 >,
 	< 923, 76, 1, 0, 78, 197, 5, 922 >,
 	// order 77
 	< 924, 77, 7, 73, 31, 141, 1, -1 >,
 	< 925, 77, 10, 40, 52, 184, 7, 924 >,
 	< 926, 77, 4, 32, 0, 106, 8, 925 >,
 	< 927, 77, 10, 71, 0, 138, 6, 926 >,
 	< 928, 77, 8, 0, 0, 142, 9, 927 >,
 	< 929, 77, 6, 36, 0, 185, 3, 928 >,
 	< 930, 77, 1, 34, 0, 141, 0, 929 >,
 	< 931, 77, 3, 80, 0, 178, 4, 930 >,
 	< 932, 77, 1, 59, 52, 132, 2, 931 >,
 	< 933, 77, 3, 0, 99, 131, 5, 932 >,
 	< 934, 77, 4, 0, 0, 124, 1, 933 >,
 	< 935, 77, 10, 0, 72, 182, 7, 934 >,
 	// order 78
 	< 936, 78, 1, 79, 48, 104, 8, -1 >,
 	< 937, 78, 4, 74, 0, 132, 6, 936 >,
 	< 938, 78, 3, 87, 0, 177, 9, 937 >,
 	< 939, 78, 4, 93, 0, 135, 3, 938 >,
 	< 940, 78, 10, 0, 0, 153, 0, 939 >,
 	< 941, 78, 8, 70, 64, 197, 4, 940 >,
 	< 942, 78, 10, 0, 0, 172, 2, 941 >,
 	< 943, 78, 5, 75, 0, 128, 5, 942 >,
 	< 944, 78, 10, 0, 0, 189, 1, 943 >,
 	< 945, 78, 7, 0, 50, 104, 7, 944 >,
 	< 946, 78, 5, 83, 65, 146, 8, 945 >,
 	< 947, 78, 2, 0, 0, 123, 6, 946 >,
 	// order 79
 	< 948, 79, 6, 0, 32, 114, 9, -1 >,
 	< 949, 79, 1, 0, 0, 128, 3, 948 >,
 	< 950, 79, 1, 0, 78, 108, 0, 949 >,
 	< 951, 79, 7, 0, 66, 126, 4, 950 >,
 	< 952, 79, 9, 0, 59, 152, 2, 951 >,
 	< 953, 79, 3, 44, 0, 161, 5, 952 >,
 	< 954, 79, 9, 95, 58, 194, 1, 953 >,
 	< 955, 79, 10, 0, 0, 124, 7, 954 >,
 	< 956, 79, 8, 0, 65, 118, 8, 955 >,
 	< 957, 79, 1, 94, 48, 140, 6, 956 >,
 	< 958, 79, 6, 45, 0, 178, 9, 957 >,
 	< 959, 79, 6, 46, 48, 189, 3, 958 >,
 	// order 80
 	< 960, 80, 3, 63, 38, 119, 0, -1 >,
 	< 961, 80, 3, 0, 91, 150, 4, 960 >,
 	< 962, 80, 3, 0, 65, 145, 2, 961 >,
 	< 963, 80, 3, 78, 68, 182, 5, 962 >,
 	< 964, 80, 3, 0, 80, 126, 1, 963 >,
 	< 965, 80, 7, 0, 0, 200, 7, 964 >,
 	< 966, 80, 7, 93, 60, 103, 8, 965 >,
 	< 967, 80, 7, 59, 67, 159, 6, 966 >,
 	< 968, 80, 6, 0, 0, 174, 9, 967 >,
 	< 969, 80, 9, 0, 0, 168, 3, 968 >,
 	< 970, 80, 8, 0, 0, 135, 0, 969 >,
 	< 971, 80, 5, 0, 0, 164, 4, 970 >,
 	// order 81
 	< 972, 81, 5, 76, 75, 187, 2, -1 >,
 	< 973, 81, 9, 0, 68, 107, 5, 972 >,
 	< 974, 81, 5, 75, 0, 134, 1, 973 >,
 	< 975, 81, 1, 0, 44, 154, 7, 974 >,
 	< 976, 81, 10, 0, 0, 120, 8, 975 >,
 	< 977, 81, 4, 0, 79, 155, 6, 976 >,
 	< 978, 81, 6, 0, 30, 148, 9, 977 >,
 	< 979, 81, 5, 81, 77, 122, 3, 978 >,
 	< 980, 81, 1, 0, 0, 120, 0, 979 >,
 	< 981, 81, 8, 0, 0, 180, 4, 980 >,
 	< 982, 81, 10, 0, 0, 163, 2, 981 >,
 	< 983, 81, 1, 0, 0, 154, 5, 982 >,
 	// order 82
 	< 984, 82, 3, 50, 46, 159, 1, -1 >,
 	< 985, 82, 1, 0, 72, 158, 7, 984 >,
 	< 986, 82, 2, 55, 0, 128, 8, 985 >,
 	< 987, 82, 1, 62, 33, 115, 6, 986 >,
 	< 988, 82, 5, 0, 0, 181, 9, 987 >,
 	< 989, 82, 8, 0, 0, 150, 3, 988 >,
 	< 990, 82, 9, 33, 78, 113, 0, 989 >,
 	< 991, 82, 7, 0, 65, 113, 4, 990 >,
 	< 992, 82, 4, 0, 0, 151, 2, 991 >,
 	< 993, 82, 10, 0, 34, 196, 5, 992 >,
 	< 994, 82, 7, 0, 74, 148, 1, 993 >,
 	< 995, 82, 2, 0, 0, 139, 7, 994 >,
 	// order 83
 	< 996, 83, 5, 88, 61, 178, 8, -1 >,
 	< 997, 83, 7, 0, 77, 115, 6, 996 >,
 	< 998, 83, 7, 99, 77, 172, 9, 997 >,
 	< 999, 83, 9, 0, 49, 180, 3, 998 >,
 	< 1000, 83, 2, 0, 0, 189, 0, 999 >,
 	< 1001, 83, 8, 0, 0, 146, 4, 1000 >,
 	< 1002, 83, 6, 0, 79, 157, 2, 1001 >,
 	< 1003, 83, 7, 0, 87, 135, 5, 1002 >,
 	< 1004, 83, 9, 41, 94, 133, 1, 1003 >,
 	< 1005, 83, 7, 0, 98, 177, 7, 1004 >,
 	< 1006, 83, 3, 49, 0, 163, 8, 1005 >,
 	< 1007, 83, 7, 54, 100, 140, 6, 1006 >,
 	// order 84
 	< 1008, 84, 7, 0, 0, 114, 9, -1 >,
 	< 1009, 84, 10, 0, 0, 128, 3, 1008 >,
 	< 1010, 84, 4, 0, 0, 200, 0, 1009 >,
 	< 1011, 84, 10, 0, 47, 122, 4, 1010 >,
 	< 1012, 84, 1, 0, 71, 146, 2, 1011 >,
 	< 1013, 84, 7, 0, 0, 137, 5, 1012 >,
 	< 1014, 84, 6, 30, 50, 125, 1, 1013 >,
 	< 1015, 84, 4, 0, 0, 178, 7, 1014 >,
 	< 1016, 84, 8, 54, 0, 164, 8, 1015 >,
 	< 1017, 84, 4, 78, 0, 178, 6, 1016 >,
 	< 1018, 84, 4, 100, 0, 147, 9, 1017 >,
 	< 1019, 84, 4, 0, 0, 183, 3, 1018 >,
 	// order 85
 	< 1020, 85, 3, 88, 73, 164, 0, -1 >,
 	< 1021, 85, 5, 0, 85, 183, 4, 1020 >,
 	< 1022, 85, 7, 0, 0, 186, 2, 1021 >,
 	< 1023, 85, 5, 0, 80, 110, 5, 1022 >,
 	< 1024, 85, 2, 30, 0, 146, 1, 1023 >,
 	< 1025, 85, 1, 96, 40, 197, 7, 1024 >,
 	< 1026, 85, 9, 0, 92, 108, 8, 1025 >,
 	< 1027, 85, 10, 82, 41, 112, 6, 1026 >,
 	< 1028, 85, 9, 53, 0, 187, 9, 1027 >,
 	< 1029, 85, 3, 0, 31, 166, 3, 1028 >,
 	< 1030, 85, 7, 0, 56, 169, 0, 1029 >,
 	< 1031, 85, 7, 0, 78, 153, 4, 1030 >,
 	// order 86
 	< 1032, 86, 7, 87, 65, 188, 2, -1 >,
 	< 1033, 86, 5, 65, 96, 189, 5, 1032 >,
 	< 1034, 86, 10, 0, 0, 109, 1, 1033 >,
 	< 1035, 86, 9, 0, 0, 166, 7, 1034 >,
 	< 1036, 86, 9, 39, 0, 122, 8, 1035 >,
 	< 1037, 86, 10, 66, 0, 129, 6, 1036 >,
 	< 1038, 86, 5, 0, 0, 163, 9, 1037 >,
 	< 1039, 86, 5, 0, 0, 138, 3, 1038 >,
 	< 1040, 86, 7, 87, 0, 144, 0, 1039 >,
 	< 1041, 86, 5, 84, 0, 158, 4, 1040 >,
 	< 1042, 86, 4, 90, 0, 146, 2, 1041 >,
 	< 1043, 86, 1, 31, 0, 150, 5, 1042 >,
 	// order 87
 	< 1044, 87, 8, 94, 56, 121, 1, -1 >,
 	< 1045, 87, 2, 82, 0, 161, 7, 1044 >,
 	< 1046, 87, 8, 60, 40, 185, 8, 1045 >,
 	< 1047, 87, 5, 0, 72, 145, 6, 1046 >,
 	< 1048, 87, 8, 0, 0, 180, 9, 1047 >,
 	< 1049, 87, 5, 0, 38, 191, 3, 1048 >,
 	< 1050, 87, 5, 72, 39, 108, 0, 1049 >,
 	< 1051, 87, 9, 46, 0, 193, 4, 1050 >,
 	< 1052, 87, 1, 98, 72, 142, 2, 1051 >,
 	< 1053, 87, 5, 0, 0, 129, 5, 1052 >,
 	< 1054, 87, 9, 94, 0, 174, 1, 1053 >,
 	< 1055, 87, 6, 71, 93, 112, 7, 1054 >,
 	// order 88
 	< 1056, 88, 7, 0, 0, 105, 8, -1 >,
 	< 1057, 88, 4, 67, 0, 100, 6, 1056 >,
 	< 1058, 88, 5, 60, 59, 190, 9, 1057 >,
 	< 1059, 88, 5, 44, 0, 178, 3, 1058 >,
 	< 1060, 88, 4, 73, 98, 170, 0, 1059 >,
 	< 1061, 88, 4, 0, 33, 141, 4, 1060 >,
 	< 1062, 88, 5, 0, 58, 148, 2, 1061 >,
 	< 1063, 88, 8, 0, 0, 165, 5, 1062 >,
 	< 1064, 88, 10, 0, 0, 184, 1, 1063 >,
 	< 1065, 88, 9, 0, 0, 185, 7, 1064 >,
 	< 1066, 88, 9, 0, 0, 138, 8, 1065 >,
 	< 1067, 88, 8, 0, 78, 179, 6, 1066 >,
 	// order 89
 	< 1068, 89, 6, 0, 56, 112, 9, -1 >,
 	< 1069, 89, 6, 33, 34, 187, 3, 1068 >,
 	< 1070, 89, 1, 0, 38, 100, 0, 1069 >,
 	< 1071, 89, 4, 37, 85, 179, 4, 1070 >,
 	< 1072, 89, 7, 0, 69, 143, 2, 1071 >,
 	< 1073, 89, 9, 0, 47, 103, 5, 1072 >,
 	< 1074, 89, 8, 45, 0, 149, 1, 1073 >,
 	< 1075, 89, 3, 82, 0, 180, 7, 1074 >,
 	< 1076, 89, 4, 0, 0, 183, 8, 1075 >,
 	< 1077, 89, 5, 0, 0, 137, 6, 1076 >,
 	< 1078, 89, 4, 0, 94, 101, 9, 1077 >,
 	< 1079, 89, 8, 0, 0, 183, 3, 1078 >,
 	// order 90
 	< 1080, 90, 6, 0, 0, 101, 0, -1 >,
 	< 1081, 90, 8, 88, 0, 172, 4, 1080 >,
 	< 1082, 90, 5, 66, 0, 196, 2, 1081 >,
 	< 1083, 90, 4, 99, 0, 133, 5, 1082 >,
 	< 1084, 90, 1, 38, 88, 166, 1, 1083 >,
 	< 1085, 90, 4, 57, 78, 143, 7, 1084 >,
 	< 1086, 90, 10, 0, 0, 127, 8, 1085 >,
 	< 1087, 90, 7, 0, 67, 146, 6, 1086 >,
 	< 1088, 90, 6, 80, 0, 133, 9, 1087 >,
 	< 1089, 90, 9, 0, 0, 128, 3, 1088 >,
 	< 1090, 90, 4, 0, 0, 115, 0, 1089 >,
 	< 1091, 90, 2, 0, 0, 113, 4, 1090 >,
 	// order 91
 	< 1092, 91, 3, 0, 0, 190, 2, -1 >,
 	< 1093, 91, 5, 0, 0, 199, 5, 1092 >,
 	< 1094, 91, 9, 0, 78, 171, 1, 1093 >,
 	< 1095, 91, 4, 0, 91, 154, 7, 1094 >,
 	< 1096, 91, 2, 0, 64, 180, 8, 1095 >,
 	< 1097, 91, 1, 36, 0, 164, 6, 1096 >,
 	< 1098, 91, 2, 35, 0, 182, 9, 1097 >,
 	< 1099, 91, 6, 59, 0, 157, 3, 1098 >,
 	< 1100, 91, 1, 0, 36, 153, 0, 1099 >,
 	< 1101, 91, 6, 77, 100, 183, 4, 1100 >,
 	< 1102, 91, 4, 0, 95, 104, 2, 1101 >,
 	< 1103, 91, 3, 70, 0, 132, 5, 1102 >,
 	// order 92
 	< 1104, 92, 4, 0, 0, 188, 1, -1 >,
 	< 1105, 92, 1, 0, 0, 188, 7, 1104 >,
 	< 1106, 92, 2, 0, 93, 130, 8, 1105 >,
 	< 1107, 92, 5, 0, 84, 196, 6, 1106 >,
 	< 1108, 92, 2, 0, 66, 145, 9, 1107 >,
 	< 1109, 92, 9, 63, 0, 141, 3, 1108 >,
 	< 1110, 92, 8, 0, 0, 186, 0, 1109 >,
 	< 1111, 92, 7, 0, 31, 127, 4, 1110 >,
 	< 1112, 92, 3, 0, 0, 131, 2, 1111 >,
 	< 1113, 92, 8, 0, 33, 150, 5, 1112 >,
 	< 1114, 92, 10, 0, 52, 151, 1, 1113 >,
 	< 1115, 92, 9, 0, 0, 141, 7, 1114 >,
 	// order 93
 	< 1116, 93, 9, 72, 0, 157, 8, -1 >,
 	< 1117, 93, 8, 37, 54, 194, 6, 1116 >,
 	< 1118, 93, 3, 0, 37, 147, 9, 1117 >,
 	< 1119, 93, 6, 0, 37, 111, 3, 1118 >,
 	< 1120, 93, 2, 84, 0, 149, 0, 1119 >,
 	< 1121, 93, 3, 62, 53, 149, 4, 1120 >,
 	< 1122, 93, 6, 94, 0, 168, 2, 1121 >,
 	< 1123, 93, 1, 78, 0, 168, 5, 1122 >,
 	< 1124, 93, 5, 0, 0, 122, 1, 1123 >,
 	< 1125, 93, 10, 0, 89, 198, 7, 1124 >,
 	< 1126, 93, 4, 95, 0, 171, 8, 1125 >,
 	< 1127, 93, 7, 96, 0, 146, 6, 1126 >,
 	// order 94
 	< 1128, 94, 3, 44, 0, 145, 9, -1 >,
 	< 1129, 94, 7, 0, 77, 179, 3, 1128 >,
 	< 1130, 94, 5, 37, 61, 166, 0, 1129 >,
 	< 1131, 94, 9, 30, 86, 191, 4, 1130 >,
 	< 1132, 94, 7, 100, 77, 154, 2, 1131 >,
 	< 1133, 94, 2, 90, 0, 184, 5, 1132 >,
 	< 1134, 94, 3, 0, 0, 126, 1, 1133 >,
 	< 1135, 94, 2, 67, 79, 103, 7, 1134 >,
 	< 1136, 94, 1, 0, 62, 122, 8, 1135 >,
 	< 1137, 94, 9, 0, 42, 193, 6, 1136 >,
 	< 1138, 94, 6, 57, 0, 143, 9, 1137 >,
 	< 1139, 94, 1, 31, 71, 189, 3, 1138 >,
 	// order 95
 	< 1140, 95, 10, 0, 92, 159, 0, -1 >,
 	< 1141, 95, 5, 0, 100, 147, 4, 1140 >,
 	< 1142, 95, 9, 0, 69, 127, 2, 1141 >,
 	< 1143, 95, 3, 0, 0, 169, 5, 1142 >,
 	< 1144, 95, 2, 78, 0, 132, 1, 1143 >,
 	< 1145, 95, 6, 99, 37, 112, 7, 1144 >,
 	< 1146, 95, 6, 0, 0, 114, 8, 1145 >,
 	< 1147, 95, 2, 0, 0, 158, 6, 1146 >,
 	< 1148, 95, 7, 0, 41, 117, 9, 1147 >,
 	< 1149, 95, 5, 70, 64, 116, 3, 1148 >,
 	< 1150, 95, 9, 0, 100, 144, 0, 1149 >,
 	< 1151, 95, 10, 0, 0, 140, 4, 1150 >,
 	// order 96
 	< 1152, 96, 4, 61, 70, 187, 2, -1 >,
 	< 1153, 96, 10, 100, 61, 112, 5, 1152 >,
 	< 1154, 96, 2, 87, 0, 148, 1, 1153 >,
 	< 1155, 96, 8, 83, 100, 121, 7, 1154 >,
 	< 1156, 96, 5, 51, 0, 196, 8, 1155 >,
 	< 1157, 96, 1, 45, 30, 165, 6, 1156 >,
 	< 1158, 96, 3, 30, 0, 159, 9, 1157 >,
 	< 1159, 96, 4, 89, 85, 103, 3, 1158 >,
 	< 1160, 96, 1, 45, 83, 197, 0, 1159 >,
 	< 1161, 96, 2, 57, 53, 165, 4, 1160 >,
 	< 1162, 96, 10, 49, 30, 179, 2, 1161 >,
 	< 1163, 96, 4, 72, 0, 152, 5, 1162 >,
 	// order 97
 	< 1164, 97, 7, 0, 0, 137, 1, -1 >,
 	< 1165, 97, 2, 0, 0, 183, 7, 1164 >,
 	< 1166, 97, 5, 0, 0, 162, 8, 1165 >,
 	< 1167, 97, 7, 43, 0, 170, 6, 1166 >,
 	< 1168, 97, 1, 0, 94, 192, 9, 1167 >,
 	< 1169, 97, 2, 0, 0, 131, 3, 1168 >,
 	< 1170, 97, 5, 33, 0, 126, 0, 1169 >,
 	< 1171, 97, 5, 38, 81, 151, 4, 1170 >,
 	< 1172, 97, 6, 69, 0, 192, 2, 1171 >,
 	< 1173, 97, 10, 0, 0, 127, 5, 1172 >,
 	< 1174, 97, 7, 0, 65, 162, 1, 1173 >,
 	< 1175, 97, 5, 0, 0, 161, 7, 1174 >,
 	// order 98
 	< 1176, 98, 8, 42, 0, 189, 8, -1 >,
 	< 1177, 98, 8, 84, 0, 117, 6, 1176 >,
 	< 1178, 98, 1, 68, 0, 147, 9, 1177 >,
 	< 1179, 98, 8, 0, 0, 154, 3, 1178 >,
 	< 1180, 98, 5, 100, 71, 194, 0, 1179 >,
 	< 1181, 98, 7, 0, 69, 164, 4, 1180 >,
 	< 1182, 98, 9, 61, 93, 181, 2, 1181 >,
 	< 1183, 98, 4, 0, 0, 183, 5, 1182 >,
 	< 1184, 98, 4, 0, 31, 146, 1, 1183 >,
 	< 1185, 98, 6, 0, 53, 172, 7, 1184 >,
 	< 1186, 98, 6, 0, 30, 162, 8, 1185 >,
 	< 1187, 98, 8, 72, 0, 119, 6, 1186 >,
 	// order 99
 	< 1188, 99, 3, 0, 0, 151, 9, -1 >,
 	< 1189, 99, 4, 0, 0, 103, 3, 1188 >,
 	< 1190, 99, 4, 61, 35, 171, 0, 1189 >,
 	< 1191, 99, 1, 45, 38, 134, 4, 1190 >,
 	< 1192, 99, 7, 55, 39, 152, 2, 1191 >,
 	< 1193, 99, 10, 0, 43, 183, 5, 1192 >,
 	< 1194, 99, 8, 0, 69, 135, 1, 1193 >,
 	< 1195, 99, 10, 0, 57, 135, 7, 1194 >,
 	< 1196, 99, 1, 0, 49, 183, 8, 1195 >,
 	< 1197, 99, 3, 0, 85, 150, 6, 1196 >,
 	< 1198, 99, 1, 0, 70, 164, 9, 1197 >,
 	< 1199, 99, 7, 0, 0, 184, 3, 1198 >
 };
