/*********************************************
 * OPL 12.10.0.0 Data
 * Author: Kinast
 * Creation date: Aug 17, 2021 at 11:49:11 AM
 *********************************************/

 nOrders = 100;
 nTasks = 1200;

 nWorkgroups = 10;
 nWorkstations = 30;

 nCobots = 0;
 cobotTimeFactor = 0.7;

 workstations = {
 	< 0, "Workstation 0", 0, 1.1, 1.02, 1, 1 >,
 	< 1, "Workstation 1", 1, 1.14, 1.01, 1, 2 >,
 	< 2, "Workstation 2", 0, 0.98, 1.14, 1, 1 >,
 	< 3, "Workstation 3", 2, 0.78, 0.99, 1, 1 >,
 	< 4, "Workstation 4", 3, 0.96, 0.79, 1, 1 >,
 	< 5, "Workstation 5", 2, 0.84, 0.85, 1, 4 >,
 	< 6, "Workstation 6", 4, 1.25, 0.85, 1, 5 >,
 	< 7, "Workstation 7", 0, 1.2, 0.93, 1, 1 >,
 	< 8, "Workstation 8", 5, 1.14, 1.16, 1, 1 >,
 	< 9, "Workstation 9", 2, 1.11, 1.23, 1, 1 >,
 	< 10, "Workstation 10", 4, 1.02, 1.05, 1, 4 >,
 	< 11, "Workstation 11", 6, 0.79, 0.91, 1, 5 >,
 	< 12, "Workstation 12", 3, 1.16, 1.19, 1, 1 >,
 	< 13, "Workstation 13", 3, 1.04, 0.83, 1, 1 >,
 	< 14, "Workstation 14", 7, 1.19, 1.2, 1, 1 >,
 	< 15, "Workstation 15", 8, 1.24, 1.18, 1, 2 >,
 	< 16, "Workstation 16", 1, 0.91, 0.94, 1, 1 >,
 	< 17, "Workstation 17", 4, 1.06, 1.19, 1, 3 >,
 	< 18, "Workstation 18", 8, 0.76, 0.75, 1, 3 >,
 	< 19, "Workstation 19", 7, 0.96, 1.14, 1, 1 >,
 	< 20, "Workstation 20", 5, 0.87, 1.18, 1, 3 >,
 	< 21, "Workstation 21", 6, 1.11, 0.8, 1, 5 >,
 	< 22, "Workstation 22", 9, 1.15, 0.94, 1, 1 >,
 	< 23, "Workstation 23", 5, 1, 1.14, 1, 1 >,
 	< 24, "Workstation 24", 9, 0.87, 1.23, 1, 1 >,
 	< 25, "Workstation 25", 9, 1.11, 0.8, 1, 1 >,
 	< 26, "Workstation 26", 6, 1.17, 0.89, 1, 3 >,
 	< 27, "Workstation 27", 1, 1.1, 0.77, 1, 1 >,
 	< 28, "Workstation 28", 8, 1.19, 1.13, 1, 1 >,
 	< 29, "Workstation 29", 7, 0.83, 0.94, 1, 5 >
 };

 tasks = {
 	// order 0
 	< 0, 0, 6, 80, 82, 175, 9, -1 >,
 	< 1, 0, 10, 87, 0, 185, 3, 0 >,
 	< 2, 0, 3, 53, 44, 195, 0, 1 >,
 	< 3, 0, 6, 52, 0, 105, 2, 2 >,
 	< 4, 0, 7, 0, 0, 138, 8, 3 >,
 	< 5, 0, 3, 62, 87, 114, 7, 4 >,
 	< 6, 0, 4, 0, 0, 194, 6, 5 >,
 	< 7, 0, 5, 0, 0, 183, 5, 6 >,
 	< 8, 0, 5, 96, 0, 120, 4, 7 >,
 	< 9, 0, 6, 0, 36, 163, 1, 8 >,
 	< 10, 0, 7, 98, 34, 153, 9, 9 >,
 	< 11, 0, 4, 0, 0, 136, 3, 10 >,
 	// order 1
 	< 12, 1, 6, 64, 50, 170, 0, -1 >,
 	< 13, 1, 9, 98, 0, 174, 2, 12 >,
 	< 14, 1, 5, 0, 89, 129, 8, 13 >,
 	< 15, 1, 2, 0, 0, 172, 7, 14 >,
 	< 16, 1, 10, 0, 89, 113, 6, 15 >,
 	< 17, 1, 3, 0, 35, 184, 5, 16 >,
 	< 18, 1, 6, 0, 0, 102, 4, 17 >,
 	< 19, 1, 3, 53, 89, 150, 1, 18 >,
 	< 20, 1, 8, 94, 0, 189, 9, 19 >,
 	< 21, 1, 3, 0, 0, 182, 3, 20 >,
 	< 22, 1, 8, 0, 46, 161, 0, 21 >,
 	< 23, 1, 5, 0, 0, 166, 2, 22 >,
 	// order 2
 	< 24, 2, 9, 0, 38, 171, 8, -1 >,
 	< 25, 2, 2, 0, 55, 116, 7, 24 >,
 	< 26, 2, 7, 0, 40, 162, 6, 25 >,
 	< 27, 2, 7, 48, 0, 181, 5, 26 >,
 	< 28, 2, 10, 86, 0, 193, 4, 27 >,
 	< 29, 2, 4, 0, 91, 153, 1, 28 >,
 	< 30, 2, 6, 0, 0, 167, 9, 29 >,
 	< 31, 2, 2, 99, 97, 178, 3, 30 >,
 	< 32, 2, 7, 0, 47, 134, 0, 31 >,
 	< 33, 2, 5, 48, 0, 160, 2, 32 >,
 	< 34, 2, 7, 0, 50, 171, 8, 33 >,
 	< 35, 2, 10, 0, 0, 120, 7, 34 >,
 	// order 3
 	< 36, 3, 5, 82, 88, 157, 6, -1 >,
 	< 37, 3, 6, 51, 0, 186, 5, 36 >,
 	< 38, 3, 7, 0, 0, 165, 4, 37 >,
 	< 39, 3, 2, 35, 88, 144, 1, 38 >,
 	< 40, 3, 6, 0, 0, 126, 9, 39 >,
 	< 41, 3, 9, 0, 0, 113, 3, 40 >,
 	< 42, 3, 10, 0, 0, 162, 0, 41 >,
 	< 43, 3, 5, 34, 63, 101, 2, 42 >,
 	< 44, 3, 7, 70, 0, 122, 8, 43 >,
 	< 45, 3, 5, 49, 38, 113, 7, 44 >,
 	< 46, 3, 1, 82, 84, 191, 6, 45 >,
 	< 47, 3, 6, 0, 96, 115, 5, 46 >,
 	// order 4
 	< 48, 4, 3, 54, 56, 104, 4, -1 >,
 	< 49, 4, 10, 71, 0, 122, 1, 48 >,
 	< 50, 4, 1, 35, 30, 193, 9, 49 >,
 	< 51, 4, 10, 0, 70, 118, 3, 50 >,
 	< 52, 4, 10, 53, 35, 166, 0, 51 >,
 	< 53, 4, 7, 0, 98, 108, 2, 52 >,
 	< 54, 4, 6, 0, 41, 136, 8, 53 >,
 	< 55, 4, 1, 54, 0, 154, 7, 54 >,
 	< 56, 4, 10, 85, 62, 190, 6, 55 >,
 	< 57, 4, 9, 54, 0, 131, 5, 56 >,
 	< 58, 4, 6, 0, 58, 152, 4, 57 >,
 	< 59, 4, 7, 49, 0, 109, 1, 58 >,
 	// order 5
 	< 60, 5, 7, 0, 53, 161, 9, -1 >,
 	< 61, 5, 1, 70, 61, 128, 3, 60 >,
 	< 62, 5, 5, 36, 0, 155, 0, 61 >,
 	< 63, 5, 9, 83, 90, 124, 2, 62 >,
 	< 64, 5, 8, 97, 0, 200, 8, 63 >,
 	< 65, 5, 8, 57, 34, 196, 7, 64 >,
 	< 66, 5, 5, 0, 87, 156, 6, 65 >,
 	< 67, 5, 9, 33, 0, 138, 5, 66 >,
 	< 68, 5, 8, 0, 0, 145, 4, 67 >,
 	< 69, 5, 8, 0, 86, 133, 1, 68 >,
 	< 70, 5, 6, 0, 0, 141, 9, 69 >,
 	< 71, 5, 5, 0, 0, 124, 3, 70 >,
 	// order 6
 	< 72, 6, 1, 0, 70, 151, 0, -1 >,
 	< 73, 6, 3, 44, 72, 175, 2, 72 >,
 	< 74, 6, 3, 96, 85, 186, 8, 73 >,
 	< 75, 6, 1, 90, 51, 149, 7, 74 >,
 	< 76, 6, 9, 72, 70, 120, 6, 75 >,
 	< 77, 6, 9, 0, 43, 160, 5, 76 >,
 	< 78, 6, 8, 54, 47, 180, 4, 77 >,
 	< 79, 6, 6, 0, 77, 123, 1, 78 >,
 	< 80, 6, 6, 71, 61, 155, 9, 79 >,
 	< 81, 6, 5, 0, 52, 178, 3, 80 >,
 	< 82, 6, 7, 99, 78, 197, 0, 81 >,
 	< 83, 6, 1, 68, 0, 110, 2, 82 >,
 	// order 7
 	< 84, 7, 2, 0, 61, 103, 8, -1 >,
 	< 85, 7, 8, 49, 60, 182, 7, 84 >,
 	< 86, 7, 7, 0, 0, 196, 6, 85 >,
 	< 87, 7, 9, 51, 41, 166, 5, 86 >,
 	< 88, 7, 3, 54, 0, 185, 4, 87 >,
 	< 89, 7, 4, 0, 46, 188, 1, 88 >,
 	< 90, 7, 2, 0, 0, 134, 9, 89 >,
 	< 91, 7, 4, 30, 78, 148, 3, 90 >,
 	< 92, 7, 3, 54, 45, 190, 0, 91 >,
 	< 93, 7, 9, 36, 0, 169, 2, 92 >,
 	< 94, 7, 10, 61, 46, 139, 8, 93 >,
 	< 95, 7, 10, 0, 0, 185, 7, 94 >,
 	// order 8
 	< 96, 8, 7, 0, 79, 155, 6, -1 >,
 	< 97, 8, 7, 70, 83, 179, 5, 96 >,
 	< 98, 8, 10, 59, 73, 156, 4, 97 >,
 	< 99, 8, 3, 64, 0, 152, 1, 98 >,
 	< 100, 8, 10, 0, 0, 113, 9, 99 >,
 	< 101, 8, 10, 0, 0, 156, 3, 100 >,
 	< 102, 8, 1, 0, 0, 164, 0, 101 >,
 	< 103, 8, 6, 0, 37, 168, 2, 102 >,
 	< 104, 8, 3, 0, 0, 116, 8, 103 >,
 	< 105, 8, 5, 34, 0, 102, 7, 104 >,
 	< 106, 8, 3, 89, 46, 197, 6, 105 >,
 	< 107, 8, 5, 0, 0, 137, 5, 106 >,
 	// order 9
 	< 108, 9, 6, 0, 50, 141, 4, -1 >,
 	< 109, 9, 4, 62, 33, 184, 1, 108 >,
 	< 110, 9, 5, 62, 81, 137, 9, 109 >,
 	< 111, 9, 3, 0, 49, 110, 3, 110 >,
 	< 112, 9, 9, 42, 80, 131, 0, 111 >,
 	< 113, 9, 1, 0, 0, 143, 2, 112 >,
 	< 114, 9, 8, 0, 48, 152, 8, 113 >,
 	< 115, 9, 9, 86, 62, 138, 7, 114 >,
 	< 116, 9, 3, 0, 86, 138, 6, 115 >,
 	< 117, 9, 2, 72, 0, 179, 5, 116 >,
 	< 118, 9, 10, 0, 0, 157, 4, 117 >,
 	< 119, 9, 8, 0, 76, 141, 1, 118 >,
 	// order 10
 	< 120, 10, 4, 0, 59, 174, 9, -1 >,
 	< 121, 10, 4, 52, 0, 154, 3, 120 >,
 	< 122, 10, 5, 82, 81, 162, 0, 121 >,
 	< 123, 10, 8, 0, 53, 117, 2, 122 >,
 	< 124, 10, 6, 97, 85, 133, 8, 123 >,
 	< 125, 10, 2, 83, 92, 113, 7, 124 >,
 	< 126, 10, 4, 0, 55, 178, 6, 125 >,
 	< 127, 10, 1, 0, 0, 183, 5, 126 >,
 	< 128, 10, 3, 0, 45, 122, 4, 127 >,
 	< 129, 10, 3, 97, 0, 170, 1, 128 >,
 	< 130, 10, 2, 0, 0, 178, 9, 129 >,
 	< 131, 10, 8, 84, 34, 174, 3, 130 >,
 	// order 11
 	< 132, 11, 7, 0, 72, 143, 0, -1 >,
 	< 133, 11, 4, 83, 0, 198, 2, 132 >,
 	< 134, 11, 4, 0, 54, 128, 8, 133 >,
 	< 135, 11, 7, 0, 0, 156, 7, 134 >,
 	< 136, 11, 1, 0, 82, 101, 6, 135 >,
 	< 137, 11, 8, 38, 0, 122, 5, 136 >,
 	< 138, 11, 5, 0, 0, 135, 4, 137 >,
 	< 139, 11, 8, 0, 46, 116, 1, 138 >,
 	< 140, 11, 8, 67, 79, 103, 9, 139 >,
 	< 141, 11, 4, 63, 65, 113, 3, 140 >,
 	< 142, 11, 8, 0, 0, 200, 0, 141 >,
 	< 143, 11, 3, 80, 88, 162, 2, 142 >,
 	// order 12
 	< 144, 12, 3, 0, 87, 198, 8, -1 >,
 	< 145, 12, 3, 35, 0, 144, 7, 144 >,
 	< 146, 12, 4, 0, 81, 153, 6, 145 >,
 	< 147, 12, 6, 0, 78, 198, 5, 146 >,
 	< 148, 12, 4, 0, 36, 171, 4, 147 >,
 	< 149, 12, 7, 55, 0, 134, 1, 148 >,
 	< 150, 12, 2, 0, 0, 116, 9, 149 >,
 	< 151, 12, 6, 0, 0, 188, 3, 150 >,
 	< 152, 12, 1, 0, 58, 176, 0, 151 >,
 	< 153, 12, 1, 79, 78, 147, 2, 152 >,
 	< 154, 12, 8, 31, 0, 186, 8, 153 >,
 	< 155, 12, 3, 0, 62, 110, 7, 154 >,
 	// order 13
 	< 156, 13, 4, 74, 86, 131, 6, -1 >,
 	< 157, 13, 10, 63, 0, 143, 5, 156 >,
 	< 158, 13, 2, 0, 75, 117, 4, 157 >,
 	< 159, 13, 10, 0, 54, 101, 1, 158 >,
 	< 160, 13, 10, 0, 81, 154, 9, 159 >,
 	< 161, 13, 2, 0, 0, 190, 3, 160 >,
 	< 162, 13, 6, 0, 84, 175, 0, 161 >,
 	< 163, 13, 5, 0, 98, 174, 2, 162 >,
 	< 164, 13, 8, 46, 32, 163, 8, 163 >,
 	< 165, 13, 7, 0, 0, 168, 7, 164 >,
 	< 166, 13, 4, 92, 0, 109, 6, 165 >,
 	< 167, 13, 4, 83, 47, 120, 5, 166 >,
 	// order 14
 	< 168, 14, 7, 0, 72, 198, 4, -1 >,
 	< 169, 14, 2, 0, 45, 200, 1, 168 >,
 	< 170, 14, 2, 30, 31, 172, 9, 169 >,
 	< 171, 14, 5, 37, 82, 180, 3, 170 >,
 	< 172, 14, 9, 99, 89, 168, 0, 171 >,
 	< 173, 14, 4, 60, 80, 154, 2, 172 >,
 	< 174, 14, 1, 76, 34, 143, 8, 173 >,
 	< 175, 14, 3, 0, 0, 168, 7, 174 >,
 	< 176, 14, 2, 0, 67, 107, 6, 175 >,
 	< 177, 14, 7, 0, 83, 132, 5, 176 >,
 	< 178, 14, 5, 59, 0, 163, 4, 177 >,
 	< 179, 14, 4, 0, 66, 140, 1, 178 >,
 	// order 15
 	< 180, 15, 6, 0, 63, 149, 9, -1 >,
 	< 181, 15, 3, 0, 85, 167, 3, 180 >,
 	< 182, 15, 8, 0, 38, 138, 0, 181 >,
 	< 183, 15, 10, 51, 81, 167, 2, 182 >,
 	< 184, 15, 6, 0, 0, 106, 8, 183 >,
 	< 185, 15, 3, 0, 50, 168, 7, 184 >,
 	< 186, 15, 1, 0, 91, 110, 6, 185 >,
 	< 187, 15, 10, 0, 0, 104, 5, 186 >,
 	< 188, 15, 9, 72, 0, 108, 4, 187 >,
 	< 189, 15, 6, 0, 0, 129, 1, 188 >,
 	< 190, 15, 7, 76, 0, 112, 9, 189 >,
 	< 191, 15, 8, 33, 0, 141, 3, 190 >,
 	// order 16
 	< 192, 16, 5, 0, 59, 125, 0, -1 >,
 	< 193, 16, 2, 48, 0, 167, 2, 192 >,
 	< 194, 16, 1, 0, 53, 126, 8, 193 >,
 	< 195, 16, 8, 0, 0, 142, 7, 194 >,
 	< 196, 16, 1, 90, 34, 101, 6, 195 >,
 	< 197, 16, 6, 0, 0, 135, 5, 196 >,
 	< 198, 16, 2, 0, 0, 197, 4, 197 >,
 	< 199, 16, 9, 83, 42, 135, 1, 198 >,
 	< 200, 16, 10, 0, 0, 194, 9, 199 >,
 	< 201, 16, 7, 0, 0, 106, 3, 200 >,
 	< 202, 16, 4, 53, 77, 163, 0, 201 >,
 	< 203, 16, 10, 69, 0, 183, 2, 202 >,
 	// order 17
 	< 204, 17, 4, 36, 94, 111, 8, -1 >,
 	< 205, 17, 6, 61, 55, 150, 7, 204 >,
 	< 206, 17, 9, 81, 0, 160, 6, 205 >,
 	< 207, 17, 5, 41, 85, 151, 5, 206 >,
 	< 208, 17, 7, 0, 0, 150, 4, 207 >,
 	< 209, 17, 5, 0, 0, 124, 1, 208 >,
 	< 210, 17, 5, 0, 0, 178, 9, 209 >,
 	< 211, 17, 7, 95, 0, 183, 3, 210 >,
 	< 212, 17, 2, 0, 48, 197, 0, 211 >,
 	< 213, 17, 3, 0, 97, 120, 2, 212 >,
 	< 214, 17, 4, 0, 49, 103, 8, 213 >,
 	< 215, 17, 7, 0, 0, 135, 7, 214 >,
 	// order 18
 	< 216, 18, 9, 35, 58, 156, 6, -1 >,
 	< 217, 18, 10, 0, 41, 105, 5, 216 >,
 	< 218, 18, 6, 31, 0, 101, 4, 217 >,
 	< 219, 18, 5, 47, 95, 152, 1, 218 >,
 	< 220, 18, 8, 46, 35, 178, 9, 219 >,
 	< 221, 18, 1, 0, 0, 151, 3, 220 >,
 	< 222, 18, 6, 68, 0, 107, 0, 221 >,
 	< 223, 18, 8, 0, 32, 111, 2, 222 >,
 	< 224, 18, 8, 93, 75, 115, 8, 223 >,
 	< 225, 18, 6, 0, 74, 192, 7, 224 >,
 	< 226, 18, 7, 0, 0, 185, 6, 225 >,
 	< 227, 18, 6, 0, 64, 115, 5, 226 >,
 	// order 19
 	< 228, 19, 2, 30, 100, 112, 4, -1 >,
 	< 229, 19, 5, 96, 72, 155, 1, 228 >,
 	< 230, 19, 7, 82, 0, 162, 9, 229 >,
 	< 231, 19, 6, 0, 45, 180, 3, 230 >,
 	< 232, 19, 6, 72, 39, 115, 0, 231 >,
 	< 233, 19, 4, 65, 44, 189, 2, 232 >,
 	< 234, 19, 10, 0, 55, 170, 8, 233 >,
 	< 235, 19, 6, 77, 0, 192, 7, 234 >,
 	< 236, 19, 1, 0, 74, 164, 6, 235 >,
 	< 237, 19, 7, 84, 70, 193, 5, 236 >,
 	< 238, 19, 4, 0, 0, 195, 4, 237 >,
 	< 239, 19, 2, 53, 59, 116, 1, 238 >,
 	// order 20
 	< 240, 20, 10, 0, 88, 161, 9, -1 >,
 	< 241, 20, 7, 0, 68, 125, 3, 240 >,
 	< 242, 20, 6, 0, 65, 124, 0, 241 >,
 	< 243, 20, 10, 66, 71, 174, 2, 242 >,
 	< 244, 20, 1, 97, 100, 107, 8, 243 >,
 	< 245, 20, 5, 67, 0, 114, 7, 244 >,
 	< 246, 20, 10, 38, 0, 114, 6, 245 >,
 	< 247, 20, 9, 0, 78, 193, 5, 246 >,
 	< 248, 20, 2, 0, 0, 187, 4, 247 >,
 	< 249, 20, 6, 80, 0, 149, 1, 248 >,
 	< 250, 20, 9, 89, 0, 187, 9, 249 >,
 	< 251, 20, 8, 42, 71, 186, 3, 250 >,
 	// order 21
 	< 252, 21, 3, 0, 59, 156, 0, -1 >,
 	< 253, 21, 9, 0, 0, 177, 2, 252 >,
 	< 254, 21, 8, 0, 93, 181, 8, 253 >,
 	< 255, 21, 10, 0, 85, 144, 7, 254 >,
 	< 256, 21, 2, 54, 0, 153, 6, 255 >,
 	< 257, 21, 4, 0, 0, 126, 5, 256 >,
 	< 258, 21, 4, 0, 59, 137, 4, 257 >,
 	< 259, 21, 9, 36, 0, 196, 1, 258 >,
 	< 260, 21, 4, 72, 0, 146, 9, 259 >,
 	< 261, 21, 8, 0, 0, 194, 3, 260 >,
 	< 262, 21, 7, 57, 0, 140, 0, 261 >,
 	< 263, 21, 2, 0, 0, 193, 2, 262 >,
 	// order 22
 	< 264, 22, 10, 0, 0, 149, 8, -1 >,
 	< 265, 22, 6, 0, 64, 107, 7, 264 >,
 	< 266, 22, 1, 0, 0, 114, 6, 265 >,
 	< 267, 22, 9, 74, 0, 173, 5, 266 >,
 	< 268, 22, 6, 0, 47, 119, 4, 267 >,
 	< 269, 22, 4, 0, 53, 192, 1, 268 >,
 	< 270, 22, 10, 0, 0, 189, 9, 269 >,
 	< 271, 22, 7, 38, 0, 188, 3, 270 >,
 	< 272, 22, 9, 0, 0, 156, 0, 271 >,
 	< 273, 22, 10, 48, 91, 147, 2, 272 >,
 	< 274, 22, 1, 0, 95, 145, 8, 273 >,
 	< 275, 22, 10, 33, 42, 178, 7, 274 >,
 	// order 23
 	< 276, 23, 4, 85, 0, 150, 6, -1 >,
 	< 277, 23, 9, 65, 0, 140, 5, 276 >,
 	< 278, 23, 8, 83, 66, 101, 4, 277 >,
 	< 279, 23, 7, 67, 76, 128, 1, 278 >,
 	< 280, 23, 3, 0, 0, 133, 9, 279 >,
 	< 281, 23, 4, 94, 79, 139, 3, 280 >,
 	< 282, 23, 9, 0, 0, 143, 0, 281 >,
 	< 283, 23, 8, 63, 60, 115, 2, 282 >,
 	< 284, 23, 5, 0, 0, 161, 8, 283 >,
 	< 285, 23, 10, 0, 98, 125, 7, 284 >,
 	< 286, 23, 2, 0, 0, 112, 6, 285 >,
 	< 287, 23, 1, 66, 42, 154, 5, 286 >,
 	// order 24
 	< 288, 24, 1, 74, 54, 101, 4, -1 >,
 	< 289, 24, 7, 0, 0, 130, 1, 288 >,
 	< 290, 24, 2, 0, 66, 150, 9, 289 >,
 	< 291, 24, 9, 0, 88, 142, 3, 290 >,
 	< 292, 24, 1, 96, 69, 118, 0, 291 >,
 	< 293, 24, 7, 58, 43, 200, 2, 292 >,
 	< 294, 24, 3, 0, 0, 156, 8, 293 >,
 	< 295, 24, 9, 0, 0, 159, 7, 294 >,
 	< 296, 24, 3, 0, 77, 114, 6, 295 >,
 	< 297, 24, 7, 82, 48, 134, 5, 296 >,
 	< 298, 24, 6, 83, 45, 166, 4, 297 >,
 	< 299, 24, 2, 0, 0, 141, 1, 298 >,
 	// order 25
 	< 300, 25, 7, 42, 0, 112, 9, -1 >,
 	< 301, 25, 2, 0, 0, 195, 3, 300 >,
 	< 302, 25, 10, 94, 0, 116, 0, 301 >,
 	< 303, 25, 10, 49, 0, 187, 2, 302 >,
 	< 304, 25, 7, 55, 0, 155, 8, 303 >,
 	< 305, 25, 7, 0, 87, 116, 7, 304 >,
 	< 306, 25, 9, 44, 42, 159, 6, 305 >,
 	< 307, 25, 4, 69, 0, 155, 5, 306 >,
 	< 308, 25, 3, 77, 0, 151, 4, 307 >,
 	< 309, 25, 7, 0, 71, 124, 1, 308 >,
 	< 310, 25, 4, 50, 68, 131, 9, 309 >,
 	< 311, 25, 7, 66, 72, 153, 3, 310 >,
 	// order 26
 	< 312, 26, 10, 0, 0, 164, 0, -1 >,
 	< 313, 26, 1, 0, 73, 128, 2, 312 >,
 	< 314, 26, 8, 0, 0, 143, 8, 313 >,
 	< 315, 26, 3, 90, 0, 192, 7, 314 >,
 	< 316, 26, 8, 45, 66, 196, 6, 315 >,
 	< 317, 26, 10, 0, 49, 169, 5, 316 >,
 	< 318, 26, 1, 0, 0, 195, 4, 317 >,
 	< 319, 26, 7, 74, 0, 187, 1, 318 >,
 	< 320, 26, 7, 0, 0, 198, 9, 319 >,
 	< 321, 26, 10, 58, 35, 128, 3, 320 >,
 	< 322, 26, 7, 71, 37, 165, 0, 321 >,
 	< 323, 26, 4, 0, 51, 172, 2, 322 >,
 	// order 27
 	< 324, 27, 8, 0, 0, 192, 8, -1 >,
 	< 325, 27, 3, 43, 0, 175, 7, 324 >,
 	< 326, 27, 7, 0, 42, 128, 6, 325 >,
 	< 327, 27, 4, 47, 89, 156, 5, 326 >,
 	< 328, 27, 10, 0, 0, 166, 4, 327 >,
 	< 329, 27, 10, 0, 0, 105, 1, 328 >,
 	< 330, 27, 3, 0, 36, 173, 9, 329 >,
 	< 331, 27, 2, 100, 34, 173, 3, 330 >,
 	< 332, 27, 1, 0, 53, 166, 0, 331 >,
 	< 333, 27, 6, 59, 0, 177, 2, 332 >,
 	< 334, 27, 8, 0, 0, 170, 8, 333 >,
 	< 335, 27, 8, 62, 0, 164, 7, 334 >,
 	// order 28
 	< 336, 28, 1, 44, 0, 106, 6, -1 >,
 	< 337, 28, 4, 0, 36, 101, 5, 336 >,
 	< 338, 28, 4, 0, 0, 118, 4, 337 >,
 	< 339, 28, 3, 54, 0, 194, 1, 338 >,
 	< 340, 28, 7, 0, 33, 115, 9, 339 >,
 	< 341, 28, 3, 52, 0, 138, 3, 340 >,
 	< 342, 28, 10, 0, 0, 190, 0, 341 >,
 	< 343, 28, 1, 0, 87, 107, 2, 342 >,
 	< 344, 28, 6, 72, 91, 139, 8, 343 >,
 	< 345, 28, 10, 0, 0, 189, 7, 344 >,
 	< 346, 28, 9, 58, 0, 152, 6, 345 >,
 	< 347, 28, 5, 33, 33, 186, 5, 346 >,
 	// order 29
 	< 348, 29, 5, 0, 72, 110, 4, -1 >,
 	< 349, 29, 7, 61, 0, 112, 1, 348 >,
 	< 350, 29, 3, 0, 0, 182, 9, 349 >,
 	< 351, 29, 10, 0, 35, 166, 3, 350 >,
 	< 352, 29, 3, 37, 0, 161, 0, 351 >,
 	< 353, 29, 5, 98, 63, 153, 2, 352 >,
 	< 354, 29, 1, 0, 44, 105, 8, 353 >,
 	< 355, 29, 10, 0, 84, 176, 7, 354 >,
 	< 356, 29, 1, 53, 72, 188, 6, 355 >,
 	< 357, 29, 2, 68, 0, 200, 5, 356 >,
 	< 358, 29, 10, 0, 30, 136, 4, 357 >,
 	< 359, 29, 7, 37, 77, 198, 1, 358 >,
 	// order 30
 	< 360, 30, 10, 38, 0, 125, 9, -1 >,
 	< 361, 30, 1, 34, 0, 157, 3, 360 >,
 	< 362, 30, 4, 44, 85, 168, 0, 361 >,
 	< 363, 30, 1, 62, 0, 141, 2, 362 >,
 	< 364, 30, 2, 31, 0, 192, 8, 363 >,
 	< 365, 30, 2, 51, 0, 187, 7, 364 >,
 	< 366, 30, 3, 0, 0, 101, 6, 365 >,
 	< 367, 30, 8, 70, 34, 184, 5, 366 >,
 	< 368, 30, 5, 0, 0, 166, 4, 367 >,
 	< 369, 30, 2, 40, 96, 195, 1, 368 >,
 	< 370, 30, 5, 0, 0, 157, 9, 369 >,
 	< 371, 30, 9, 0, 0, 184, 3, 370 >,
 	// order 31
 	< 372, 31, 4, 35, 100, 171, 0, -1 >,
 	< 373, 31, 1, 40, 36, 103, 2, 372 >,
 	< 374, 31, 5, 58, 96, 186, 8, 373 >,
 	< 375, 31, 2, 0, 0, 128, 7, 374 >,
 	< 376, 31, 1, 0, 0, 111, 6, 375 >,
 	< 377, 31, 4, 0, 64, 119, 5, 376 >,
 	< 378, 31, 7, 82, 0, 119, 4, 377 >,
 	< 379, 31, 8, 51, 72, 136, 1, 378 >,
 	< 380, 31, 5, 0, 0, 190, 9, 379 >,
 	< 381, 31, 6, 0, 85, 163, 3, 380 >,
 	< 382, 31, 10, 81, 33, 182, 0, 381 >,
 	< 383, 31, 10, 0, 52, 187, 2, 382 >,
 	// order 32
 	< 384, 32, 1, 76, 0, 149, 8, -1 >,
 	< 385, 32, 8, 44, 45, 155, 7, 384 >,
 	< 386, 32, 4, 76, 82, 163, 6, 385 >,
 	< 387, 32, 5, 93, 100, 185, 5, 386 >,
 	< 388, 32, 3, 88, 47, 137, 4, 387 >,
 	< 389, 32, 9, 0, 0, 140, 1, 388 >,
 	< 390, 32, 8, 0, 76, 101, 9, 389 >,
 	< 391, 32, 5, 86, 0, 103, 3, 390 >,
 	< 392, 32, 5, 0, 97, 117, 0, 391 >,
 	< 393, 32, 3, 0, 0, 191, 2, 392 >,
 	< 394, 32, 3, 0, 0, 103, 8, 393 >,
 	< 395, 32, 9, 0, 77, 180, 7, 394 >,
 	// order 33
 	< 396, 33, 5, 97, 38, 200, 6, -1 >,
 	< 397, 33, 1, 0, 36, 161, 5, 396 >,
 	< 398, 33, 1, 37, 0, 196, 4, 397 >,
 	< 399, 33, 5, 33, 82, 200, 1, 398 >,
 	< 400, 33, 3, 0, 0, 117, 9, 399 >,
 	< 401, 33, 10, 0, 0, 100, 3, 400 >,
 	< 402, 33, 3, 0, 100, 135, 0, 401 >,
 	< 403, 33, 7, 0, 51, 160, 2, 402 >,
 	< 404, 33, 9, 49, 81, 184, 8, 403 >,
 	< 405, 33, 5, 0, 0, 107, 7, 404 >,
 	< 406, 33, 4, 85, 34, 144, 6, 405 >,
 	< 407, 33, 6, 0, 0, 195, 5, 406 >,
 	// order 34
 	< 408, 34, 1, 30, 92, 142, 4, -1 >,
 	< 409, 34, 4, 83, 0, 187, 1, 408 >,
 	< 410, 34, 10, 0, 0, 198, 9, 409 >,
 	< 411, 34, 9, 52, 71, 175, 3, 410 >,
 	< 412, 34, 7, 0, 0, 162, 0, 411 >,
 	< 413, 34, 6, 0, 96, 191, 2, 412 >,
 	< 414, 34, 1, 34, 0, 158, 8, 413 >,
 	< 415, 34, 3, 51, 0, 131, 7, 414 >,
 	< 416, 34, 6, 69, 44, 148, 6, 415 >,
 	< 417, 34, 2, 0, 42, 173, 5, 416 >,
 	< 418, 34, 3, 92, 0, 135, 4, 417 >,
 	< 419, 34, 5, 55, 0, 101, 1, 418 >,
 	// order 35
 	< 420, 35, 4, 90, 0, 125, 9, -1 >,
 	< 421, 35, 9, 0, 81, 103, 3, 420 >,
 	< 422, 35, 5, 0, 0, 108, 0, 421 >,
 	< 423, 35, 2, 0, 0, 102, 2, 422 >,
 	< 424, 35, 2, 0, 0, 115, 8, 423 >,
 	< 425, 35, 8, 0, 93, 119, 7, 424 >,
 	< 426, 35, 2, 0, 35, 195, 6, 425 >,
 	< 427, 35, 9, 0, 0, 171, 5, 426 >,
 	< 428, 35, 8, 0, 75, 104, 4, 427 >,
 	< 429, 35, 5, 0, 0, 132, 1, 428 >,
 	< 430, 35, 1, 0, 34, 125, 9, 429 >,
 	< 431, 35, 1, 45, 97, 122, 3, 430 >,
 	// order 36
 	< 432, 36, 2, 68, 0, 165, 0, -1 >,
 	< 433, 36, 10, 98, 62, 140, 2, 432 >,
 	< 434, 36, 2, 60, 0, 107, 8, 433 >,
 	< 435, 36, 1, 55, 35, 160, 7, 434 >,
 	< 436, 36, 9, 72, 0, 110, 6, 435 >,
 	< 437, 36, 10, 53, 93, 134, 5, 436 >,
 	< 438, 36, 10, 32, 72, 199, 4, 437 >,
 	< 439, 36, 1, 37, 0, 187, 1, 438 >,
 	< 440, 36, 7, 0, 75, 186, 9, 439 >,
 	< 441, 36, 10, 80, 54, 114, 3, 440 >,
 	< 442, 36, 6, 80, 47, 186, 0, 441 >,
 	< 443, 36, 7, 0, 81, 150, 2, 442 >,
 	// order 37
 	< 444, 37, 9, 0, 55, 127, 8, -1 >,
 	< 445, 37, 5, 49, 98, 140, 7, 444 >,
 	< 446, 37, 10, 0, 0, 158, 6, 445 >,
 	< 447, 37, 5, 0, 77, 101, 5, 446 >,
 	< 448, 37, 4, 84, 0, 121, 4, 447 >,
 	< 449, 37, 1, 82, 0, 114, 1, 448 >,
 	< 450, 37, 9, 40, 0, 135, 9, 449 >,
 	< 451, 37, 8, 65, 44, 119, 3, 450 >,
 	< 452, 37, 3, 42, 0, 184, 0, 451 >,
 	< 453, 37, 5, 0, 57, 156, 2, 452 >,
 	< 454, 37, 6, 80, 0, 181, 8, 453 >,
 	< 455, 37, 3, 39, 0, 161, 7, 454 >,
 	// order 38
 	< 456, 38, 8, 0, 39, 183, 6, -1 >,
 	< 457, 38, 9, 0, 0, 180, 5, 456 >,
 	< 458, 38, 8, 98, 0, 182, 4, 457 >,
 	< 459, 38, 1, 0, 91, 138, 1, 458 >,
 	< 460, 38, 6, 34, 71, 126, 9, 459 >,
 	< 461, 38, 7, 0, 68, 151, 3, 460 >,
 	< 462, 38, 10, 0, 72, 142, 0, 461 >,
 	< 463, 38, 3, 33, 0, 200, 2, 462 >,
 	< 464, 38, 4, 0, 78, 196, 8, 463 >,
 	< 465, 38, 7, 0, 36, 138, 7, 464 >,
 	< 466, 38, 7, 83, 33, 172, 6, 465 >,
 	< 467, 38, 3, 0, 44, 141, 5, 466 >,
 	// order 39
 	< 468, 39, 2, 50, 47, 142, 4, -1 >,
 	< 469, 39, 9, 0, 66, 155, 1, 468 >,
 	< 470, 39, 6, 0, 0, 137, 9, 469 >,
 	< 471, 39, 2, 0, 76, 112, 3, 470 >,
 	< 472, 39, 6, 41, 94, 161, 0, 471 >,
 	< 473, 39, 10, 79, 0, 185, 2, 472 >,
 	< 474, 39, 2, 0, 48, 162, 8, 473 >,
 	< 475, 39, 6, 80, 0, 163, 7, 474 >,
 	< 476, 39, 5, 0, 39, 145, 6, 475 >,
 	< 477, 39, 4, 0, 67, 105, 5, 476 >,
 	< 478, 39, 5, 0, 0, 188, 4, 477 >,
 	< 479, 39, 3, 0, 0, 189, 1, 478 >,
 	// order 40
 	< 480, 40, 7, 0, 0, 170, 9, -1 >,
 	< 481, 40, 9, 55, 0, 181, 3, 480 >,
 	< 482, 40, 10, 72, 0, 192, 0, 481 >,
 	< 483, 40, 5, 0, 0, 162, 2, 482 >,
 	< 484, 40, 3, 62, 0, 160, 8, 483 >,
 	< 485, 40, 9, 0, 59, 199, 7, 484 >,
 	< 486, 40, 1, 99, 0, 114, 6, 485 >,
 	< 487, 40, 1, 0, 52, 180, 5, 486 >,
 	< 488, 40, 5, 0, 32, 156, 4, 487 >,
 	< 489, 40, 5, 95, 66, 173, 1, 488 >,
 	< 490, 40, 6, 76, 0, 176, 9, 489 >,
 	< 491, 40, 5, 0, 61, 152, 3, 490 >,
 	// order 41
 	< 492, 41, 9, 0, 0, 138, 0, -1 >,
 	< 493, 41, 2, 68, 0, 125, 2, 492 >,
 	< 494, 41, 9, 42, 0, 119, 8, 493 >,
 	< 495, 41, 1, 60, 41, 196, 7, 494 >,
 	< 496, 41, 3, 0, 47, 145, 6, 495 >,
 	< 497, 41, 9, 0, 0, 138, 5, 496 >,
 	< 498, 41, 6, 93, 49, 156, 4, 497 >,
 	< 499, 41, 10, 0, 62, 147, 1, 498 >,
 	< 500, 41, 4, 0, 78, 200, 9, 499 >,
 	< 501, 41, 5, 62, 0, 184, 3, 500 >,
 	< 502, 41, 10, 78, 0, 127, 0, 501 >,
 	< 503, 41, 7, 0, 0, 193, 2, 502 >,
 	// order 42
 	< 504, 42, 3, 62, 0, 167, 8, -1 >,
 	< 505, 42, 2, 52, 74, 113, 7, 504 >,
 	< 506, 42, 6, 46, 71, 178, 6, 505 >,
 	< 507, 42, 7, 0, 0, 104, 5, 506 >,
 	< 508, 42, 4, 34, 72, 100, 4, 507 >,
 	< 509, 42, 3, 0, 0, 188, 1, 508 >,
 	< 510, 42, 6, 0, 46, 184, 9, 509 >,
 	< 511, 42, 10, 0, 68, 116, 3, 510 >,
 	< 512, 42, 1, 89, 52, 119, 0, 511 >,
 	< 513, 42, 5, 94, 0, 103, 2, 512 >,
 	< 514, 42, 2, 92, 84, 140, 8, 513 >,
 	< 515, 42, 6, 0, 0, 164, 7, 514 >,
 	// order 43
 	< 516, 43, 10, 83, 47, 106, 6, -1 >,
 	< 517, 43, 1, 78, 0, 178, 5, 516 >,
 	< 518, 43, 7, 0, 80, 103, 4, 517 >,
 	< 519, 43, 2, 0, 0, 155, 1, 518 >,
 	< 520, 43, 3, 0, 89, 146, 9, 519 >,
 	< 521, 43, 5, 52, 0, 151, 3, 520 >,
 	< 522, 43, 9, 58, 41, 162, 0, 521 >,
 	< 523, 43, 1, 0, 0, 113, 2, 522 >,
 	< 524, 43, 5, 0, 0, 111, 8, 523 >,
 	< 525, 43, 3, 0, 96, 119, 7, 524 >,
 	< 526, 43, 8, 0, 0, 166, 6, 525 >,
 	< 527, 43, 6, 0, 0, 145, 5, 526 >,
 	// order 44
 	< 528, 44, 10, 0, 46, 168, 4, -1 >,
 	< 529, 44, 8, 0, 99, 127, 1, 528 >,
 	< 530, 44, 6, 36, 86, 117, 9, 529 >,
 	< 531, 44, 3, 0, 0, 124, 3, 530 >,
 	< 532, 44, 5, 99, 93, 112, 0, 531 >,
 	< 533, 44, 4, 0, 40, 181, 2, 532 >,
 	< 534, 44, 1, 41, 0, 129, 8, 533 >,
 	< 535, 44, 3, 84, 0, 104, 7, 534 >,
 	< 536, 44, 7, 0, 0, 121, 6, 535 >,
 	< 537, 44, 2, 0, 61, 112, 5, 536 >,
 	< 538, 44, 4, 0, 0, 123, 4, 537 >,
 	< 539, 44, 1, 0, 0, 122, 1, 538 >,
 	// order 45
 	< 540, 45, 4, 63, 95, 184, 9, -1 >,
 	< 541, 45, 5, 0, 0, 193, 3, 540 >,
 	< 542, 45, 8, 97, 0, 133, 0, 541 >,
 	< 543, 45, 8, 0, 52, 178, 2, 542 >,
 	< 544, 45, 5, 31, 87, 146, 8, 543 >,
 	< 545, 45, 8, 0, 62, 112, 7, 544 >,
 	< 546, 45, 9, 0, 70, 121, 6, 545 >,
 	< 547, 45, 9, 0, 61, 175, 5, 546 >,
 	< 548, 45, 8, 0, 0, 101, 4, 547 >,
 	< 549, 45, 10, 0, 41, 166, 1, 548 >,
 	< 550, 45, 1, 0, 0, 131, 9, 549 >,
 	< 551, 45, 8, 68, 36, 146, 3, 550 >,
 	// order 46
 	< 552, 46, 1, 0, 76, 181, 0, -1 >,
 	< 553, 46, 10, 0, 87, 111, 2, 552 >,
 	< 554, 46, 9, 0, 0, 188, 8, 553 >,
 	< 555, 46, 1, 79, 66, 188, 7, 554 >,
 	< 556, 46, 3, 40, 0, 141, 6, 555 >,
 	< 557, 46, 9, 92, 0, 198, 5, 556 >,
 	< 558, 46, 7, 32, 0, 138, 4, 557 >,
 	< 559, 46, 7, 58, 0, 110, 1, 558 >,
 	< 560, 46, 7, 0, 0, 105, 9, 559 >,
 	< 561, 46, 9, 39, 0, 128, 3, 560 >,
 	< 562, 46, 2, 79, 0, 122, 0, 561 >,
 	< 563, 46, 2, 0, 77, 123, 2, 562 >,
 	// order 47
 	< 564, 47, 10, 0, 0, 176, 8, -1 >,
 	< 565, 47, 9, 0, 31, 188, 7, 564 >,
 	< 566, 47, 5, 0, 51, 146, 6, 565 >,
 	< 567, 47, 5, 0, 0, 159, 5, 566 >,
 	< 568, 47, 1, 0, 0, 174, 4, 567 >,
 	< 569, 47, 8, 35, 0, 198, 1, 568 >,
 	< 570, 47, 6, 34, 0, 162, 9, 569 >,
 	< 571, 47, 4, 0, 0, 105, 3, 570 >,
 	< 572, 47, 2, 0, 0, 161, 0, 571 >,
 	< 573, 47, 10, 48, 90, 143, 2, 572 >,
 	< 574, 47, 6, 0, 0, 198, 8, 573 >,
 	< 575, 47, 1, 93, 0, 180, 7, 574 >,
 	// order 48
 	< 576, 48, 2, 0, 77, 174, 6, -1 >,
 	< 577, 48, 5, 0, 0, 181, 5, 576 >,
 	< 578, 48, 5, 56, 0, 101, 4, 577 >,
 	< 579, 48, 4, 0, 46, 149, 1, 578 >,
 	< 580, 48, 3, 0, 0, 109, 9, 579 >,
 	< 581, 48, 8, 65, 67, 185, 3, 580 >,
 	< 582, 48, 10, 0, 92, 136, 0, 581 >,
 	< 583, 48, 3, 56, 73, 115, 2, 582 >,
 	< 584, 48, 7, 61, 0, 103, 8, 583 >,
 	< 585, 48, 1, 0, 0, 165, 7, 584 >,
 	< 586, 48, 10, 0, 0, 141, 6, 585 >,
 	< 587, 48, 2, 0, 46, 107, 5, 586 >,
 	// order 49
 	< 588, 49, 1, 0, 86, 135, 4, -1 >,
 	< 589, 49, 9, 0, 0, 150, 1, 588 >,
 	< 590, 49, 8, 74, 89, 162, 9, 589 >,
 	< 591, 49, 4, 79, 0, 187, 3, 590 >,
 	< 592, 49, 8, 33, 92, 193, 0, 591 >,
 	< 593, 49, 6, 52, 31, 153, 2, 592 >,
 	< 594, 49, 5, 0, 56, 144, 8, 593 >,
 	< 595, 49, 9, 0, 44, 195, 7, 594 >,
 	< 596, 49, 6, 62, 0, 124, 6, 595 >,
 	< 597, 49, 7, 35, 75, 169, 5, 596 >,
 	< 598, 49, 4, 0, 0, 119, 4, 597 >,
 	< 599, 49, 3, 60, 0, 111, 1, 598 >,
 	// order 50
 	< 600, 50, 8, 83, 0, 113, 9, -1 >,
 	< 601, 50, 4, 0, 0, 190, 3, 600 >,
 	< 602, 50, 8, 0, 0, 167, 0, 601 >,
 	< 603, 50, 8, 0, 0, 105, 2, 602 >,
 	< 604, 50, 9, 95, 0, 124, 8, 603 >,
 	< 605, 50, 2, 0, 39, 196, 7, 604 >,
 	< 606, 50, 4, 0, 0, 195, 6, 605 >,
 	< 607, 50, 10, 0, 0, 117, 5, 606 >,
 	< 608, 50, 8, 45, 91, 154, 4, 607 >,
 	< 609, 50, 7, 0, 54, 128, 1, 608 >,
 	< 610, 50, 7, 56, 40, 103, 9, 609 >,
 	< 611, 50, 8, 0, 0, 153, 3, 610 >,
 	// order 51
 	< 612, 51, 8, 0, 0, 200, 0, -1 >,
 	< 613, 51, 5, 34, 87, 130, 2, 612 >,
 	< 614, 51, 1, 73, 0, 143, 8, 613 >,
 	< 615, 51, 9, 87, 0, 144, 7, 614 >,
 	< 616, 51, 1, 0, 0, 156, 6, 615 >,
 	< 617, 51, 5, 0, 54, 107, 5, 616 >,
 	< 618, 51, 10, 0, 32, 164, 4, 617 >,
 	< 619, 51, 1, 88, 60, 181, 1, 618 >,
 	< 620, 51, 6, 30, 0, 120, 9, 619 >,
 	< 621, 51, 2, 36, 0, 132, 3, 620 >,
 	< 622, 51, 1, 100, 63, 142, 0, 621 >,
 	< 623, 51, 4, 68, 0, 176, 2, 622 >,
 	// order 52
 	< 624, 52, 8, 94, 0, 112, 8, -1 >,
 	< 625, 52, 6, 47, 30, 109, 7, 624 >,
 	< 626, 52, 4, 92, 49, 200, 6, 625 >,
 	< 627, 52, 4, 0, 0, 188, 5, 626 >,
 	< 628, 52, 10, 90, 0, 196, 4, 627 >,
 	< 629, 52, 5, 0, 48, 198, 1, 628 >,
 	< 630, 52, 4, 0, 0, 184, 9, 629 >,
 	< 631, 52, 10, 0, 35, 160, 3, 630 >,
 	< 632, 52, 10, 68, 0, 196, 0, 631 >,
 	< 633, 52, 6, 0, 97, 115, 2, 632 >,
 	< 634, 52, 4, 0, 0, 164, 8, 633 >,
 	< 635, 52, 9, 89, 0, 179, 7, 634 >,
 	// order 53
 	< 636, 53, 2, 0, 74, 160, 6, -1 >,
 	< 637, 53, 1, 100, 33, 160, 5, 636 >,
 	< 638, 53, 2, 0, 0, 172, 4, 637 >,
 	< 639, 53, 5, 0, 0, 143, 1, 638 >,
 	< 640, 53, 9, 67, 45, 147, 9, 639 >,
 	< 641, 53, 10, 0, 0, 175, 3, 640 >,
 	< 642, 53, 2, 0, 0, 104, 0, 641 >,
 	< 643, 53, 2, 65, 0, 122, 2, 642 >,
 	< 644, 53, 10, 0, 0, 156, 8, 643 >,
 	< 645, 53, 10, 54, 50, 121, 7, 644 >,
 	< 646, 53, 6, 0, 56, 140, 6, 645 >,
 	< 647, 53, 2, 0, 59, 160, 5, 646 >,
 	// order 54
 	< 648, 54, 2, 68, 48, 133, 4, -1 >,
 	< 649, 54, 10, 0, 0, 186, 1, 648 >,
 	< 650, 54, 4, 0, 0, 181, 9, 649 >,
 	< 651, 54, 5, 0, 42, 161, 3, 650 >,
 	< 652, 54, 1, 65, 49, 160, 0, 651 >,
 	< 653, 54, 6, 0, 80, 188, 2, 652 >,
 	< 654, 54, 2, 0, 0, 159, 8, 653 >,
 	< 655, 54, 1, 0, 71, 130, 7, 654 >,
 	< 656, 54, 6, 91, 59, 186, 6, 655 >,
 	< 657, 54, 4, 0, 0, 190, 5, 656 >,
 	< 658, 54, 3, 0, 32, 141, 4, 657 >,
 	< 659, 54, 8, 100, 0, 103, 1, 658 >,
 	// order 55
 	< 660, 55, 8, 51, 48, 175, 9, -1 >,
 	< 661, 55, 1, 0, 81, 118, 3, 660 >,
 	< 662, 55, 4, 0, 31, 131, 0, 661 >,
 	< 663, 55, 1, 47, 0, 130, 2, 662 >,
 	< 664, 55, 6, 0, 61, 140, 8, 663 >,
 	< 665, 55, 3, 0, 90, 143, 7, 664 >,
 	< 666, 55, 3, 0, 69, 160, 6, 665 >,
 	< 667, 55, 4, 0, 77, 177, 5, 666 >,
 	< 668, 55, 2, 0, 0, 172, 4, 667 >,
 	< 669, 55, 9, 0, 0, 101, 1, 668 >,
 	< 670, 55, 2, 99, 90, 173, 9, 669 >,
 	< 671, 55, 3, 65, 0, 185, 3, 670 >,
 	// order 56
 	< 672, 56, 6, 62, 51, 190, 0, -1 >,
 	< 673, 56, 10, 51, 0, 192, 2, 672 >,
 	< 674, 56, 10, 0, 75, 113, 8, 673 >,
 	< 675, 56, 2, 35, 32, 121, 7, 674 >,
 	< 676, 56, 3, 38, 0, 153, 6, 675 >,
 	< 677, 56, 7, 53, 93, 175, 5, 676 >,
 	< 678, 56, 8, 0, 80, 157, 4, 677 >,
 	< 679, 56, 1, 98, 80, 160, 1, 678 >,
 	< 680, 56, 2, 93, 0, 121, 9, 679 >,
 	< 681, 56, 7, 0, 60, 175, 3, 680 >,
 	< 682, 56, 9, 0, 93, 168, 0, 681 >,
 	< 683, 56, 9, 0, 0, 173, 2, 682 >,
 	// order 57
 	< 684, 57, 10, 31, 0, 136, 8, -1 >,
 	< 685, 57, 5, 59, 99, 125, 7, 684 >,
 	< 686, 57, 7, 0, 73, 138, 6, 685 >,
 	< 687, 57, 4, 54, 0, 121, 5, 686 >,
 	< 688, 57, 3, 0, 0, 200, 4, 687 >,
 	< 689, 57, 10, 51, 92, 116, 1, 688 >,
 	< 690, 57, 5, 36, 36, 117, 9, 689 >,
 	< 691, 57, 7, 85, 0, 118, 3, 690 >,
 	< 692, 57, 6, 42, 0, 161, 0, 691 >,
 	< 693, 57, 9, 0, 56, 129, 2, 692 >,
 	< 694, 57, 1, 66, 52, 155, 8, 693 >,
 	< 695, 57, 2, 0, 59, 160, 7, 694 >,
 	// order 58
 	< 696, 58, 7, 86, 38, 177, 6, -1 >,
 	< 697, 58, 6, 0, 32, 156, 5, 696 >,
 	< 698, 58, 10, 0, 62, 130, 4, 697 >,
 	< 699, 58, 9, 0, 0, 128, 1, 698 >,
 	< 700, 58, 4, 91, 0, 182, 9, 699 >,
 	< 701, 58, 6, 0, 74, 145, 3, 700 >,
 	< 702, 58, 1, 0, 0, 158, 0, 701 >,
 	< 703, 58, 9, 56, 0, 150, 2, 702 >,
 	< 704, 58, 1, 0, 0, 171, 8, 703 >,
 	< 705, 58, 3, 0, 63, 199, 7, 704 >,
 	< 706, 58, 9, 0, 0, 116, 6, 705 >,
 	< 707, 58, 6, 0, 0, 119, 5, 706 >,
 	// order 59
 	< 708, 59, 10, 0, 0, 154, 4, -1 >,
 	< 709, 59, 8, 71, 0, 197, 1, 708 >,
 	< 710, 59, 4, 62, 67, 193, 9, 709 >,
 	< 711, 59, 7, 31, 30, 180, 3, 710 >,
 	< 712, 59, 7, 91, 0, 101, 0, 711 >,
 	< 713, 59, 10, 0, 0, 191, 2, 712 >,
 	< 714, 59, 8, 50, 100, 101, 8, 713 >,
 	< 715, 59, 1, 48, 80, 148, 7, 714 >,
 	< 716, 59, 3, 0, 0, 102, 6, 715 >,
 	< 717, 59, 1, 0, 0, 162, 5, 716 >,
 	< 718, 59, 4, 0, 0, 128, 4, 717 >,
 	< 719, 59, 4, 0, 0, 126, 1, 718 >,
 	// order 60
 	< 720, 60, 5, 88, 0, 108, 9, -1 >,
 	< 721, 60, 1, 94, 0, 133, 3, 720 >,
 	< 722, 60, 6, 74, 83, 105, 0, 721 >,
 	< 723, 60, 4, 0, 0, 184, 2, 722 >,
 	< 724, 60, 8, 0, 72, 104, 8, 723 >,
 	< 725, 60, 6, 47, 30, 121, 7, 724 >,
 	< 726, 60, 7, 86, 65, 192, 6, 725 >,
 	< 727, 60, 5, 0, 0, 154, 5, 726 >,
 	< 728, 60, 3, 80, 59, 200, 4, 727 >,
 	< 729, 60, 6, 50, 35, 101, 1, 728 >,
 	< 730, 60, 6, 55, 45, 118, 9, 729 >,
 	< 731, 60, 6, 55, 0, 115, 3, 730 >,
 	// order 61
 	< 732, 61, 2, 49, 52, 125, 0, -1 >,
 	< 733, 61, 2, 95, 0, 129, 2, 732 >,
 	< 734, 61, 6, 0, 0, 183, 8, 733 >,
 	< 735, 61, 7, 100, 52, 103, 7, 734 >,
 	< 736, 61, 2, 35, 0, 115, 6, 735 >,
 	< 737, 61, 8, 51, 80, 118, 5, 736 >,
 	< 738, 61, 9, 71, 39, 115, 4, 737 >,
 	< 739, 61, 3, 0, 0, 115, 1, 738 >,
 	< 740, 61, 2, 48, 40, 151, 9, 739 >,
 	< 741, 61, 4, 33, 89, 200, 3, 740 >,
 	< 742, 61, 2, 48, 0, 155, 0, 741 >,
 	< 743, 61, 2, 61, 36, 137, 2, 742 >,
 	// order 62
 	< 744, 62, 2, 66, 97, 149, 8, -1 >,
 	< 745, 62, 4, 33, 0, 189, 7, 744 >,
 	< 746, 62, 10, 88, 0, 100, 6, 745 >,
 	< 747, 62, 3, 0, 85, 117, 5, 746 >,
 	< 748, 62, 4, 71, 74, 194, 4, 747 >,
 	< 749, 62, 7, 0, 80, 163, 1, 748 >,
 	< 750, 62, 1, 40, 0, 164, 9, 749 >,
 	< 751, 62, 9, 0, 0, 169, 3, 750 >,
 	< 752, 62, 8, 89, 0, 101, 0, 751 >,
 	< 753, 62, 6, 0, 0, 116, 2, 752 >,
 	< 754, 62, 4, 0, 51, 120, 8, 753 >,
 	< 755, 62, 8, 95, 0, 133, 7, 754 >,
 	// order 63
 	< 756, 63, 6, 82, 0, 145, 6, -1 >,
 	< 757, 63, 3, 38, 34, 136, 5, 756 >,
 	< 758, 63, 4, 79, 0, 142, 4, 757 >,
 	< 759, 63, 6, 0, 0, 158, 1, 758 >,
 	< 760, 63, 1, 59, 74, 157, 9, 759 >,
 	< 761, 63, 9, 56, 0, 151, 3, 760 >,
 	< 762, 63, 8, 38, 0, 194, 0, 761 >,
 	< 763, 63, 1, 56, 37, 144, 2, 762 >,
 	< 764, 63, 8, 0, 95, 128, 8, 763 >,
 	< 765, 63, 1, 0, 45, 171, 7, 764 >,
 	< 766, 63, 6, 48, 0, 133, 6, 765 >,
 	< 767, 63, 9, 0, 57, 114, 5, 766 >,
 	// order 64
 	< 768, 64, 8, 0, 76, 167, 4, -1 >,
 	< 769, 64, 8, 0, 0, 141, 1, 768 >,
 	< 770, 64, 9, 56, 0, 163, 9, 769 >,
 	< 771, 64, 9, 0, 0, 170, 3, 770 >,
 	< 772, 64, 3, 69, 41, 181, 0, 771 >,
 	< 773, 64, 2, 0, 64, 160, 2, 772 >,
 	< 774, 64, 2, 0, 0, 160, 8, 773 >,
 	< 775, 64, 10, 59, 40, 125, 7, 774 >,
 	< 776, 64, 6, 32, 0, 136, 6, 775 >,
 	< 777, 64, 1, 0, 0, 164, 5, 776 >,
 	< 778, 64, 2, 0, 85, 161, 4, 777 >,
 	< 779, 64, 6, 41, 0, 174, 1, 778 >,
 	// order 65
 	< 780, 65, 6, 0, 81, 157, 9, -1 >,
 	< 781, 65, 3, 43, 66, 194, 3, 780 >,
 	< 782, 65, 5, 97, 0, 174, 0, 781 >,
 	< 783, 65, 10, 46, 86, 194, 2, 782 >,
 	< 784, 65, 2, 0, 0, 154, 8, 783 >,
 	< 785, 65, 5, 0, 30, 137, 7, 784 >,
 	< 786, 65, 6, 0, 74, 181, 6, 785 >,
 	< 787, 65, 7, 0, 0, 112, 5, 786 >,
 	< 788, 65, 7, 59, 80, 176, 4, 787 >,
 	< 789, 65, 4, 53, 76, 107, 1, 788 >,
 	< 790, 65, 10, 0, 70, 126, 9, 789 >,
 	< 791, 65, 7, 0, 0, 184, 3, 790 >,
 	// order 66
 	< 792, 66, 3, 0, 39, 140, 0, -1 >,
 	< 793, 66, 2, 52, 35, 179, 2, 792 >,
 	< 794, 66, 1, 0, 0, 197, 8, 793 >,
 	< 795, 66, 6, 65, 43, 160, 7, 794 >,
 	< 796, 66, 1, 0, 0, 130, 6, 795 >,
 	< 797, 66, 7, 93, 0, 155, 5, 796 >,
 	< 798, 66, 10, 61, 0, 145, 4, 797 >,
 	< 799, 66, 6, 56, 0, 163, 1, 798 >,
 	< 800, 66, 6, 0, 86, 188, 9, 799 >,
 	< 801, 66, 1, 46, 34, 159, 3, 800 >,
 	< 802, 66, 2, 89, 0, 117, 0, 801 >,
 	< 803, 66, 4, 0, 86, 117, 2, 802 >,
 	// order 67
 	< 804, 67, 10, 0, 0, 110, 8, -1 >,
 	< 805, 67, 1, 87, 62, 187, 7, 804 >,
 	< 806, 67, 3, 0, 78, 111, 6, 805 >,
 	< 807, 67, 4, 0, 0, 127, 5, 806 >,
 	< 808, 67, 8, 95, 98, 180, 4, 807 >,
 	< 809, 67, 9, 34, 0, 119, 1, 808 >,
 	< 810, 67, 3, 65, 0, 155, 9, 809 >,
 	< 811, 67, 3, 78, 61, 102, 3, 810 >,
 	< 812, 67, 6, 43, 0, 198, 0, 811 >,
 	< 813, 67, 10, 0, 0, 179, 2, 812 >,
 	< 814, 67, 2, 69, 0, 145, 8, 813 >,
 	< 815, 67, 1, 0, 0, 131, 7, 814 >,
 	// order 68
 	< 816, 68, 3, 82, 0, 126, 6, -1 >,
 	< 817, 68, 7, 80, 0, 113, 5, 816 >,
 	< 818, 68, 10, 66, 89, 176, 4, 817 >,
 	< 819, 68, 2, 0, 77, 183, 1, 818 >,
 	< 820, 68, 10, 0, 64, 109, 9, 819 >,
 	< 821, 68, 3, 63, 0, 152, 3, 820 >,
 	< 822, 68, 10, 0, 0, 162, 0, 821 >,
 	< 823, 68, 5, 0, 0, 125, 2, 822 >,
 	< 824, 68, 6, 48, 0, 103, 8, 823 >,
 	< 825, 68, 3, 0, 50, 173, 7, 824 >,
 	< 826, 68, 3, 0, 64, 145, 6, 825 >,
 	< 827, 68, 5, 0, 86, 189, 5, 826 >,
 	// order 69
 	< 828, 69, 2, 0, 46, 146, 4, -1 >,
 	< 829, 69, 7, 51, 0, 103, 1, 828 >,
 	< 830, 69, 4, 0, 40, 126, 9, 829 >,
 	< 831, 69, 2, 59, 0, 173, 3, 830 >,
 	< 832, 69, 5, 99, 0, 120, 0, 831 >,
 	< 833, 69, 8, 61, 0, 190, 2, 832 >,
 	< 834, 69, 4, 63, 0, 108, 8, 833 >,
 	< 835, 69, 2, 32, 0, 142, 7, 834 >,
 	< 836, 69, 3, 62, 0, 135, 6, 835 >,
 	< 837, 69, 8, 0, 0, 122, 5, 836 >,
 	< 838, 69, 4, 93, 0, 107, 4, 837 >,
 	< 839, 69, 5, 58, 31, 174, 1, 838 >,
 	// order 70
 	< 840, 70, 8, 49, 0, 172, 9, -1 >,
 	< 841, 70, 5, 0, 34, 109, 3, 840 >,
 	< 842, 70, 4, 56, 0, 148, 0, 841 >,
 	< 843, 70, 8, 0, 93, 142, 2, 842 >,
 	< 844, 70, 4, 0, 0, 172, 8, 843 >,
 	< 845, 70, 10, 0, 58, 191, 7, 844 >,
 	< 846, 70, 5, 45, 0, 129, 6, 845 >,
 	< 847, 70, 7, 59, 0, 154, 5, 846 >,
 	< 848, 70, 9, 77, 0, 112, 4, 847 >,
 	< 849, 70, 10, 0, 37, 159, 1, 848 >,
 	< 850, 70, 7, 78, 73, 135, 9, 849 >,
 	< 851, 70, 4, 0, 48, 129, 3, 850 >,
 	// order 71
 	< 852, 71, 7, 83, 53, 117, 0, -1 >,
 	< 853, 71, 6, 0, 0, 177, 2, 852 >,
 	< 854, 71, 4, 43, 0, 163, 8, 853 >,
 	< 855, 71, 8, 36, 71, 191, 7, 854 >,
 	< 856, 71, 7, 50, 35, 159, 6, 855 >,
 	< 857, 71, 5, 55, 0, 186, 5, 856 >,
 	< 858, 71, 10, 0, 0, 118, 4, 857 >,
 	< 859, 71, 10, 86, 92, 143, 1, 858 >,
 	< 860, 71, 8, 47, 65, 163, 9, 859 >,
 	< 861, 71, 10, 56, 0, 176, 3, 860 >,
 	< 862, 71, 7, 0, 86, 147, 0, 861 >,
 	< 863, 71, 9, 0, 38, 114, 2, 862 >,
 	// order 72
 	< 864, 72, 10, 0, 92, 195, 8, -1 >,
 	< 865, 72, 8, 0, 43, 130, 7, 864 >,
 	< 866, 72, 1, 63, 99, 103, 6, 865 >,
 	< 867, 72, 1, 98, 0, 129, 5, 866 >,
 	< 868, 72, 10, 0, 0, 127, 4, 867 >,
 	< 869, 72, 9, 0, 0, 145, 1, 868 >,
 	< 870, 72, 10, 40, 50, 184, 9, 869 >,
 	< 871, 72, 5, 94, 91, 153, 3, 870 >,
 	< 872, 72, 9, 0, 79, 199, 0, 871 >,
 	< 873, 72, 10, 0, 60, 186, 2, 872 >,
 	< 874, 72, 7, 78, 99, 113, 8, 873 >,
 	< 875, 72, 5, 36, 0, 104, 7, 874 >,
 	// order 73
 	< 876, 73, 4, 0, 94, 194, 6, -1 >,
 	< 877, 73, 2, 0, 50, 109, 5, 876 >,
 	< 878, 73, 1, 0, 61, 181, 4, 877 >,
 	< 879, 73, 4, 0, 0, 195, 1, 878 >,
 	< 880, 73, 3, 31, 0, 190, 9, 879 >,
 	< 881, 73, 6, 0, 0, 187, 3, 880 >,
 	< 882, 73, 4, 0, 0, 146, 0, 881 >,
 	< 883, 73, 4, 0, 94, 116, 2, 882 >,
 	< 884, 73, 8, 0, 100, 129, 8, 883 >,
 	< 885, 73, 2, 74, 86, 140, 7, 884 >,
 	< 886, 73, 2, 31, 0, 115, 6, 885 >,
 	< 887, 73, 3, 0, 0, 119, 5, 886 >,
 	// order 74
 	< 888, 74, 9, 0, 82, 120, 4, -1 >,
 	< 889, 74, 2, 86, 80, 141, 1, 888 >,
 	< 890, 74, 10, 40, 47, 121, 9, 889 >,
 	< 891, 74, 3, 0, 52, 127, 3, 890 >,
 	< 892, 74, 10, 0, 0, 170, 0, 891 >,
 	< 893, 74, 6, 0, 51, 116, 2, 892 >,
 	< 894, 74, 1, 0, 52, 141, 8, 893 >,
 	< 895, 74, 2, 85, 0, 119, 7, 894 >,
 	< 896, 74, 10, 0, 57, 147, 6, 895 >,
 	< 897, 74, 3, 59, 0, 194, 5, 896 >,
 	< 898, 74, 10, 0, 0, 188, 4, 897 >,
 	< 899, 74, 6, 0, 80, 150, 1, 898 >,
 	// order 75
 	< 900, 75, 7, 88, 0, 155, 9, -1 >,
 	< 901, 75, 4, 42, 43, 106, 3, 900 >,
 	< 902, 75, 3, 0, 0, 169, 0, 901 >,
 	< 903, 75, 4, 0, 0, 190, 2, 902 >,
 	< 904, 75, 6, 0, 93, 192, 8, 903 >,
 	< 905, 75, 4, 0, 83, 184, 7, 904 >,
 	< 906, 75, 8, 0, 49, 129, 6, 905 >,
 	< 907, 75, 5, 39, 49, 101, 5, 906 >,
 	< 908, 75, 8, 0, 45, 100, 4, 907 >,
 	< 909, 75, 8, 100, 66, 134, 1, 908 >,
 	< 910, 75, 3, 40, 0, 178, 9, 909 >,
 	< 911, 75, 8, 93, 0, 149, 3, 910 >,
 	// order 76
 	< 912, 76, 10, 0, 0, 117, 0, -1 >,
 	< 913, 76, 5, 42, 40, 123, 2, 912 >,
 	< 914, 76, 5, 92, 54, 103, 8, 913 >,
 	< 915, 76, 7, 77, 93, 200, 7, 914 >,
 	< 916, 76, 4, 0, 94, 113, 6, 915 >,
 	< 917, 76, 3, 85, 0, 189, 5, 916 >,
 	< 918, 76, 10, 83, 81, 104, 4, 917 >,
 	< 919, 76, 6, 53, 0, 162, 1, 918 >,
 	< 920, 76, 3, 51, 52, 173, 9, 919 >,
 	< 921, 76, 8, 0, 45, 168, 3, 920 >,
 	< 922, 76, 6, 32, 55, 155, 0, 921 >,
 	< 923, 76, 9, 97, 0, 100, 2, 922 >,
 	// order 77
 	< 924, 77, 6, 54, 0, 161, 8, -1 >,
 	< 925, 77, 4, 55, 54, 157, 7, 924 >,
 	< 926, 77, 4, 0, 66, 110, 6, 925 >,
 	< 927, 77, 9, 0, 80, 123, 5, 926 >,
 	< 928, 77, 7, 0, 84, 170, 4, 927 >,
 	< 929, 77, 1, 100, 56, 136, 1, 928 >,
 	< 930, 77, 3, 0, 0, 131, 9, 929 >,
 	< 931, 77, 5, 0, 0, 145, 3, 930 >,
 	< 932, 77, 5, 50, 0, 102, 0, 931 >,
 	< 933, 77, 7, 0, 0, 184, 2, 932 >,
 	< 934, 77, 5, 0, 0, 200, 8, 933 >,
 	< 935, 77, 7, 94, 59, 129, 7, 934 >,
 	// order 78
 	< 936, 78, 10, 0, 55, 101, 6, -1 >,
 	< 937, 78, 10, 0, 0, 175, 5, 936 >,
 	< 938, 78, 2, 0, 68, 138, 4, 937 >,
 	< 939, 78, 6, 0, 56, 190, 1, 938 >,
 	< 940, 78, 10, 0, 88, 186, 9, 939 >,
 	< 941, 78, 6, 94, 0, 162, 3, 940 >,
 	< 942, 78, 6, 0, 32, 197, 0, 941 >,
 	< 943, 78, 3, 0, 49, 127, 2, 942 >,
 	< 944, 78, 4, 65, 0, 101, 8, 943 >,
 	< 945, 78, 7, 63, 0, 148, 7, 944 >,
 	< 946, 78, 4, 0, 91, 152, 6, 945 >,
 	< 947, 78, 2, 0, 0, 107, 5, 946 >,
 	// order 79
 	< 948, 79, 9, 0, 0, 184, 4, -1 >,
 	< 949, 79, 6, 0, 77, 160, 1, 948 >,
 	< 950, 79, 6, 0, 0, 174, 9, 949 >,
 	< 951, 79, 4, 0, 35, 166, 3, 950 >,
 	< 952, 79, 5, 46, 59, 183, 0, 951 >,
 	< 953, 79, 9, 0, 0, 188, 2, 952 >,
 	< 954, 79, 7, 88, 79, 145, 8, 953 >,
 	< 955, 79, 5, 0, 0, 199, 7, 954 >,
 	< 956, 79, 10, 0, 0, 196, 6, 955 >,
 	< 957, 79, 3, 94, 0, 166, 5, 956 >,
 	< 958, 79, 9, 0, 0, 144, 4, 957 >,
 	< 959, 79, 5, 77, 34, 171, 1, 958 >,
 	// order 80
 	< 960, 80, 3, 49, 93, 200, 9, -1 >,
 	< 961, 80, 1, 42, 50, 185, 3, 960 >,
 	< 962, 80, 10, 0, 0, 167, 0, 961 >,
 	< 963, 80, 5, 49, 67, 192, 2, 962 >,
 	< 964, 80, 8, 63, 0, 135, 8, 963 >,
 	< 965, 80, 1, 0, 0, 103, 7, 964 >,
 	< 966, 80, 7, 0, 0, 103, 6, 965 >,
 	< 967, 80, 1, 38, 0, 197, 5, 966 >,
 	< 968, 80, 2, 0, 63, 137, 4, 967 >,
 	< 969, 80, 1, 0, 0, 134, 1, 968 >,
 	< 970, 80, 9, 0, 0, 156, 9, 969 >,
 	< 971, 80, 6, 0, 0, 119, 3, 970 >,
 	// order 81
 	< 972, 81, 8, 0, 0, 165, 0, -1 >,
 	< 973, 81, 1, 0, 74, 168, 2, 972 >,
 	< 974, 81, 5, 46, 0, 195, 8, 973 >,
 	< 975, 81, 3, 0, 0, 141, 7, 974 >,
 	< 976, 81, 4, 0, 0, 120, 6, 975 >,
 	< 977, 81, 5, 50, 67, 187, 5, 976 >,
 	< 978, 81, 10, 0, 48, 172, 4, 977 >,
 	< 979, 81, 9, 0, 94, 131, 1, 978 >,
 	< 980, 81, 2, 86, 79, 158, 9, 979 >,
 	< 981, 81, 10, 50, 35, 193, 3, 980 >,
 	< 982, 81, 3, 0, 40, 191, 0, 981 >,
 	< 983, 81, 6, 65, 0, 126, 2, 982 >,
 	// order 82
 	< 984, 82, 9, 0, 74, 154, 8, -1 >,
 	< 985, 82, 3, 45, 72, 127, 7, 984 >,
 	< 986, 82, 1, 0, 57, 143, 6, 985 >,
 	< 987, 82, 6, 98, 0, 145, 5, 986 >,
 	< 988, 82, 7, 100, 85, 148, 4, 987 >,
 	< 989, 82, 6, 65, 58, 197, 1, 988 >,
 	< 990, 82, 9, 80, 0, 106, 9, 989 >,
 	< 991, 82, 1, 52, 0, 194, 3, 990 >,
 	< 992, 82, 5, 47, 38, 177, 0, 991 >,
 	< 993, 82, 5, 38, 92, 182, 2, 992 >,
 	< 994, 82, 3, 0, 88, 176, 8, 993 >,
 	< 995, 82, 8, 49, 0, 189, 7, 994 >,
 	// order 83
 	< 996, 83, 9, 0, 0, 182, 6, -1 >,
 	< 997, 83, 7, 0, 0, 183, 5, 996 >,
 	< 998, 83, 3, 0, 0, 172, 4, 997 >,
 	< 999, 83, 4, 0, 97, 136, 1, 998 >,
 	< 1000, 83, 9, 0, 72, 188, 9, 999 >,
 	< 1001, 83, 1, 0, 60, 143, 3, 1000 >,
 	< 1002, 83, 3, 0, 56, 180, 0, 1001 >,
 	< 1003, 83, 6, 86, 0, 142, 2, 1002 >,
 	< 1004, 83, 4, 0, 0, 155, 8, 1003 >,
 	< 1005, 83, 3, 0, 60, 150, 7, 1004 >,
 	< 1006, 83, 10, 0, 0, 181, 6, 1005 >,
 	< 1007, 83, 5, 0, 95, 129, 5, 1006 >,
 	// order 84
 	< 1008, 84, 10, 55, 0, 123, 4, -1 >,
 	< 1009, 84, 9, 0, 47, 179, 1, 1008 >,
 	< 1010, 84, 6, 0, 68, 135, 9, 1009 >,
 	< 1011, 84, 6, 0, 49, 196, 3, 1010 >,
 	< 1012, 84, 4, 55, 38, 144, 0, 1011 >,
 	< 1013, 84, 1, 63, 46, 200, 2, 1012 >,
 	< 1014, 84, 6, 0, 48, 105, 8, 1013 >,
 	< 1015, 84, 2, 54, 0, 174, 7, 1014 >,
 	< 1016, 84, 1, 89, 0, 128, 6, 1015 >,
 	< 1017, 84, 9, 50, 0, 144, 5, 1016 >,
 	< 1018, 84, 6, 99, 0, 159, 4, 1017 >,
 	< 1019, 84, 8, 0, 86, 121, 1, 1018 >,
 	// order 85
 	< 1020, 85, 1, 69, 75, 140, 9, -1 >,
 	< 1021, 85, 8, 0, 0, 193, 3, 1020 >,
 	< 1022, 85, 9, 72, 65, 142, 0, 1021 >,
 	< 1023, 85, 8, 41, 0, 107, 2, 1022 >,
 	< 1024, 85, 2, 0, 63, 161, 8, 1023 >,
 	< 1025, 85, 4, 0, 51, 105, 7, 1024 >,
 	< 1026, 85, 1, 40, 58, 137, 6, 1025 >,
 	< 1027, 85, 3, 92, 0, 183, 5, 1026 >,
 	< 1028, 85, 9, 0, 72, 137, 4, 1027 >,
 	< 1029, 85, 4, 41, 46, 164, 1, 1028 >,
 	< 1030, 85, 6, 0, 61, 178, 9, 1029 >,
 	< 1031, 85, 2, 0, 0, 138, 3, 1030 >,
 	// order 86
 	< 1032, 86, 5, 0, 84, 138, 0, -1 >,
 	< 1033, 86, 5, 37, 0, 153, 2, 1032 >,
 	< 1034, 86, 3, 0, 0, 125, 8, 1033 >,
 	< 1035, 86, 4, 43, 46, 194, 7, 1034 >,
 	< 1036, 86, 5, 53, 60, 197, 6, 1035 >,
 	< 1037, 86, 1, 97, 37, 160, 5, 1036 >,
 	< 1038, 86, 9, 59, 69, 184, 4, 1037 >,
 	< 1039, 86, 3, 63, 37, 145, 1, 1038 >,
 	< 1040, 86, 1, 0, 0, 188, 9, 1039 >,
 	< 1041, 86, 6, 71, 0, 181, 3, 1040 >,
 	< 1042, 86, 2, 93, 32, 133, 0, 1041 >,
 	< 1043, 86, 5, 0, 0, 115, 2, 1042 >,
 	// order 87
 	< 1044, 87, 5, 0, 62, 140, 8, -1 >,
 	< 1045, 87, 9, 46, 0, 166, 7, 1044 >,
 	< 1046, 87, 4, 0, 59, 189, 6, 1045 >,
 	< 1047, 87, 9, 0, 0, 113, 5, 1046 >,
 	< 1048, 87, 3, 0, 0, 185, 4, 1047 >,
 	< 1049, 87, 8, 84, 87, 152, 1, 1048 >,
 	< 1050, 87, 5, 64, 0, 168, 9, 1049 >,
 	< 1051, 87, 7, 0, 0, 190, 3, 1050 >,
 	< 1052, 87, 1, 0, 59, 123, 0, 1051 >,
 	< 1053, 87, 7, 0, 54, 148, 2, 1052 >,
 	< 1054, 87, 10, 0, 0, 192, 8, 1053 >,
 	< 1055, 87, 4, 89, 0, 157, 7, 1054 >,
 	// order 88
 	< 1056, 88, 9, 75, 0, 192, 6, -1 >,
 	< 1057, 88, 8, 91, 41, 194, 5, 1056 >,
 	< 1058, 88, 8, 57, 0, 143, 4, 1057 >,
 	< 1059, 88, 2, 0, 85, 124, 1, 1058 >,
 	< 1060, 88, 4, 0, 0, 105, 9, 1059 >,
 	< 1061, 88, 9, 0, 0, 188, 3, 1060 >,
 	< 1062, 88, 2, 0, 45, 145, 0, 1061 >,
 	< 1063, 88, 7, 0, 0, 172, 2, 1062 >,
 	< 1064, 88, 9, 56, 76, 150, 8, 1063 >,
 	< 1065, 88, 5, 36, 36, 148, 7, 1064 >,
 	< 1066, 88, 2, 96, 53, 151, 6, 1065 >,
 	< 1067, 88, 8, 0, 0, 104, 5, 1066 >,
 	// order 89
 	< 1068, 89, 5, 100, 87, 109, 4, -1 >,
 	< 1069, 89, 6, 0, 33, 100, 1, 1068 >,
 	< 1070, 89, 4, 44, 0, 151, 9, 1069 >,
 	< 1071, 89, 7, 31, 0, 178, 3, 1070 >,
 	< 1072, 89, 5, 0, 0, 199, 0, 1071 >,
 	< 1073, 89, 9, 70, 0, 110, 2, 1072 >,
 	< 1074, 89, 4, 0, 0, 184, 8, 1073 >,
 	< 1075, 89, 3, 83, 0, 170, 7, 1074 >,
 	< 1076, 89, 4, 0, 34, 103, 6, 1075 >,
 	< 1077, 89, 5, 98, 47, 182, 5, 1076 >,
 	< 1078, 89, 9, 0, 0, 194, 4, 1077 >,
 	< 1079, 89, 3, 63, 77, 196, 1, 1078 >,
 	// order 90
 	< 1080, 90, 3, 49, 77, 178, 9, -1 >,
 	< 1081, 90, 10, 97, 84, 163, 3, 1080 >,
 	< 1082, 90, 9, 39, 0, 136, 0, 1081 >,
 	< 1083, 90, 2, 41, 41, 133, 2, 1082 >,
 	< 1084, 90, 4, 0, 0, 103, 8, 1083 >,
 	< 1085, 90, 6, 48, 0, 115, 7, 1084 >,
 	< 1086, 90, 4, 37, 0, 142, 6, 1085 >,
 	< 1087, 90, 4, 0, 93, 126, 5, 1086 >,
 	< 1088, 90, 8, 33, 0, 139, 4, 1087 >,
 	< 1089, 90, 5, 43, 56, 168, 1, 1088 >,
 	< 1090, 90, 5, 0, 0, 163, 9, 1089 >,
 	< 1091, 90, 10, 0, 0, 175, 3, 1090 >,
 	// order 91
 	< 1092, 91, 5, 0, 57, 161, 0, -1 >,
 	< 1093, 91, 3, 0, 93, 167, 2, 1092 >,
 	< 1094, 91, 10, 45, 0, 163, 8, 1093 >,
 	< 1095, 91, 4, 49, 0, 178, 7, 1094 >,
 	< 1096, 91, 6, 57, 94, 147, 6, 1095 >,
 	< 1097, 91, 9, 34, 63, 197, 5, 1096 >,
 	< 1098, 91, 9, 64, 0, 108, 4, 1097 >,
 	< 1099, 91, 2, 0, 51, 189, 1, 1098 >,
 	< 1100, 91, 10, 77, 63, 123, 9, 1099 >,
 	< 1101, 91, 5, 92, 60, 172, 3, 1100 >,
 	< 1102, 91, 3, 83, 0, 149, 0, 1101 >,
 	< 1103, 91, 2, 0, 0, 153, 2, 1102 >,
 	// order 92
 	< 1104, 92, 3, 0, 0, 186, 8, -1 >,
 	< 1105, 92, 3, 65, 0, 156, 7, 1104 >,
 	< 1106, 92, 9, 0, 0, 166, 6, 1105 >,
 	< 1107, 92, 8, 98, 0, 100, 5, 1106 >,
 	< 1108, 92, 7, 0, 0, 174, 4, 1107 >,
 	< 1109, 92, 8, 41, 86, 137, 1, 1108 >,
 	< 1110, 92, 1, 50, 92, 136, 9, 1109 >,
 	< 1111, 92, 7, 0, 85, 120, 3, 1110 >,
 	< 1112, 92, 5, 55, 0, 185, 0, 1111 >,
 	< 1113, 92, 4, 0, 94, 190, 2, 1112 >,
 	< 1114, 92, 2, 0, 0, 179, 8, 1113 >,
 	< 1115, 92, 2, 0, 59, 148, 7, 1114 >,
 	// order 93
 	< 1116, 93, 7, 99, 0, 128, 6, -1 >,
 	< 1117, 93, 9, 65, 51, 115, 5, 1116 >,
 	< 1118, 93, 6, 0, 0, 180, 4, 1117 >,
 	< 1119, 93, 2, 0, 0, 143, 1, 1118 >,
 	< 1120, 93, 10, 0, 44, 190, 9, 1119 >,
 	< 1121, 93, 5, 64, 0, 176, 3, 1120 >,
 	< 1122, 93, 8, 0, 0, 191, 0, 1121 >,
 	< 1123, 93, 2, 0, 63, 180, 2, 1122 >,
 	< 1124, 93, 1, 0, 0, 189, 8, 1123 >,
 	< 1125, 93, 7, 0, 56, 181, 7, 1124 >,
 	< 1126, 93, 8, 0, 91, 106, 6, 1125 >,
 	< 1127, 93, 2, 0, 0, 178, 5, 1126 >,
 	// order 94
 	< 1128, 94, 4, 0, 56, 137, 4, -1 >,
 	< 1129, 94, 4, 92, 0, 106, 1, 1128 >,
 	< 1130, 94, 7, 0, 0, 110, 9, 1129 >,
 	< 1131, 94, 8, 98, 75, 125, 3, 1130 >,
 	< 1132, 94, 3, 40, 0, 110, 0, 1131 >,
 	< 1133, 94, 8, 40, 42, 198, 2, 1132 >,
 	< 1134, 94, 5, 51, 0, 138, 8, 1133 >,
 	< 1135, 94, 2, 35, 40, 176, 7, 1134 >,
 	< 1136, 94, 2, 82, 51, 124, 6, 1135 >,
 	< 1137, 94, 10, 0, 0, 114, 5, 1136 >,
 	< 1138, 94, 9, 0, 55, 195, 4, 1137 >,
 	< 1139, 94, 6, 0, 71, 160, 1, 1138 >,
 	// order 95
 	< 1140, 95, 1, 36, 0, 129, 9, -1 >,
 	< 1141, 95, 2, 53, 0, 124, 3, 1140 >,
 	< 1142, 95, 9, 37, 84, 146, 0, 1141 >,
 	< 1143, 95, 4, 0, 0, 157, 2, 1142 >,
 	< 1144, 95, 3, 35, 71, 176, 8, 1143 >,
 	< 1145, 95, 8, 0, 0, 157, 7, 1144 >,
 	< 1146, 95, 5, 0, 0, 154, 6, 1145 >,
 	< 1147, 95, 8, 0, 69, 138, 5, 1146 >,
 	< 1148, 95, 2, 71, 90, 125, 4, 1147 >,
 	< 1149, 95, 2, 100, 63, 120, 1, 1148 >,
 	< 1150, 95, 9, 0, 0, 137, 9, 1149 >,
 	< 1151, 95, 6, 48, 67, 133, 3, 1150 >,
 	// order 96
 	< 1152, 96, 8, 88, 59, 141, 0, -1 >,
 	< 1153, 96, 6, 63, 87, 104, 2, 1152 >,
 	< 1154, 96, 3, 0, 69, 121, 8, 1153 >,
 	< 1155, 96, 6, 0, 87, 142, 7, 1154 >,
 	< 1156, 96, 10, 0, 55, 129, 6, 1155 >,
 	< 1157, 96, 2, 0, 0, 134, 5, 1156 >,
 	< 1158, 96, 10, 90, 79, 112, 4, 1157 >,
 	< 1159, 96, 1, 79, 0, 119, 1, 1158 >,
 	< 1160, 96, 2, 57, 89, 197, 9, 1159 >,
 	< 1161, 96, 8, 72, 40, 174, 3, 1160 >,
 	< 1162, 96, 6, 0, 62, 118, 0, 1161 >,
 	< 1163, 96, 1, 0, 0, 159, 2, 1162 >,
 	// order 97
 	< 1164, 97, 10, 91, 0, 144, 8, -1 >,
 	< 1165, 97, 3, 61, 0, 175, 7, 1164 >,
 	< 1166, 97, 8, 0, 51, 135, 6, 1165 >,
 	< 1167, 97, 10, 66, 0, 146, 5, 1166 >,
 	< 1168, 97, 3, 77, 38, 132, 4, 1167 >,
 	< 1169, 97, 5, 76, 85, 158, 1, 1168 >,
 	< 1170, 97, 10, 40, 0, 152, 9, 1169 >,
 	< 1171, 97, 7, 0, 83, 152, 3, 1170 >,
 	< 1172, 97, 5, 56, 0, 193, 0, 1171 >,
 	< 1173, 97, 10, 64, 0, 155, 2, 1172 >,
 	< 1174, 97, 8, 54, 0, 187, 8, 1173 >,
 	< 1175, 97, 1, 0, 0, 182, 7, 1174 >,
 	// order 98
 	< 1176, 98, 2, 49, 43, 140, 6, -1 >,
 	< 1177, 98, 10, 0, 0, 145, 5, 1176 >,
 	< 1178, 98, 3, 0, 80, 172, 4, 1177 >,
 	< 1179, 98, 5, 59, 58, 148, 1, 1178 >,
 	< 1180, 98, 2, 0, 46, 179, 9, 1179 >,
 	< 1181, 98, 1, 0, 0, 121, 3, 1180 >,
 	< 1182, 98, 5, 50, 69, 175, 0, 1181 >,
 	< 1183, 98, 2, 43, 95, 183, 2, 1182 >,
 	< 1184, 98, 3, 0, 0, 145, 8, 1183 >,
 	< 1185, 98, 2, 0, 74, 111, 7, 1184 >,
 	< 1186, 98, 7, 0, 54, 200, 6, 1185 >,
 	< 1187, 98, 7, 82, 0, 134, 5, 1186 >,
 	// order 99
 	< 1188, 99, 8, 0, 0, 100, 4, -1 >,
 	< 1189, 99, 7, 86, 0, 198, 1, 1188 >,
 	< 1190, 99, 3, 46, 63, 165, 9, 1189 >,
 	< 1191, 99, 10, 0, 0, 179, 3, 1190 >,
 	< 1192, 99, 7, 76, 0, 109, 0, 1191 >,
 	< 1193, 99, 8, 0, 66, 157, 2, 1192 >,
 	< 1194, 99, 2, 0, 0, 178, 8, 1193 >,
 	< 1195, 99, 6, 0, 45, 103, 7, 1194 >,
 	< 1196, 99, 6, 53, 0, 164, 6, 1195 >,
 	< 1197, 99, 4, 0, 0, 142, 5, 1196 >,
 	< 1198, 99, 3, 35, 0, 143, 4, 1197 >,
 	< 1199, 99, 10, 66, 0, 166, 1, 1198 >
 };
