/*********************************************
 * OPL 12.10.0.0 Data
 * Author: Kinast
 * Creation date: Aug 17, 2021 at 11:49:15 AM
 *********************************************/

 nOrders = 100;
 nTasks = 1200;

 nWorkgroups = 10;
 nWorkstations = 30;

 nCobots = 0;
 cobotTimeFactor = 0.7;

 workstations = {
 	< 0, "Workstation 0", 0, 1.05, 1.13, 1, 5 >,
 	< 1, "Workstation 1", 1, 0.82, 1.05, 1, 5 >,
 	< 2, "Workstation 2", 2, 1.22, 0.92, 1, 1 >,
 	< 3, "Workstation 3", 3, 1.12, 0.85, 1, 2 >,
 	< 4, "Workstation 4", 4, 1.06, 1.23, 1, 5 >,
 	< 5, "Workstation 5", 0, 1.11, 0.77, 1, 1 >,
 	< 6, "Workstation 6", 5, 1.03, 1.2, 1, 5 >,
 	< 7, "Workstation 7", 6, 0.85, 1.17, 1, 3 >,
 	< 8, "Workstation 8", 7, 1.13, 1.25, 1, 1 >,
 	< 9, "Workstation 9", 6, 0.89, 1.07, 1, 5 >,
 	< 10, "Workstation 10", 3, 0.8, 0.82, 1, 1 >,
 	< 11, "Workstation 11", 2, 1.12, 0.82, 1, 3 >,
 	< 12, "Workstation 12", 5, 1.03, 0.88, 1, 1 >,
 	< 13, "Workstation 13", 6, 1.13, 0.89, 1, 1 >,
 	< 14, "Workstation 14", 4, 1.08, 1.03, 1, 1 >,
 	< 15, "Workstation 15", 0, 1.25, 0.88, 1, 2 >,
 	< 16, "Workstation 16", 5, 0.95, 0.83, 1, 4 >,
 	< 17, "Workstation 17", 1, 1.22, 0.9, 1, 1 >,
 	< 18, "Workstation 18", 8, 1.16, 1.23, 1, 1 >,
 	< 19, "Workstation 19", 8, 0.81, 0.89, 1, 1 >,
 	< 20, "Workstation 20", 7, 1.01, 1.16, 1, 4 >,
 	< 21, "Workstation 21", 1, 0.82, 1.04, 1, 5 >,
 	< 22, "Workstation 22", 4, 0.79, 0.76, 1, 4 >,
 	< 23, "Workstation 23", 2, 0.78, 0.79, 1, 1 >,
 	< 24, "Workstation 24", 9, 1.16, 0.86, 1, 3 >,
 	< 25, "Workstation 25", 7, 0.95, 0.95, 1, 4 >,
 	< 26, "Workstation 26", 3, 1.23, 1, 1, 4 >,
 	< 27, "Workstation 27", 9, 0.89, 1.09, 1, 1 >,
 	< 28, "Workstation 28", 9, 0.83, 0.96, 1, 1 >,
 	< 29, "Workstation 29", 8, 0.97, 0.86, 1, 1 >
 };

 tasks = {
 	// order 0
 	< 0, 0, 10, 91, 100, 120, 4, -1 >,
 	< 1, 0, 4, 99, 43, 133, 3, 0 >,
 	< 2, 0, 9, 0, 0, 174, 9, 1 >,
 	< 3, 0, 3, 0, 87, 110, 6, 2 >,
 	< 4, 0, 6, 36, 0, 190, 8, 3 >,
 	< 5, 0, 4, 63, 0, 141, 7, 4 >,
 	< 6, 0, 9, 69, 0, 122, 5, 5 >,
 	< 7, 0, 4, 0, 0, 141, 1, 6 >,
 	< 8, 0, 4, 77, 96, 199, 0, 7 >,
 	< 9, 0, 1, 0, 37, 109, 2, 8 >,
 	< 10, 0, 2, 59, 0, 140, 4, 9 >,
 	< 11, 0, 3, 66, 0, 190, 3, 10 >,
 	// order 1
 	< 12, 1, 6, 0, 55, 137, 9, -1 >,
 	< 13, 1, 5, 0, 0, 112, 6, 12 >,
 	< 14, 1, 4, 0, 0, 123, 8, 13 >,
 	< 15, 1, 5, 0, 30, 115, 7, 14 >,
 	< 16, 1, 2, 93, 56, 119, 5, 15 >,
 	< 17, 1, 4, 0, 0, 107, 1, 16 >,
 	< 18, 1, 10, 0, 84, 126, 0, 17 >,
 	< 19, 1, 6, 85, 53, 157, 2, 18 >,
 	< 20, 1, 5, 57, 80, 106, 4, 19 >,
 	< 21, 1, 1, 0, 43, 153, 3, 20 >,
 	< 22, 1, 3, 56, 0, 100, 9, 21 >,
 	< 23, 1, 6, 64, 0, 127, 6, 22 >,
 	// order 2
 	< 24, 2, 1, 0, 0, 112, 8, -1 >,
 	< 25, 2, 9, 0, 80, 172, 7, 24 >,
 	< 26, 2, 6, 77, 75, 111, 5, 25 >,
 	< 27, 2, 6, 0, 39, 121, 1, 26 >,
 	< 28, 2, 6, 92, 0, 178, 0, 27 >,
 	< 29, 2, 10, 0, 0, 152, 2, 28 >,
 	< 30, 2, 2, 0, 0, 127, 4, 29 >,
 	< 31, 2, 3, 0, 53, 156, 3, 30 >,
 	< 32, 2, 10, 55, 44, 168, 9, 31 >,
 	< 33, 2, 7, 32, 36, 149, 6, 32 >,
 	< 34, 2, 4, 0, 0, 185, 8, 33 >,
 	< 35, 2, 7, 51, 54, 187, 7, 34 >,
 	// order 3
 	< 36, 3, 9, 43, 58, 139, 5, -1 >,
 	< 37, 3, 5, 0, 0, 154, 1, 36 >,
 	< 38, 3, 2, 83, 0, 186, 0, 37 >,
 	< 39, 3, 9, 0, 0, 180, 2, 38 >,
 	< 40, 3, 3, 76, 32, 189, 4, 39 >,
 	< 41, 3, 2, 0, 0, 162, 3, 40 >,
 	< 42, 3, 9, 0, 45, 104, 9, 41 >,
 	< 43, 3, 10, 71, 49, 126, 6, 42 >,
 	< 44, 3, 2, 65, 52, 159, 8, 43 >,
 	< 45, 3, 3, 0, 90, 127, 7, 44 >,
 	< 46, 3, 2, 37, 45, 172, 5, 45 >,
 	< 47, 3, 2, 50, 0, 198, 1, 46 >,
 	// order 4
 	< 48, 4, 7, 0, 0, 144, 0, -1 >,
 	< 49, 4, 6, 56, 0, 123, 2, 48 >,
 	< 50, 4, 7, 67, 0, 115, 4, 49 >,
 	< 51, 4, 2, 0, 51, 187, 3, 50 >,
 	< 52, 4, 1, 0, 70, 116, 9, 51 >,
 	< 53, 4, 10, 0, 0, 173, 6, 52 >,
 	< 54, 4, 10, 0, 0, 199, 8, 53 >,
 	< 55, 4, 1, 0, 0, 110, 7, 54 >,
 	< 56, 4, 3, 35, 76, 181, 5, 55 >,
 	< 57, 4, 7, 42, 0, 102, 1, 56 >,
 	< 58, 4, 8, 0, 0, 146, 0, 57 >,
 	< 59, 4, 4, 0, 0, 154, 2, 58 >,
 	// order 5
 	< 60, 5, 10, 37, 58, 163, 4, -1 >,
 	< 61, 5, 7, 0, 70, 195, 3, 60 >,
 	< 62, 5, 6, 35, 0, 114, 9, 61 >,
 	< 63, 5, 9, 0, 0, 144, 6, 62 >,
 	< 64, 5, 7, 0, 100, 164, 8, 63 >,
 	< 65, 5, 1, 0, 76, 197, 7, 64 >,
 	< 66, 5, 7, 91, 41, 126, 5, 65 >,
 	< 67, 5, 2, 0, 94, 101, 1, 66 >,
 	< 68, 5, 6, 36, 0, 177, 0, 67 >,
 	< 69, 5, 2, 100, 0, 162, 2, 68 >,
 	< 70, 5, 2, 0, 94, 178, 4, 69 >,
 	< 71, 5, 10, 0, 52, 135, 3, 70 >,
 	// order 6
 	< 72, 6, 10, 89, 56, 165, 9, -1 >,
 	< 73, 6, 3, 86, 63, 154, 6, 72 >,
 	< 74, 6, 5, 0, 0, 131, 8, 73 >,
 	< 75, 6, 9, 91, 69, 169, 7, 74 >,
 	< 76, 6, 5, 0, 64, 115, 5, 75 >,
 	< 77, 6, 8, 0, 0, 105, 1, 76 >,
 	< 78, 6, 5, 0, 32, 199, 0, 77 >,
 	< 79, 6, 10, 0, 38, 185, 2, 78 >,
 	< 80, 6, 9, 0, 0, 115, 4, 79 >,
 	< 81, 6, 6, 50, 63, 111, 3, 80 >,
 	< 82, 6, 4, 0, 0, 179, 9, 81 >,
 	< 83, 6, 3, 0, 51, 189, 6, 82 >,
 	// order 7
 	< 84, 7, 5, 67, 0, 194, 8, -1 >,
 	< 85, 7, 10, 0, 57, 107, 7, 84 >,
 	< 86, 7, 4, 94, 38, 175, 5, 85 >,
 	< 87, 7, 5, 0, 0, 199, 1, 86 >,
 	< 88, 7, 9, 93, 45, 170, 0, 87 >,
 	< 89, 7, 5, 0, 82, 190, 2, 88 >,
 	< 90, 7, 5, 98, 51, 128, 4, 89 >,
 	< 91, 7, 8, 0, 0, 142, 3, 90 >,
 	< 92, 7, 8, 84, 0, 151, 9, 91 >,
 	< 93, 7, 5, 0, 0, 103, 6, 92 >,
 	< 94, 7, 9, 52, 0, 104, 8, 93 >,
 	< 95, 7, 7, 73, 0, 123, 7, 94 >,
 	// order 8
 	< 96, 8, 6, 0, 0, 165, 5, -1 >,
 	< 97, 8, 2, 79, 39, 182, 1, 96 >,
 	< 98, 8, 5, 36, 0, 156, 0, 97 >,
 	< 99, 8, 1, 39, 80, 126, 2, 98 >,
 	< 100, 8, 3, 81, 39, 116, 4, 99 >,
 	< 101, 8, 6, 99, 77, 150, 3, 100 >,
 	< 102, 8, 1, 49, 47, 158, 9, 101 >,
 	< 103, 8, 3, 65, 0, 140, 6, 102 >,
 	< 104, 8, 6, 0, 49, 176, 8, 103 >,
 	< 105, 8, 10, 66, 67, 198, 7, 104 >,
 	< 106, 8, 4, 0, 0, 171, 5, 105 >,
 	< 107, 8, 1, 38, 0, 115, 1, 106 >,
 	// order 9
 	< 108, 9, 2, 47, 0, 141, 0, -1 >,
 	< 109, 9, 3, 0, 68, 149, 2, 108 >,
 	< 110, 9, 10, 36, 0, 116, 4, 109 >,
 	< 111, 9, 9, 0, 88, 195, 3, 110 >,
 	< 112, 9, 4, 0, 99, 103, 9, 111 >,
 	< 113, 9, 4, 50, 68, 158, 6, 112 >,
 	< 114, 9, 7, 0, 46, 178, 8, 113 >,
 	< 115, 9, 9, 91, 0, 158, 7, 114 >,
 	< 116, 9, 10, 55, 45, 122, 5, 115 >,
 	< 117, 9, 10, 0, 70, 182, 1, 116 >,
 	< 118, 9, 3, 0, 30, 197, 0, 117 >,
 	< 119, 9, 3, 0, 0, 135, 2, 118 >,
 	// order 10
 	< 120, 10, 2, 0, 0, 191, 4, -1 >,
 	< 121, 10, 3, 0, 0, 117, 3, 120 >,
 	< 122, 10, 4, 0, 31, 135, 9, 121 >,
 	< 123, 10, 4, 0, 0, 147, 6, 122 >,
 	< 124, 10, 4, 36, 0, 106, 8, 123 >,
 	< 125, 10, 8, 84, 0, 142, 7, 124 >,
 	< 126, 10, 2, 0, 67, 155, 5, 125 >,
 	< 127, 10, 8, 0, 0, 178, 1, 126 >,
 	< 128, 10, 10, 0, 0, 196, 0, 127 >,
 	< 129, 10, 2, 89, 79, 179, 2, 128 >,
 	< 130, 10, 10, 64, 64, 193, 4, 129 >,
 	< 131, 10, 3, 53, 0, 145, 3, 130 >,
 	// order 11
 	< 132, 11, 1, 0, 90, 198, 9, -1 >,
 	< 133, 11, 10, 70, 0, 125, 6, 132 >,
 	< 134, 11, 3, 70, 0, 102, 8, 133 >,
 	< 135, 11, 10, 100, 0, 123, 7, 134 >,
 	< 136, 11, 1, 0, 61, 171, 5, 135 >,
 	< 137, 11, 7, 0, 0, 160, 1, 136 >,
 	< 138, 11, 4, 85, 0, 133, 0, 137 >,
 	< 139, 11, 10, 0, 37, 113, 2, 138 >,
 	< 140, 11, 9, 0, 0, 136, 4, 139 >,
 	< 141, 11, 6, 87, 74, 146, 3, 140 >,
 	< 142, 11, 10, 0, 0, 107, 9, 141 >,
 	< 143, 11, 9, 0, 40, 137, 6, 142 >,
 	// order 12
 	< 144, 12, 2, 0, 47, 197, 8, -1 >,
 	< 145, 12, 1, 0, 0, 150, 7, 144 >,
 	< 146, 12, 3, 0, 53, 175, 5, 145 >,
 	< 147, 12, 9, 0, 90, 191, 1, 146 >,
 	< 148, 12, 5, 94, 84, 187, 0, 147 >,
 	< 149, 12, 7, 85, 71, 189, 2, 148 >,
 	< 150, 12, 2, 0, 0, 198, 4, 149 >,
 	< 151, 12, 9, 0, 0, 119, 3, 150 >,
 	< 152, 12, 4, 0, 0, 130, 9, 151 >,
 	< 153, 12, 7, 0, 76, 163, 6, 152 >,
 	< 154, 12, 2, 90, 92, 171, 8, 153 >,
 	< 155, 12, 7, 0, 86, 138, 7, 154 >,
 	// order 13
 	< 156, 13, 4, 0, 83, 192, 5, -1 >,
 	< 157, 13, 4, 0, 38, 177, 1, 156 >,
 	< 158, 13, 1, 0, 76, 156, 0, 157 >,
 	< 159, 13, 4, 0, 35, 144, 2, 158 >,
 	< 160, 13, 2, 51, 35, 173, 4, 159 >,
 	< 161, 13, 3, 0, 0, 158, 3, 160 >,
 	< 162, 13, 8, 0, 0, 165, 9, 161 >,
 	< 163, 13, 9, 0, 0, 151, 6, 162 >,
 	< 164, 13, 4, 0, 0, 120, 8, 163 >,
 	< 165, 13, 6, 37, 0, 193, 7, 164 >,
 	< 166, 13, 10, 0, 0, 117, 5, 165 >,
 	< 167, 13, 7, 54, 0, 143, 1, 166 >,
 	// order 14
 	< 168, 14, 8, 0, 43, 106, 0, -1 >,
 	< 169, 14, 9, 0, 32, 183, 2, 168 >,
 	< 170, 14, 8, 0, 51, 102, 4, 169 >,
 	< 171, 14, 10, 0, 49, 190, 3, 170 >,
 	< 172, 14, 4, 0, 76, 181, 9, 171 >,
 	< 173, 14, 4, 40, 0, 109, 6, 172 >,
 	< 174, 14, 8, 0, 0, 139, 8, 173 >,
 	< 175, 14, 5, 0, 44, 124, 7, 174 >,
 	< 176, 14, 3, 0, 0, 183, 5, 175 >,
 	< 177, 14, 3, 75, 0, 102, 1, 176 >,
 	< 178, 14, 3, 0, 0, 175, 0, 177 >,
 	< 179, 14, 1, 0, 0, 132, 2, 178 >,
 	// order 15
 	< 180, 15, 6, 0, 0, 171, 4, -1 >,
 	< 181, 15, 10, 39, 37, 162, 3, 180 >,
 	< 182, 15, 10, 0, 81, 112, 9, 181 >,
 	< 183, 15, 1, 99, 58, 162, 6, 182 >,
 	< 184, 15, 3, 41, 0, 193, 8, 183 >,
 	< 185, 15, 9, 0, 98, 103, 7, 184 >,
 	< 186, 15, 1, 0, 0, 175, 5, 185 >,
 	< 187, 15, 9, 67, 0, 117, 1, 186 >,
 	< 188, 15, 9, 41, 0, 173, 0, 187 >,
 	< 189, 15, 7, 0, 35, 142, 2, 188 >,
 	< 190, 15, 3, 0, 74, 171, 4, 189 >,
 	< 191, 15, 4, 0, 0, 145, 3, 190 >,
 	// order 16
 	< 192, 16, 1, 0, 48, 114, 9, -1 >,
 	< 193, 16, 6, 36, 99, 131, 6, 192 >,
 	< 194, 16, 2, 75, 67, 173, 8, 193 >,
 	< 195, 16, 1, 60, 80, 127, 7, 194 >,
 	< 196, 16, 2, 0, 96, 141, 5, 195 >,
 	< 197, 16, 8, 0, 0, 175, 1, 196 >,
 	< 198, 16, 6, 0, 0, 107, 0, 197 >,
 	< 199, 16, 10, 31, 0, 184, 2, 198 >,
 	< 200, 16, 6, 71, 45, 121, 4, 199 >,
 	< 201, 16, 5, 37, 46, 118, 3, 200 >,
 	< 202, 16, 8, 51, 87, 101, 9, 201 >,
 	< 203, 16, 4, 64, 0, 119, 6, 202 >,
 	// order 17
 	< 204, 17, 6, 72, 52, 152, 8, -1 >,
 	< 205, 17, 6, 0, 0, 141, 7, 204 >,
 	< 206, 17, 7, 0, 0, 169, 5, 205 >,
 	< 207, 17, 4, 0, 64, 142, 1, 206 >,
 	< 208, 17, 7, 0, 0, 157, 0, 207 >,
 	< 209, 17, 9, 0, 0, 125, 2, 208 >,
 	< 210, 17, 2, 74, 54, 120, 4, 209 >,
 	< 211, 17, 4, 0, 0, 162, 3, 210 >,
 	< 212, 17, 3, 0, 0, 151, 9, 211 >,
 	< 213, 17, 9, 0, 42, 179, 6, 212 >,
 	< 214, 17, 2, 0, 0, 198, 8, 213 >,
 	< 215, 17, 9, 0, 0, 174, 7, 214 >,
 	// order 18
 	< 216, 18, 8, 0, 85, 168, 5, -1 >,
 	< 217, 18, 3, 0, 0, 150, 1, 216 >,
 	< 218, 18, 5, 48, 84, 165, 0, 217 >,
 	< 219, 18, 2, 0, 0, 135, 2, 218 >,
 	< 220, 18, 10, 0, 30, 181, 4, 219 >,
 	< 221, 18, 7, 0, 38, 165, 3, 220 >,
 	< 222, 18, 7, 76, 0, 147, 9, 221 >,
 	< 223, 18, 7, 46, 74, 186, 6, 222 >,
 	< 224, 18, 3, 0, 0, 177, 8, 223 >,
 	< 225, 18, 2, 96, 0, 149, 7, 224 >,
 	< 226, 18, 4, 74, 38, 162, 5, 225 >,
 	< 227, 18, 1, 0, 0, 114, 1, 226 >,
 	// order 19
 	< 228, 19, 3, 0, 0, 184, 0, -1 >,
 	< 229, 19, 9, 96, 57, 109, 2, 228 >,
 	< 230, 19, 10, 70, 65, 175, 4, 229 >,
 	< 231, 19, 1, 0, 0, 163, 3, 230 >,
 	< 232, 19, 8, 65, 50, 106, 9, 231 >,
 	< 233, 19, 2, 41, 71, 134, 6, 232 >,
 	< 234, 19, 1, 58, 0, 104, 8, 233 >,
 	< 235, 19, 2, 37, 0, 196, 7, 234 >,
 	< 236, 19, 6, 0, 62, 200, 5, 235 >,
 	< 237, 19, 1, 0, 0, 152, 1, 236 >,
 	< 238, 19, 9, 0, 60, 170, 0, 237 >,
 	< 239, 19, 10, 68, 66, 111, 2, 238 >,
 	// order 20
 	< 240, 20, 9, 66, 90, 187, 4, -1 >,
 	< 241, 20, 3, 0, 93, 173, 3, 240 >,
 	< 242, 20, 2, 0, 99, 121, 9, 241 >,
 	< 243, 20, 2, 35, 0, 151, 6, 242 >,
 	< 244, 20, 9, 0, 46, 148, 8, 243 >,
 	< 245, 20, 3, 68, 76, 172, 7, 244 >,
 	< 246, 20, 6, 0, 0, 101, 5, 245 >,
 	< 247, 20, 8, 72, 0, 180, 1, 246 >,
 	< 248, 20, 3, 74, 0, 198, 0, 247 >,
 	< 249, 20, 2, 81, 59, 170, 2, 248 >,
 	< 250, 20, 8, 0, 100, 120, 4, 249 >,
 	< 251, 20, 8, 0, 0, 159, 3, 250 >,
 	// order 21
 	< 252, 21, 6, 42, 0, 101, 9, -1 >,
 	< 253, 21, 6, 0, 98, 144, 6, 252 >,
 	< 254, 21, 3, 0, 52, 123, 8, 253 >,
 	< 255, 21, 2, 73, 0, 131, 7, 254 >,
 	< 256, 21, 7, 90, 0, 197, 5, 255 >,
 	< 257, 21, 1, 0, 40, 181, 1, 256 >,
 	< 258, 21, 10, 0, 0, 154, 0, 257 >,
 	< 259, 21, 3, 64, 0, 110, 2, 258 >,
 	< 260, 21, 5, 33, 47, 119, 4, 259 >,
 	< 261, 21, 5, 35, 0, 185, 3, 260 >,
 	< 262, 21, 6, 0, 0, 105, 9, 261 >,
 	< 263, 21, 10, 75, 0, 127, 6, 262 >,
 	// order 22
 	< 264, 22, 1, 0, 62, 115, 8, -1 >,
 	< 265, 22, 5, 31, 0, 103, 7, 264 >,
 	< 266, 22, 5, 51, 89, 141, 5, 265 >,
 	< 267, 22, 6, 0, 95, 152, 1, 266 >,
 	< 268, 22, 3, 0, 0, 130, 0, 267 >,
 	< 269, 22, 3, 55, 0, 157, 2, 268 >,
 	< 270, 22, 8, 0, 0, 112, 4, 269 >,
 	< 271, 22, 1, 0, 0, 159, 3, 270 >,
 	< 272, 22, 6, 62, 0, 138, 9, 271 >,
 	< 273, 22, 1, 42, 0, 166, 6, 272 >,
 	< 274, 22, 3, 58, 0, 102, 8, 273 >,
 	< 275, 22, 2, 86, 0, 159, 7, 274 >,
 	// order 23
 	< 276, 23, 2, 75, 0, 186, 5, -1 >,
 	< 277, 23, 9, 0, 0, 125, 1, 276 >,
 	< 278, 23, 2, 0, 47, 198, 0, 277 >,
 	< 279, 23, 7, 62, 0, 184, 2, 278 >,
 	< 280, 23, 1, 0, 0, 109, 4, 279 >,
 	< 281, 23, 2, 0, 41, 145, 3, 280 >,
 	< 282, 23, 2, 0, 0, 130, 9, 281 >,
 	< 283, 23, 9, 60, 40, 109, 6, 282 >,
 	< 284, 23, 6, 83, 95, 103, 8, 283 >,
 	< 285, 23, 3, 57, 0, 167, 7, 284 >,
 	< 286, 23, 3, 77, 41, 135, 5, 285 >,
 	< 287, 23, 1, 64, 0, 133, 1, 286 >,
 	// order 24
 	< 288, 24, 7, 45, 87, 110, 0, -1 >,
 	< 289, 24, 10, 68, 77, 137, 2, 288 >,
 	< 290, 24, 6, 0, 0, 164, 4, 289 >,
 	< 291, 24, 3, 0, 68, 113, 3, 290 >,
 	< 292, 24, 8, 93, 79, 135, 9, 291 >,
 	< 293, 24, 7, 0, 0, 197, 6, 292 >,
 	< 294, 24, 7, 47, 95, 137, 8, 293 >,
 	< 295, 24, 10, 0, 0, 160, 7, 294 >,
 	< 296, 24, 8, 85, 51, 114, 5, 295 >,
 	< 297, 24, 7, 80, 80, 157, 1, 296 >,
 	< 298, 24, 8, 0, 33, 132, 0, 297 >,
 	< 299, 24, 4, 0, 49, 145, 2, 298 >,
 	// order 25
 	< 300, 25, 2, 100, 49, 139, 4, -1 >,
 	< 301, 25, 4, 0, 0, 183, 3, 300 >,
 	< 302, 25, 8, 59, 100, 136, 9, 301 >,
 	< 303, 25, 3, 78, 65, 157, 6, 302 >,
 	< 304, 25, 3, 0, 0, 104, 8, 303 >,
 	< 305, 25, 10, 33, 38, 139, 7, 304 >,
 	< 306, 25, 4, 0, 90, 154, 5, 305 >,
 	< 307, 25, 8, 49, 0, 145, 1, 306 >,
 	< 308, 25, 6, 87, 86, 108, 0, 307 >,
 	< 309, 25, 1, 37, 34, 145, 2, 308 >,
 	< 310, 25, 10, 77, 67, 124, 4, 309 >,
 	< 311, 25, 5, 45, 80, 136, 3, 310 >,
 	// order 26
 	< 312, 26, 7, 0, 0, 114, 9, -1 >,
 	< 313, 26, 9, 78, 0, 136, 6, 312 >,
 	< 314, 26, 1, 56, 0, 122, 8, 313 >,
 	< 315, 26, 3, 88, 0, 144, 7, 314 >,
 	< 316, 26, 6, 0, 52, 116, 5, 315 >,
 	< 317, 26, 2, 44, 90, 193, 1, 316 >,
 	< 318, 26, 3, 42, 0, 119, 0, 317 >,
 	< 319, 26, 7, 94, 0, 156, 2, 318 >,
 	< 320, 26, 9, 35, 71, 130, 4, 319 >,
 	< 321, 26, 7, 0, 68, 171, 3, 320 >,
 	< 322, 26, 2, 0, 0, 103, 9, 321 >,
 	< 323, 26, 8, 96, 41, 134, 6, 322 >,
 	// order 27
 	< 324, 27, 1, 60, 39, 119, 8, -1 >,
 	< 325, 27, 9, 0, 94, 191, 7, 324 >,
 	< 326, 27, 10, 80, 86, 143, 5, 325 >,
 	< 327, 27, 6, 32, 75, 131, 1, 326 >,
 	< 328, 27, 3, 0, 33, 142, 0, 327 >,
 	< 329, 27, 5, 32, 99, 121, 2, 328 >,
 	< 330, 27, 9, 0, 35, 144, 4, 329 >,
 	< 331, 27, 2, 49, 0, 164, 3, 330 >,
 	< 332, 27, 8, 0, 0, 141, 9, 331 >,
 	< 333, 27, 4, 58, 0, 107, 6, 332 >,
 	< 334, 27, 2, 0, 0, 123, 8, 333 >,
 	< 335, 27, 3, 69, 0, 142, 7, 334 >,
 	// order 28
 	< 336, 28, 6, 91, 98, 166, 5, -1 >,
 	< 337, 28, 10, 40, 0, 113, 1, 336 >,
 	< 338, 28, 8, 0, 48, 168, 0, 337 >,
 	< 339, 28, 5, 43, 34, 150, 2, 338 >,
 	< 340, 28, 5, 92, 84, 138, 4, 339 >,
 	< 341, 28, 9, 0, 0, 189, 3, 340 >,
 	< 342, 28, 10, 0, 72, 177, 9, 341 >,
 	< 343, 28, 9, 0, 65, 178, 6, 342 >,
 	< 344, 28, 9, 0, 0, 128, 8, 343 >,
 	< 345, 28, 9, 40, 85, 181, 7, 344 >,
 	< 346, 28, 4, 54, 0, 137, 5, 345 >,
 	< 347, 28, 2, 0, 0, 190, 1, 346 >,
 	// order 29
 	< 348, 29, 6, 80, 0, 125, 0, -1 >,
 	< 349, 29, 9, 95, 95, 158, 2, 348 >,
 	< 350, 29, 7, 0, 0, 129, 4, 349 >,
 	< 351, 29, 7, 0, 0, 160, 3, 350 >,
 	< 352, 29, 10, 46, 0, 165, 9, 351 >,
 	< 353, 29, 6, 59, 0, 160, 6, 352 >,
 	< 354, 29, 3, 84, 0, 184, 8, 353 >,
 	< 355, 29, 10, 0, 0, 104, 7, 354 >,
 	< 356, 29, 10, 0, 94, 149, 5, 355 >,
 	< 357, 29, 7, 0, 0, 193, 1, 356 >,
 	< 358, 29, 4, 0, 0, 200, 0, 357 >,
 	< 359, 29, 8, 0, 0, 197, 2, 358 >,
 	// order 30
 	< 360, 30, 4, 0, 0, 145, 4, -1 >,
 	< 361, 30, 8, 0, 52, 144, 3, 360 >,
 	< 362, 30, 4, 69, 41, 123, 9, 361 >,
 	< 363, 30, 6, 0, 0, 115, 6, 362 >,
 	< 364, 30, 1, 0, 78, 145, 8, 363 >,
 	< 365, 30, 5, 32, 44, 123, 7, 364 >,
 	< 366, 30, 9, 0, 0, 187, 5, 365 >,
 	< 367, 30, 7, 33, 47, 102, 1, 366 >,
 	< 368, 30, 1, 33, 0, 139, 0, 367 >,
 	< 369, 30, 6, 0, 0, 182, 2, 368 >,
 	< 370, 30, 9, 49, 0, 105, 4, 369 >,
 	< 371, 30, 10, 80, 31, 114, 3, 370 >,
 	// order 31
 	< 372, 31, 4, 38, 0, 153, 9, -1 >,
 	< 373, 31, 6, 82, 69, 153, 6, 372 >,
 	< 374, 31, 8, 0, 0, 103, 8, 373 >,
 	< 375, 31, 5, 57, 0, 187, 7, 374 >,
 	< 376, 31, 3, 39, 0, 158, 5, 375 >,
 	< 377, 31, 6, 98, 37, 196, 1, 376 >,
 	< 378, 31, 5, 37, 34, 147, 0, 377 >,
 	< 379, 31, 9, 92, 0, 158, 2, 378 >,
 	< 380, 31, 8, 0, 0, 192, 4, 379 >,
 	< 381, 31, 1, 0, 0, 152, 3, 380 >,
 	< 382, 31, 9, 0, 40, 187, 9, 381 >,
 	< 383, 31, 6, 83, 99, 154, 6, 382 >,
 	// order 32
 	< 384, 32, 6, 58, 35, 116, 8, -1 >,
 	< 385, 32, 2, 0, 98, 187, 7, 384 >,
 	< 386, 32, 7, 0, 79, 107, 5, 385 >,
 	< 387, 32, 9, 0, 65, 179, 1, 386 >,
 	< 388, 32, 10, 0, 0, 163, 0, 387 >,
 	< 389, 32, 10, 0, 0, 104, 2, 388 >,
 	< 390, 32, 3, 44, 54, 145, 4, 389 >,
 	< 391, 32, 8, 0, 45, 175, 3, 390 >,
 	< 392, 32, 10, 32, 100, 170, 9, 391 >,
 	< 393, 32, 4, 0, 0, 151, 6, 392 >,
 	< 394, 32, 10, 99, 0, 176, 8, 393 >,
 	< 395, 32, 7, 0, 0, 199, 7, 394 >,
 	// order 33
 	< 396, 33, 2, 93, 0, 176, 5, -1 >,
 	< 397, 33, 3, 90, 57, 194, 1, 396 >,
 	< 398, 33, 8, 0, 94, 159, 0, 397 >,
 	< 399, 33, 1, 89, 0, 194, 2, 398 >,
 	< 400, 33, 6, 0, 0, 153, 4, 399 >,
 	< 401, 33, 3, 0, 0, 129, 3, 400 >,
 	< 402, 33, 6, 53, 0, 167, 9, 401 >,
 	< 403, 33, 1, 31, 0, 127, 6, 402 >,
 	< 404, 33, 4, 0, 67, 193, 8, 403 >,
 	< 405, 33, 3, 82, 34, 190, 7, 404 >,
 	< 406, 33, 7, 71, 33, 165, 5, 405 >,
 	< 407, 33, 7, 94, 43, 144, 1, 406 >,
 	// order 34
 	< 408, 34, 6, 0, 73, 156, 0, -1 >,
 	< 409, 34, 6, 94, 89, 165, 2, 408 >,
 	< 410, 34, 6, 36, 42, 182, 4, 409 >,
 	< 411, 34, 8, 46, 0, 140, 3, 410 >,
 	< 412, 34, 10, 0, 49, 162, 9, 411 >,
 	< 413, 34, 4, 0, 0, 133, 6, 412 >,
 	< 414, 34, 8, 0, 49, 128, 8, 413 >,
 	< 415, 34, 4, 45, 0, 200, 7, 414 >,
 	< 416, 34, 2, 0, 33, 105, 5, 415 >,
 	< 417, 34, 10, 76, 0, 102, 1, 416 >,
 	< 418, 34, 2, 97, 0, 116, 0, 417 >,
 	< 419, 34, 4, 0, 49, 193, 2, 418 >,
 	// order 35
 	< 420, 35, 5, 57, 92, 141, 4, -1 >,
 	< 421, 35, 1, 81, 43, 155, 3, 420 >,
 	< 422, 35, 4, 0, 34, 110, 9, 421 >,
 	< 423, 35, 1, 51, 83, 189, 6, 422 >,
 	< 424, 35, 2, 0, 41, 160, 8, 423 >,
 	< 425, 35, 2, 98, 96, 127, 7, 424 >,
 	< 426, 35, 6, 96, 0, 116, 5, 425 >,
 	< 427, 35, 7, 39, 77, 183, 1, 426 >,
 	< 428, 35, 7, 80, 0, 109, 0, 427 >,
 	< 429, 35, 3, 0, 0, 198, 2, 428 >,
 	< 430, 35, 3, 77, 0, 133, 4, 429 >,
 	< 431, 35, 2, 0, 0, 172, 3, 430 >,
 	// order 36
 	< 432, 36, 8, 60, 33, 166, 9, -1 >,
 	< 433, 36, 4, 0, 96, 104, 6, 432 >,
 	< 434, 36, 4, 88, 0, 132, 8, 433 >,
 	< 435, 36, 6, 0, 0, 131, 7, 434 >,
 	< 436, 36, 1, 75, 98, 100, 5, 435 >,
 	< 437, 36, 10, 79, 32, 140, 1, 436 >,
 	< 438, 36, 6, 0, 0, 183, 0, 437 >,
 	< 439, 36, 4, 0, 33, 190, 2, 438 >,
 	< 440, 36, 10, 0, 0, 113, 4, 439 >,
 	< 441, 36, 7, 90, 0, 192, 3, 440 >,
 	< 442, 36, 8, 0, 37, 170, 9, 441 >,
 	< 443, 36, 1, 0, 76, 103, 6, 442 >,
 	// order 37
 	< 444, 37, 8, 0, 0, 182, 8, -1 >,
 	< 445, 37, 9, 89, 0, 166, 7, 444 >,
 	< 446, 37, 4, 70, 0, 140, 5, 445 >,
 	< 447, 37, 5, 0, 0, 125, 1, 446 >,
 	< 448, 37, 5, 0, 0, 105, 0, 447 >,
 	< 449, 37, 6, 45, 73, 141, 2, 448 >,
 	< 450, 37, 8, 0, 69, 135, 4, 449 >,
 	< 451, 37, 7, 0, 0, 153, 3, 450 >,
 	< 452, 37, 7, 0, 0, 180, 9, 451 >,
 	< 453, 37, 6, 0, 0, 199, 6, 452 >,
 	< 454, 37, 3, 58, 76, 179, 8, 453 >,
 	< 455, 37, 10, 0, 0, 174, 7, 454 >,
 	// order 38
 	< 456, 38, 7, 76, 93, 103, 5, -1 >,
 	< 457, 38, 5, 0, 84, 136, 1, 456 >,
 	< 458, 38, 3, 36, 67, 165, 0, 457 >,
 	< 459, 38, 8, 68, 91, 146, 2, 458 >,
 	< 460, 38, 8, 0, 0, 121, 4, 459 >,
 	< 461, 38, 8, 0, 0, 169, 3, 460 >,
 	< 462, 38, 2, 0, 72, 150, 9, 461 >,
 	< 463, 38, 9, 0, 62, 137, 6, 462 >,
 	< 464, 38, 2, 49, 100, 178, 8, 463 >,
 	< 465, 38, 4, 38, 0, 118, 7, 464 >,
 	< 466, 38, 5, 32, 64, 185, 5, 465 >,
 	< 467, 38, 6, 88, 54, 125, 1, 466 >,
 	// order 39
 	< 468, 39, 1, 0, 0, 197, 0, -1 >,
 	< 469, 39, 5, 0, 74, 116, 2, 468 >,
 	< 470, 39, 6, 0, 47, 119, 4, 469 >,
 	< 471, 39, 2, 0, 94, 100, 3, 470 >,
 	< 472, 39, 10, 0, 84, 127, 9, 471 >,
 	< 473, 39, 9, 31, 0, 143, 6, 472 >,
 	< 474, 39, 1, 77, 56, 119, 8, 473 >,
 	< 475, 39, 5, 88, 46, 147, 7, 474 >,
 	< 476, 39, 6, 0, 72, 152, 5, 475 >,
 	< 477, 39, 6, 0, 70, 190, 1, 476 >,
 	< 478, 39, 10, 58, 0, 157, 0, 477 >,
 	< 479, 39, 5, 39, 62, 163, 2, 478 >,
 	// order 40
 	< 480, 40, 2, 0, 66, 168, 4, -1 >,
 	< 481, 40, 9, 82, 0, 180, 3, 480 >,
 	< 482, 40, 1, 63, 64, 186, 9, 481 >,
 	< 483, 40, 7, 0, 0, 173, 6, 482 >,
 	< 484, 40, 4, 44, 98, 144, 8, 483 >,
 	< 485, 40, 3, 31, 78, 110, 7, 484 >,
 	< 486, 40, 8, 52, 33, 108, 5, 485 >,
 	< 487, 40, 9, 50, 55, 110, 1, 486 >,
 	< 488, 40, 9, 95, 0, 109, 0, 487 >,
 	< 489, 40, 6, 0, 67, 173, 2, 488 >,
 	< 490, 40, 3, 0, 39, 154, 4, 489 >,
 	< 491, 40, 3, 56, 50, 111, 3, 490 >,
 	// order 41
 	< 492, 41, 10, 0, 55, 152, 9, -1 >,
 	< 493, 41, 8, 63, 0, 144, 6, 492 >,
 	< 494, 41, 5, 0, 0, 191, 8, 493 >,
 	< 495, 41, 1, 93, 62, 169, 7, 494 >,
 	< 496, 41, 9, 33, 99, 109, 5, 495 >,
 	< 497, 41, 10, 72, 0, 192, 1, 496 >,
 	< 498, 41, 3, 0, 88, 192, 0, 497 >,
 	< 499, 41, 3, 0, 84, 164, 2, 498 >,
 	< 500, 41, 4, 0, 0, 185, 4, 499 >,
 	< 501, 41, 9, 45, 0, 172, 3, 500 >,
 	< 502, 41, 7, 48, 48, 141, 9, 501 >,
 	< 503, 41, 10, 0, 0, 142, 6, 502 >,
 	// order 42
 	< 504, 42, 9, 0, 54, 152, 8, -1 >,
 	< 505, 42, 3, 0, 0, 107, 7, 504 >,
 	< 506, 42, 2, 0, 97, 169, 5, 505 >,
 	< 507, 42, 1, 0, 83, 172, 1, 506 >,
 	< 508, 42, 2, 0, 34, 188, 0, 507 >,
 	< 509, 42, 5, 0, 64, 173, 2, 508 >,
 	< 510, 42, 5, 45, 40, 190, 4, 509 >,
 	< 511, 42, 7, 0, 84, 163, 3, 510 >,
 	< 512, 42, 5, 40, 0, 148, 9, 511 >,
 	< 513, 42, 9, 71, 84, 189, 6, 512 >,
 	< 514, 42, 2, 0, 0, 109, 8, 513 >,
 	< 515, 42, 2, 100, 62, 127, 7, 514 >,
 	// order 43
 	< 516, 43, 10, 0, 41, 101, 5, -1 >,
 	< 517, 43, 2, 86, 0, 200, 1, 516 >,
 	< 518, 43, 9, 36, 78, 156, 0, 517 >,
 	< 519, 43, 8, 0, 42, 136, 2, 518 >,
 	< 520, 43, 10, 67, 92, 144, 4, 519 >,
 	< 521, 43, 1, 75, 85, 130, 3, 520 >,
 	< 522, 43, 4, 0, 0, 148, 9, 521 >,
 	< 523, 43, 2, 0, 36, 179, 6, 522 >,
 	< 524, 43, 2, 33, 0, 125, 8, 523 >,
 	< 525, 43, 5, 0, 48, 159, 7, 524 >,
 	< 526, 43, 4, 0, 30, 142, 5, 525 >,
 	< 527, 43, 2, 0, 0, 173, 1, 526 >,
 	// order 44
 	< 528, 44, 8, 0, 64, 105, 0, -1 >,
 	< 529, 44, 7, 48, 0, 107, 2, 528 >,
 	< 530, 44, 6, 93, 0, 158, 4, 529 >,
 	< 531, 44, 9, 0, 0, 156, 3, 530 >,
 	< 532, 44, 7, 76, 0, 137, 9, 531 >,
 	< 533, 44, 10, 0, 0, 144, 6, 532 >,
 	< 534, 44, 5, 55, 54, 196, 8, 533 >,
 	< 535, 44, 4, 52, 0, 199, 7, 534 >,
 	< 536, 44, 6, 47, 67, 175, 5, 535 >,
 	< 537, 44, 7, 0, 0, 134, 1, 536 >,
 	< 538, 44, 2, 0, 89, 150, 0, 537 >,
 	< 539, 44, 8, 0, 60, 156, 2, 538 >,
 	// order 45
 	< 540, 45, 7, 50, 71, 172, 4, -1 >,
 	< 541, 45, 8, 97, 90, 151, 3, 540 >,
 	< 542, 45, 9, 0, 0, 110, 9, 541 >,
 	< 543, 45, 8, 72, 47, 102, 6, 542 >,
 	< 544, 45, 9, 0, 0, 159, 8, 543 >,
 	< 545, 45, 8, 89, 0, 125, 7, 544 >,
 	< 546, 45, 8, 82, 0, 186, 5, 545 >,
 	< 547, 45, 3, 0, 0, 181, 1, 546 >,
 	< 548, 45, 1, 0, 0, 149, 0, 547 >,
 	< 549, 45, 5, 55, 0, 181, 2, 548 >,
 	< 550, 45, 4, 0, 0, 134, 4, 549 >,
 	< 551, 45, 8, 0, 91, 119, 3, 550 >,
 	// order 46
 	< 552, 46, 6, 30, 83, 178, 9, -1 >,
 	< 553, 46, 5, 0, 40, 111, 6, 552 >,
 	< 554, 46, 2, 47, 0, 180, 8, 553 >,
 	< 555, 46, 6, 0, 52, 162, 7, 554 >,
 	< 556, 46, 7, 0, 39, 144, 5, 555 >,
 	< 557, 46, 1, 61, 0, 142, 1, 556 >,
 	< 558, 46, 9, 32, 60, 180, 0, 557 >,
 	< 559, 46, 3, 0, 31, 141, 2, 558 >,
 	< 560, 46, 1, 0, 0, 163, 4, 559 >,
 	< 561, 46, 6, 43, 44, 114, 3, 560 >,
 	< 562, 46, 1, 70, 83, 144, 9, 561 >,
 	< 563, 46, 7, 0, 76, 163, 6, 562 >,
 	// order 47
 	< 564, 47, 6, 51, 0, 184, 8, -1 >,
 	< 565, 47, 4, 30, 0, 184, 7, 564 >,
 	< 566, 47, 9, 0, 0, 155, 5, 565 >,
 	< 567, 47, 1, 66, 47, 164, 1, 566 >,
 	< 568, 47, 10, 49, 61, 147, 0, 567 >,
 	< 569, 47, 1, 55, 31, 101, 2, 568 >,
 	< 570, 47, 4, 66, 0, 173, 4, 569 >,
 	< 571, 47, 5, 66, 0, 154, 3, 570 >,
 	< 572, 47, 9, 0, 0, 125, 9, 571 >,
 	< 573, 47, 4, 0, 93, 111, 6, 572 >,
 	< 574, 47, 4, 0, 0, 173, 8, 573 >,
 	< 575, 47, 7, 0, 83, 137, 7, 574 >,
 	// order 48
 	< 576, 48, 4, 0, 78, 181, 5, -1 >,
 	< 577, 48, 9, 61, 0, 152, 1, 576 >,
 	< 578, 48, 9, 0, 0, 174, 0, 577 >,
 	< 579, 48, 3, 0, 99, 156, 2, 578 >,
 	< 580, 48, 2, 0, 95, 146, 4, 579 >,
 	< 581, 48, 6, 70, 0, 105, 3, 580 >,
 	< 582, 48, 9, 0, 0, 169, 9, 581 >,
 	< 583, 48, 4, 0, 0, 190, 6, 582 >,
 	< 584, 48, 3, 0, 0, 131, 8, 583 >,
 	< 585, 48, 10, 0, 0, 108, 7, 584 >,
 	< 586, 48, 1, 0, 82, 136, 5, 585 >,
 	< 587, 48, 7, 0, 69, 124, 1, 586 >,
 	// order 49
 	< 588, 49, 7, 0, 0, 116, 0, -1 >,
 	< 589, 49, 2, 0, 57, 118, 2, 588 >,
 	< 590, 49, 5, 56, 67, 106, 4, 589 >,
 	< 591, 49, 5, 64, 0, 188, 3, 590 >,
 	< 592, 49, 3, 0, 56, 147, 9, 591 >,
 	< 593, 49, 5, 73, 43, 157, 6, 592 >,
 	< 594, 49, 3, 0, 0, 156, 8, 593 >,
 	< 595, 49, 10, 33, 0, 112, 7, 594 >,
 	< 596, 49, 8, 40, 62, 168, 5, 595 >,
 	< 597, 49, 3, 0, 93, 189, 1, 596 >,
 	< 598, 49, 10, 77, 0, 133, 0, 597 >,
 	< 599, 49, 6, 79, 56, 198, 2, 598 >,
 	// order 50
 	< 600, 50, 7, 93, 0, 123, 4, -1 >,
 	< 601, 50, 9, 36, 82, 116, 3, 600 >,
 	< 602, 50, 1, 0, 41, 193, 9, 601 >,
 	< 603, 50, 10, 49, 96, 181, 6, 602 >,
 	< 604, 50, 3, 58, 0, 102, 8, 603 >,
 	< 605, 50, 3, 0, 55, 164, 7, 604 >,
 	< 606, 50, 8, 89, 0, 186, 5, 605 >,
 	< 607, 50, 1, 0, 0, 121, 1, 606 >,
 	< 608, 50, 6, 0, 0, 184, 0, 607 >,
 	< 609, 50, 8, 55, 0, 162, 2, 608 >,
 	< 610, 50, 10, 58, 33, 190, 4, 609 >,
 	< 611, 50, 7, 0, 0, 178, 3, 610 >,
 	// order 51
 	< 612, 51, 9, 78, 57, 152, 9, -1 >,
 	< 613, 51, 4, 0, 30, 107, 6, 612 >,
 	< 614, 51, 9, 0, 64, 135, 8, 613 >,
 	< 615, 51, 7, 0, 77, 194, 7, 614 >,
 	< 616, 51, 7, 0, 99, 146, 5, 615 >,
 	< 617, 51, 3, 0, 96, 146, 1, 616 >,
 	< 618, 51, 6, 0, 65, 148, 0, 617 >,
 	< 619, 51, 10, 0, 51, 143, 2, 618 >,
 	< 620, 51, 2, 41, 32, 154, 4, 619 >,
 	< 621, 51, 5, 0, 45, 155, 3, 620 >,
 	< 622, 51, 6, 0, 42, 166, 9, 621 >,
 	< 623, 51, 9, 95, 0, 124, 6, 622 >,
 	// order 52
 	< 624, 52, 7, 68, 91, 169, 8, -1 >,
 	< 625, 52, 5, 0, 0, 143, 7, 624 >,
 	< 626, 52, 4, 0, 0, 181, 5, 625 >,
 	< 627, 52, 2, 47, 95, 176, 1, 626 >,
 	< 628, 52, 9, 0, 94, 197, 0, 627 >,
 	< 629, 52, 7, 53, 31, 135, 2, 628 >,
 	< 630, 52, 9, 0, 0, 144, 4, 629 >,
 	< 631, 52, 6, 31, 0, 185, 3, 630 >,
 	< 632, 52, 1, 0, 0, 179, 9, 631 >,
 	< 633, 52, 2, 0, 0, 102, 6, 632 >,
 	< 634, 52, 1, 75, 30, 154, 8, 633 >,
 	< 635, 52, 4, 43, 70, 120, 7, 634 >,
 	// order 53
 	< 636, 53, 9, 0, 0, 143, 5, -1 >,
 	< 637, 53, 1, 59, 0, 137, 1, 636 >,
 	< 638, 53, 6, 0, 0, 178, 0, 637 >,
 	< 639, 53, 1, 79, 96, 175, 2, 638 >,
 	< 640, 53, 9, 87, 0, 107, 4, 639 >,
 	< 641, 53, 4, 0, 64, 182, 3, 640 >,
 	< 642, 53, 8, 0, 61, 197, 9, 641 >,
 	< 643, 53, 10, 100, 80, 161, 6, 642 >,
 	< 644, 53, 8, 0, 62, 144, 8, 643 >,
 	< 645, 53, 5, 0, 88, 168, 7, 644 >,
 	< 646, 53, 10, 0, 82, 167, 5, 645 >,
 	< 647, 53, 1, 38, 0, 168, 1, 646 >,
 	// order 54
 	< 648, 54, 8, 45, 40, 133, 0, -1 >,
 	< 649, 54, 8, 37, 80, 196, 2, 648 >,
 	< 650, 54, 3, 0, 0, 144, 4, 649 >,
 	< 651, 54, 2, 75, 46, 191, 3, 650 >,
 	< 652, 54, 7, 0, 42, 108, 9, 651 >,
 	< 653, 54, 8, 0, 39, 188, 6, 652 >,
 	< 654, 54, 8, 0, 85, 187, 8, 653 >,
 	< 655, 54, 1, 0, 0, 163, 7, 654 >,
 	< 656, 54, 4, 32, 97, 100, 5, 655 >,
 	< 657, 54, 8, 46, 96, 148, 1, 656 >,
 	< 658, 54, 1, 0, 49, 107, 0, 657 >,
 	< 659, 54, 8, 47, 0, 151, 2, 658 >,
 	// order 55
 	< 660, 55, 2, 89, 0, 120, 4, -1 >,
 	< 661, 55, 3, 0, 36, 156, 3, 660 >,
 	< 662, 55, 6, 0, 35, 163, 9, 661 >,
 	< 663, 55, 2, 42, 0, 107, 6, 662 >,
 	< 664, 55, 1, 0, 0, 139, 8, 663 >,
 	< 665, 55, 7, 35, 86, 133, 7, 664 >,
 	< 666, 55, 4, 69, 76, 138, 5, 665 >,
 	< 667, 55, 2, 86, 51, 165, 1, 666 >,
 	< 668, 55, 8, 0, 81, 157, 0, 667 >,
 	< 669, 55, 8, 93, 87, 192, 2, 668 >,
 	< 670, 55, 1, 0, 0, 146, 4, 669 >,
 	< 671, 55, 5, 0, 41, 184, 3, 670 >,
 	// order 56
 	< 672, 56, 8, 46, 86, 102, 9, -1 >,
 	< 673, 56, 5, 0, 0, 115, 6, 672 >,
 	< 674, 56, 4, 85, 0, 124, 8, 673 >,
 	< 675, 56, 9, 0, 32, 135, 7, 674 >,
 	< 676, 56, 9, 66, 96, 155, 5, 675 >,
 	< 677, 56, 5, 95, 48, 118, 1, 676 >,
 	< 678, 56, 4, 0, 31, 115, 0, 677 >,
 	< 679, 56, 3, 68, 0, 139, 2, 678 >,
 	< 680, 56, 9, 60, 0, 122, 4, 679 >,
 	< 681, 56, 1, 76, 68, 158, 3, 680 >,
 	< 682, 56, 9, 92, 0, 171, 9, 681 >,
 	< 683, 56, 8, 0, 94, 133, 6, 682 >,
 	// order 57
 	< 684, 57, 4, 43, 0, 131, 8, -1 >,
 	< 685, 57, 6, 0, 43, 101, 7, 684 >,
 	< 686, 57, 5, 0, 0, 105, 5, 685 >,
 	< 687, 57, 9, 0, 52, 139, 1, 686 >,
 	< 688, 57, 7, 0, 81, 160, 0, 687 >,
 	< 689, 57, 6, 0, 85, 145, 2, 688 >,
 	< 690, 57, 6, 96, 0, 105, 4, 689 >,
 	< 691, 57, 5, 47, 94, 147, 3, 690 >,
 	< 692, 57, 7, 0, 66, 110, 9, 691 >,
 	< 693, 57, 8, 88, 0, 163, 6, 692 >,
 	< 694, 57, 9, 45, 0, 107, 8, 693 >,
 	< 695, 57, 7, 0, 96, 183, 7, 694 >,
 	// order 58
 	< 696, 58, 6, 0, 0, 165, 5, -1 >,
 	< 697, 58, 4, 76, 0, 157, 1, 696 >,
 	< 698, 58, 1, 45, 0, 192, 0, 697 >,
 	< 699, 58, 10, 0, 44, 150, 2, 698 >,
 	< 700, 58, 8, 42, 0, 182, 4, 699 >,
 	< 701, 58, 7, 81, 0, 199, 3, 700 >,
 	< 702, 58, 9, 77, 36, 192, 9, 701 >,
 	< 703, 58, 3, 41, 0, 156, 6, 702 >,
 	< 704, 58, 2, 0, 0, 128, 8, 703 >,
 	< 705, 58, 8, 66, 0, 132, 7, 704 >,
 	< 706, 58, 9, 97, 0, 115, 5, 705 >,
 	< 707, 58, 9, 0, 0, 138, 1, 706 >,
 	// order 59
 	< 708, 59, 1, 88, 59, 174, 0, -1 >,
 	< 709, 59, 5, 0, 52, 100, 2, 708 >,
 	< 710, 59, 7, 0, 30, 195, 4, 709 >,
 	< 711, 59, 7, 95, 0, 102, 3, 710 >,
 	< 712, 59, 10, 0, 0, 181, 9, 711 >,
 	< 713, 59, 2, 0, 71, 154, 6, 712 >,
 	< 714, 59, 3, 45, 0, 115, 8, 713 >,
 	< 715, 59, 7, 71, 65, 179, 7, 714 >,
 	< 716, 59, 7, 0, 0, 129, 5, 715 >,
 	< 717, 59, 7, 0, 0, 195, 1, 716 >,
 	< 718, 59, 2, 0, 62, 193, 0, 717 >,
 	< 719, 59, 4, 0, 0, 138, 2, 718 >,
 	// order 60
 	< 720, 60, 8, 0, 90, 159, 4, -1 >,
 	< 721, 60, 10, 0, 0, 148, 3, 720 >,
 	< 722, 60, 1, 56, 0, 108, 9, 721 >,
 	< 723, 60, 2, 0, 0, 140, 6, 722 >,
 	< 724, 60, 9, 0, 0, 118, 8, 723 >,
 	< 725, 60, 8, 0, 61, 104, 7, 724 >,
 	< 726, 60, 3, 0, 0, 108, 5, 725 >,
 	< 727, 60, 2, 0, 0, 187, 1, 726 >,
 	< 728, 60, 5, 96, 0, 116, 0, 727 >,
 	< 729, 60, 1, 39, 0, 143, 2, 728 >,
 	< 730, 60, 6, 58, 32, 160, 4, 729 >,
 	< 731, 60, 10, 0, 0, 124, 3, 730 >,
 	// order 61
 	< 732, 61, 6, 0, 40, 115, 9, -1 >,
 	< 733, 61, 10, 57, 0, 194, 6, 732 >,
 	< 734, 61, 5, 0, 45, 176, 8, 733 >,
 	< 735, 61, 6, 0, 0, 166, 7, 734 >,
 	< 736, 61, 10, 0, 0, 144, 5, 735 >,
 	< 737, 61, 7, 0, 0, 164, 1, 736 >,
 	< 738, 61, 5, 0, 39, 191, 0, 737 >,
 	< 739, 61, 2, 0, 0, 198, 2, 738 >,
 	< 740, 61, 3, 93, 0, 124, 4, 739 >,
 	< 741, 61, 5, 60, 70, 109, 3, 740 >,
 	< 742, 61, 2, 0, 0, 121, 9, 741 >,
 	< 743, 61, 6, 46, 65, 101, 6, 742 >,
 	// order 62
 	< 744, 62, 10, 0, 51, 142, 8, -1 >,
 	< 745, 62, 4, 86, 90, 173, 7, 744 >,
 	< 746, 62, 9, 55, 63, 143, 5, 745 >,
 	< 747, 62, 8, 37, 0, 168, 1, 746 >,
 	< 748, 62, 6, 0, 0, 138, 0, 747 >,
 	< 749, 62, 6, 0, 55, 193, 2, 748 >,
 	< 750, 62, 2, 97, 0, 179, 4, 749 >,
 	< 751, 62, 3, 88, 0, 143, 3, 750 >,
 	< 752, 62, 7, 0, 55, 130, 9, 751 >,
 	< 753, 62, 3, 0, 38, 112, 6, 752 >,
 	< 754, 62, 5, 0, 0, 101, 8, 753 >,
 	< 755, 62, 4, 0, 0, 186, 7, 754 >,
 	// order 63
 	< 756, 63, 1, 32, 0, 121, 5, -1 >,
 	< 757, 63, 10, 33, 38, 180, 1, 756 >,
 	< 758, 63, 3, 95, 77, 138, 0, 757 >,
 	< 759, 63, 3, 33, 0, 111, 2, 758 >,
 	< 760, 63, 5, 59, 0, 144, 4, 759 >,
 	< 761, 63, 2, 0, 96, 133, 3, 760 >,
 	< 762, 63, 10, 0, 51, 139, 9, 761 >,
 	< 763, 63, 4, 0, 88, 124, 6, 762 >,
 	< 764, 63, 5, 89, 73, 157, 8, 763 >,
 	< 765, 63, 3, 74, 0, 161, 7, 764 >,
 	< 766, 63, 3, 95, 0, 120, 5, 765 >,
 	< 767, 63, 9, 64, 0, 162, 1, 766 >,
 	// order 64
 	< 768, 64, 9, 0, 0, 124, 0, -1 >,
 	< 769, 64, 5, 0, 49, 101, 2, 768 >,
 	< 770, 64, 1, 0, 0, 190, 4, 769 >,
 	< 771, 64, 7, 0, 0, 152, 3, 770 >,
 	< 772, 64, 7, 97, 52, 191, 9, 771 >,
 	< 773, 64, 8, 54, 31, 119, 6, 772 >,
 	< 774, 64, 6, 0, 0, 145, 8, 773 >,
 	< 775, 64, 7, 87, 0, 165, 7, 774 >,
 	< 776, 64, 2, 0, 61, 161, 5, 775 >,
 	< 777, 64, 10, 100, 47, 179, 1, 776 >,
 	< 778, 64, 2, 0, 0, 162, 0, 777 >,
 	< 779, 64, 5, 69, 0, 173, 2, 778 >,
 	// order 65
 	< 780, 65, 5, 0, 0, 148, 4, -1 >,
 	< 781, 65, 1, 93, 84, 127, 3, 780 >,
 	< 782, 65, 1, 74, 63, 143, 9, 781 >,
 	< 783, 65, 3, 0, 99, 119, 6, 782 >,
 	< 784, 65, 9, 74, 0, 200, 8, 783 >,
 	< 785, 65, 2, 77, 0, 174, 7, 784 >,
 	< 786, 65, 1, 75, 0, 105, 5, 785 >,
 	< 787, 65, 2, 0, 0, 110, 1, 786 >,
 	< 788, 65, 1, 45, 40, 110, 0, 787 >,
 	< 789, 65, 6, 0, 43, 120, 2, 788 >,
 	< 790, 65, 7, 50, 76, 156, 4, 789 >,
 	< 791, 65, 7, 0, 0, 132, 3, 790 >,
 	// order 66
 	< 792, 66, 1, 0, 68, 109, 9, -1 >,
 	< 793, 66, 2, 78, 0, 123, 6, 792 >,
 	< 794, 66, 10, 72, 60, 158, 8, 793 >,
 	< 795, 66, 10, 0, 0, 143, 7, 794 >,
 	< 796, 66, 8, 64, 37, 115, 5, 795 >,
 	< 797, 66, 3, 0, 65, 158, 1, 796 >,
 	< 798, 66, 10, 0, 100, 166, 0, 797 >,
 	< 799, 66, 5, 0, 0, 196, 2, 798 >,
 	< 800, 66, 6, 62, 45, 173, 4, 799 >,
 	< 801, 66, 3, 0, 0, 107, 3, 800 >,
 	< 802, 66, 6, 0, 0, 166, 9, 801 >,
 	< 803, 66, 6, 0, 95, 143, 6, 802 >,
 	// order 67
 	< 804, 67, 10, 93, 0, 193, 8, -1 >,
 	< 805, 67, 7, 0, 87, 196, 7, 804 >,
 	< 806, 67, 8, 0, 60, 117, 5, 805 >,
 	< 807, 67, 9, 66, 72, 138, 1, 806 >,
 	< 808, 67, 9, 100, 0, 194, 0, 807 >,
 	< 809, 67, 5, 74, 0, 194, 2, 808 >,
 	< 810, 67, 1, 70, 0, 106, 4, 809 >,
 	< 811, 67, 7, 68, 0, 121, 3, 810 >,
 	< 812, 67, 1, 0, 0, 134, 9, 811 >,
 	< 813, 67, 10, 80, 86, 163, 6, 812 >,
 	< 814, 67, 6, 0, 0, 105, 8, 813 >,
 	< 815, 67, 1, 93, 100, 119, 7, 814 >,
 	// order 68
 	< 816, 68, 2, 0, 31, 172, 5, -1 >,
 	< 817, 68, 6, 0, 0, 110, 1, 816 >,
 	< 818, 68, 2, 0, 46, 139, 0, 817 >,
 	< 819, 68, 3, 0, 76, 150, 2, 818 >,
 	< 820, 68, 4, 94, 70, 139, 4, 819 >,
 	< 821, 68, 10, 0, 35, 109, 3, 820 >,
 	< 822, 68, 8, 69, 0, 106, 9, 821 >,
 	< 823, 68, 1, 55, 58, 115, 6, 822 >,
 	< 824, 68, 4, 73, 0, 156, 8, 823 >,
 	< 825, 68, 9, 84, 60, 124, 7, 824 >,
 	< 826, 68, 2, 62, 0, 118, 5, 825 >,
 	< 827, 68, 1, 82, 0, 190, 1, 826 >,
 	// order 69
 	< 828, 69, 3, 0, 0, 134, 0, -1 >,
 	< 829, 69, 5, 0, 0, 119, 2, 828 >,
 	< 830, 69, 7, 0, 0, 109, 4, 829 >,
 	< 831, 69, 3, 0, 0, 121, 3, 830 >,
 	< 832, 69, 3, 39, 0, 176, 9, 831 >,
 	< 833, 69, 5, 68, 96, 165, 6, 832 >,
 	< 834, 69, 9, 84, 92, 106, 8, 833 >,
 	< 835, 69, 3, 0, 44, 198, 7, 834 >,
 	< 836, 69, 2, 72, 96, 124, 5, 835 >,
 	< 837, 69, 3, 0, 0, 110, 1, 836 >,
 	< 838, 69, 2, 87, 73, 104, 0, 837 >,
 	< 839, 69, 2, 54, 68, 150, 2, 838 >,
 	// order 70
 	< 840, 70, 5, 49, 61, 114, 4, -1 >,
 	< 841, 70, 1, 43, 0, 100, 3, 840 >,
 	< 842, 70, 3, 59, 42, 156, 9, 841 >,
 	< 843, 70, 5, 0, 67, 155, 6, 842 >,
 	< 844, 70, 7, 98, 48, 101, 8, 843 >,
 	< 845, 70, 2, 0, 0, 134, 7, 844 >,
 	< 846, 70, 5, 47, 0, 130, 5, 845 >,
 	< 847, 70, 1, 35, 0, 144, 1, 846 >,
 	< 848, 70, 10, 98, 35, 120, 0, 847 >,
 	< 849, 70, 4, 42, 69, 180, 2, 848 >,
 	< 850, 70, 10, 93, 0, 192, 4, 849 >,
 	< 851, 70, 5, 31, 84, 172, 3, 850 >,
 	// order 71
 	< 852, 71, 7, 36, 0, 163, 9, -1 >,
 	< 853, 71, 9, 75, 0, 170, 6, 852 >,
 	< 854, 71, 1, 75, 61, 188, 8, 853 >,
 	< 855, 71, 1, 40, 0, 159, 7, 854 >,
 	< 856, 71, 8, 75, 0, 117, 5, 855 >,
 	< 857, 71, 10, 0, 0, 120, 1, 856 >,
 	< 858, 71, 1, 39, 0, 130, 0, 857 >,
 	< 859, 71, 7, 32, 36, 167, 2, 858 >,
 	< 860, 71, 3, 0, 0, 189, 4, 859 >,
 	< 861, 71, 3, 0, 0, 148, 3, 860 >,
 	< 862, 71, 7, 54, 67, 113, 9, 861 >,
 	< 863, 71, 9, 0, 0, 185, 6, 862 >,
 	// order 72
 	< 864, 72, 5, 56, 0, 102, 8, -1 >,
 	< 865, 72, 7, 0, 57, 168, 7, 864 >,
 	< 866, 72, 8, 31, 33, 157, 5, 865 >,
 	< 867, 72, 4, 0, 84, 103, 1, 866 >,
 	< 868, 72, 10, 76, 57, 168, 0, 867 >,
 	< 869, 72, 9, 38, 0, 147, 2, 868 >,
 	< 870, 72, 6, 0, 0, 119, 4, 869 >,
 	< 871, 72, 4, 50, 0, 139, 3, 870 >,
 	< 872, 72, 8, 77, 81, 180, 9, 871 >,
 	< 873, 72, 4, 97, 57, 168, 6, 872 >,
 	< 874, 72, 7, 68, 0, 171, 8, 873 >,
 	< 875, 72, 7, 30, 93, 127, 7, 874 >,
 	// order 73
 	< 876, 73, 3, 0, 0, 183, 5, -1 >,
 	< 877, 73, 8, 48, 0, 118, 1, 876 >,
 	< 878, 73, 2, 0, 0, 106, 0, 877 >,
 	< 879, 73, 10, 96, 50, 126, 2, 878 >,
 	< 880, 73, 7, 0, 0, 180, 4, 879 >,
 	< 881, 73, 9, 0, 94, 160, 3, 880 >,
 	< 882, 73, 3, 58, 93, 158, 9, 881 >,
 	< 883, 73, 5, 0, 0, 197, 6, 882 >,
 	< 884, 73, 7, 79, 0, 120, 8, 883 >,
 	< 885, 73, 6, 0, 64, 134, 7, 884 >,
 	< 886, 73, 8, 34, 53, 123, 5, 885 >,
 	< 887, 73, 10, 0, 0, 151, 1, 886 >,
 	// order 74
 	< 888, 74, 5, 97, 38, 154, 0, -1 >,
 	< 889, 74, 8, 56, 0, 151, 2, 888 >,
 	< 890, 74, 5, 73, 63, 197, 4, 889 >,
 	< 891, 74, 9, 46, 88, 123, 3, 890 >,
 	< 892, 74, 6, 66, 78, 146, 9, 891 >,
 	< 893, 74, 7, 47, 91, 152, 6, 892 >,
 	< 894, 74, 7, 31, 0, 167, 8, 893 >,
 	< 895, 74, 9, 42, 0, 184, 7, 894 >,
 	< 896, 74, 3, 0, 0, 111, 5, 895 >,
 	< 897, 74, 9, 0, 0, 135, 1, 896 >,
 	< 898, 74, 3, 74, 56, 184, 0, 897 >,
 	< 899, 74, 7, 32, 0, 171, 2, 898 >,
 	// order 75
 	< 900, 75, 9, 0, 80, 109, 4, -1 >,
 	< 901, 75, 10, 97, 41, 140, 3, 900 >,
 	< 902, 75, 9, 46, 69, 136, 9, 901 >,
 	< 903, 75, 2, 72, 0, 147, 6, 902 >,
 	< 904, 75, 9, 93, 96, 146, 8, 903 >,
 	< 905, 75, 2, 81, 73, 147, 7, 904 >,
 	< 906, 75, 2, 81, 0, 135, 5, 905 >,
 	< 907, 75, 3, 0, 0, 161, 1, 906 >,
 	< 908, 75, 2, 40, 67, 165, 0, 907 >,
 	< 909, 75, 3, 0, 63, 152, 2, 908 >,
 	< 910, 75, 4, 0, 0, 186, 4, 909 >,
 	< 911, 75, 9, 0, 42, 176, 3, 910 >,
 	// order 76
 	< 912, 76, 9, 0, 44, 117, 9, -1 >,
 	< 913, 76, 2, 0, 94, 180, 6, 912 >,
 	< 914, 76, 4, 0, 0, 186, 8, 913 >,
 	< 915, 76, 8, 83, 59, 181, 7, 914 >,
 	< 916, 76, 9, 0, 54, 108, 5, 915 >,
 	< 917, 76, 2, 43, 75, 114, 1, 916 >,
 	< 918, 76, 3, 0, 87, 174, 0, 917 >,
 	< 919, 76, 3, 86, 0, 149, 2, 918 >,
 	< 920, 76, 5, 0, 0, 111, 4, 919 >,
 	< 921, 76, 2, 0, 77, 101, 3, 920 >,
 	< 922, 76, 1, 0, 56, 187, 9, 921 >,
 	< 923, 76, 4, 48, 0, 101, 6, 922 >,
 	// order 77
 	< 924, 77, 4, 99, 0, 165, 8, -1 >,
 	< 925, 77, 2, 0, 33, 197, 7, 924 >,
 	< 926, 77, 6, 38, 52, 145, 5, 925 >,
 	< 927, 77, 2, 45, 96, 116, 1, 926 >,
 	< 928, 77, 6, 70, 79, 168, 0, 927 >,
 	< 929, 77, 7, 0, 0, 100, 2, 928 >,
 	< 930, 77, 9, 32, 63, 106, 4, 929 >,
 	< 931, 77, 4, 0, 80, 151, 3, 930 >,
 	< 932, 77, 8, 0, 0, 116, 9, 931 >,
 	< 933, 77, 6, 0, 0, 119, 6, 932 >,
 	< 934, 77, 7, 0, 0, 107, 8, 933 >,
 	< 935, 77, 3, 0, 0, 171, 7, 934 >,
 	// order 78
 	< 936, 78, 8, 0, 88, 157, 5, -1 >,
 	< 937, 78, 8, 99, 0, 197, 1, 936 >,
 	< 938, 78, 8, 35, 45, 110, 0, 937 >,
 	< 939, 78, 3, 87, 0, 131, 2, 938 >,
 	< 940, 78, 8, 0, 49, 129, 4, 939 >,
 	< 941, 78, 7, 75, 87, 108, 3, 940 >,
 	< 942, 78, 4, 0, 71, 118, 9, 941 >,
 	< 943, 78, 9, 98, 49, 184, 6, 942 >,
 	< 944, 78, 6, 0, 0, 110, 8, 943 >,
 	< 945, 78, 1, 35, 70, 163, 7, 944 >,
 	< 946, 78, 8, 0, 0, 128, 5, 945 >,
 	< 947, 78, 1, 49, 0, 161, 1, 946 >,
 	// order 79
 	< 948, 79, 4, 41, 76, 173, 0, -1 >,
 	< 949, 79, 10, 95, 0, 172, 2, 948 >,
 	< 950, 79, 9, 32, 68, 136, 4, 949 >,
 	< 951, 79, 9, 0, 41, 156, 3, 950 >,
 	< 952, 79, 9, 0, 0, 159, 9, 951 >,
 	< 953, 79, 10, 0, 0, 115, 6, 952 >,
 	< 954, 79, 4, 88, 0, 194, 8, 953 >,
 	< 955, 79, 3, 0, 85, 138, 7, 954 >,
 	< 956, 79, 1, 0, 0, 150, 5, 955 >,
 	< 957, 79, 9, 43, 0, 122, 1, 956 >,
 	< 958, 79, 8, 79, 0, 160, 0, 957 >,
 	< 959, 79, 5, 83, 47, 106, 2, 958 >,
 	// order 80
 	< 960, 80, 8, 0, 0, 177, 4, -1 >,
 	< 961, 80, 1, 0, 0, 130, 3, 960 >,
 	< 962, 80, 1, 36, 34, 180, 9, 961 >,
 	< 963, 80, 5, 57, 0, 138, 6, 962 >,
 	< 964, 80, 7, 0, 49, 155, 8, 963 >,
 	< 965, 80, 5, 69, 0, 180, 7, 964 >,
 	< 966, 80, 2, 0, 52, 172, 5, 965 >,
 	< 967, 80, 7, 90, 0, 148, 1, 966 >,
 	< 968, 80, 8, 93, 0, 158, 0, 967 >,
 	< 969, 80, 7, 74, 0, 113, 2, 968 >,
 	< 970, 80, 5, 0, 0, 155, 4, 969 >,
 	< 971, 80, 6, 41, 0, 178, 3, 970 >,
 	// order 81
 	< 972, 81, 3, 0, 88, 151, 9, -1 >,
 	< 973, 81, 10, 0, 63, 134, 6, 972 >,
 	< 974, 81, 2, 39, 92, 159, 8, 973 >,
 	< 975, 81, 10, 54, 93, 161, 7, 974 >,
 	< 976, 81, 10, 0, 0, 132, 5, 975 >,
 	< 977, 81, 8, 0, 84, 106, 1, 976 >,
 	< 978, 81, 5, 0, 0, 111, 0, 977 >,
 	< 979, 81, 1, 0, 57, 131, 2, 978 >,
 	< 980, 81, 5, 0, 0, 129, 4, 979 >,
 	< 981, 81, 2, 0, 0, 139, 3, 980 >,
 	< 982, 81, 6, 73, 0, 182, 9, 981 >,
 	< 983, 81, 6, 78, 0, 125, 6, 982 >,
 	// order 82
 	< 984, 82, 8, 0, 0, 108, 8, -1 >,
 	< 985, 82, 7, 50, 65, 106, 7, 984 >,
 	< 986, 82, 9, 51, 0, 112, 5, 985 >,
 	< 987, 82, 1, 0, 44, 171, 1, 986 >,
 	< 988, 82, 2, 99, 0, 156, 0, 987 >,
 	< 989, 82, 1, 0, 75, 187, 2, 988 >,
 	< 990, 82, 2, 0, 32, 118, 4, 989 >,
 	< 991, 82, 2, 0, 0, 147, 3, 990 >,
 	< 992, 82, 7, 0, 0, 177, 9, 991 >,
 	< 993, 82, 3, 82, 71, 102, 6, 992 >,
 	< 994, 82, 8, 0, 0, 147, 8, 993 >,
 	< 995, 82, 7, 0, 44, 182, 7, 994 >,
 	// order 83
 	< 996, 83, 6, 68, 0, 108, 5, -1 >,
 	< 997, 83, 7, 61, 0, 127, 1, 996 >,
 	< 998, 83, 9, 93, 54, 151, 0, 997 >,
 	< 999, 83, 8, 33, 90, 183, 2, 998 >,
 	< 1000, 83, 4, 92, 73, 111, 4, 999 >,
 	< 1001, 83, 10, 0, 48, 199, 3, 1000 >,
 	< 1002, 83, 4, 91, 0, 163, 9, 1001 >,
 	< 1003, 83, 4, 0, 0, 107, 6, 1002 >,
 	< 1004, 83, 7, 0, 36, 190, 8, 1003 >,
 	< 1005, 83, 3, 98, 56, 188, 7, 1004 >,
 	< 1006, 83, 6, 80, 0, 197, 5, 1005 >,
 	< 1007, 83, 5, 0, 0, 177, 1, 1006 >,
 	// order 84
 	< 1008, 84, 5, 0, 0, 157, 0, -1 >,
 	< 1009, 84, 10, 40, 0, 135, 2, 1008 >,
 	< 1010, 84, 1, 0, 52, 178, 4, 1009 >,
 	< 1011, 84, 2, 88, 97, 132, 3, 1010 >,
 	< 1012, 84, 5, 30, 57, 148, 9, 1011 >,
 	< 1013, 84, 4, 0, 43, 113, 6, 1012 >,
 	< 1014, 84, 1, 0, 71, 155, 8, 1013 >,
 	< 1015, 84, 1, 0, 0, 132, 7, 1014 >,
 	< 1016, 84, 2, 0, 95, 196, 5, 1015 >,
 	< 1017, 84, 10, 0, 0, 152, 1, 1016 >,
 	< 1018, 84, 3, 0, 49, 169, 0, 1017 >,
 	< 1019, 84, 4, 0, 0, 183, 2, 1018 >,
 	// order 85
 	< 1020, 85, 2, 0, 0, 104, 4, -1 >,
 	< 1021, 85, 9, 0, 53, 178, 3, 1020 >,
 	< 1022, 85, 7, 0, 98, 163, 9, 1021 >,
 	< 1023, 85, 7, 42, 0, 137, 6, 1022 >,
 	< 1024, 85, 1, 59, 0, 117, 8, 1023 >,
 	< 1025, 85, 6, 0, 0, 143, 7, 1024 >,
 	< 1026, 85, 9, 0, 0, 109, 5, 1025 >,
 	< 1027, 85, 5, 0, 0, 167, 1, 1026 >,
 	< 1028, 85, 1, 0, 0, 145, 0, 1027 >,
 	< 1029, 85, 10, 43, 100, 190, 2, 1028 >,
 	< 1030, 85, 3, 34, 66, 120, 4, 1029 >,
 	< 1031, 85, 2, 47, 43, 105, 3, 1030 >,
 	// order 86
 	< 1032, 86, 5, 0, 0, 150, 9, -1 >,
 	< 1033, 86, 6, 0, 0, 110, 6, 1032 >,
 	< 1034, 86, 2, 74, 68, 106, 8, 1033 >,
 	< 1035, 86, 8, 37, 46, 178, 7, 1034 >,
 	< 1036, 86, 2, 35, 56, 117, 5, 1035 >,
 	< 1037, 86, 10, 0, 65, 195, 1, 1036 >,
 	< 1038, 86, 3, 0, 0, 163, 0, 1037 >,
 	< 1039, 86, 10, 0, 0, 109, 2, 1038 >,
 	< 1040, 86, 9, 0, 82, 151, 4, 1039 >,
 	< 1041, 86, 9, 0, 0, 145, 3, 1040 >,
 	< 1042, 86, 5, 0, 49, 153, 9, 1041 >,
 	< 1043, 86, 5, 86, 0, 161, 6, 1042 >,
 	// order 87
 	< 1044, 87, 2, 0, 0, 137, 8, -1 >,
 	< 1045, 87, 2, 89, 0, 152, 7, 1044 >,
 	< 1046, 87, 6, 0, 73, 161, 5, 1045 >,
 	< 1047, 87, 9, 0, 50, 193, 1, 1046 >,
 	< 1048, 87, 6, 51, 0, 146, 0, 1047 >,
 	< 1049, 87, 7, 73, 81, 104, 2, 1048 >,
 	< 1050, 87, 2, 66, 56, 174, 4, 1049 >,
 	< 1051, 87, 5, 84, 0, 167, 3, 1050 >,
 	< 1052, 87, 6, 71, 0, 155, 9, 1051 >,
 	< 1053, 87, 6, 0, 0, 114, 6, 1052 >,
 	< 1054, 87, 8, 91, 99, 182, 8, 1053 >,
 	< 1055, 87, 3, 82, 0, 104, 7, 1054 >,
 	// order 88
 	< 1056, 88, 2, 63, 0, 161, 5, -1 >,
 	< 1057, 88, 4, 46, 0, 196, 1, 1056 >,
 	< 1058, 88, 10, 89, 38, 175, 0, 1057 >,
 	< 1059, 88, 6, 0, 0, 121, 2, 1058 >,
 	< 1060, 88, 4, 0, 52, 158, 4, 1059 >,
 	< 1061, 88, 10, 82, 63, 147, 3, 1060 >,
 	< 1062, 88, 10, 0, 0, 149, 9, 1061 >,
 	< 1063, 88, 9, 0, 0, 141, 6, 1062 >,
 	< 1064, 88, 2, 33, 0, 118, 8, 1063 >,
 	< 1065, 88, 8, 0, 0, 192, 7, 1064 >,
 	< 1066, 88, 9, 0, 66, 165, 5, 1065 >,
 	< 1067, 88, 2, 94, 0, 114, 1, 1066 >,
 	// order 89
 	< 1068, 89, 8, 78, 0, 168, 0, -1 >,
 	< 1069, 89, 7, 0, 0, 108, 2, 1068 >,
 	< 1070, 89, 9, 0, 0, 166, 4, 1069 >,
 	< 1071, 89, 3, 0, 67, 128, 3, 1070 >,
 	< 1072, 89, 10, 0, 66, 193, 9, 1071 >,
 	< 1073, 89, 8, 64, 97, 132, 6, 1072 >,
 	< 1074, 89, 4, 0, 87, 195, 8, 1073 >,
 	< 1075, 89, 5, 65, 55, 161, 7, 1074 >,
 	< 1076, 89, 7, 99, 0, 150, 5, 1075 >,
 	< 1077, 89, 7, 0, 0, 147, 1, 1076 >,
 	< 1078, 89, 8, 60, 77, 156, 0, 1077 >,
 	< 1079, 89, 3, 94, 0, 119, 2, 1078 >,
 	// order 90
 	< 1080, 90, 10, 78, 63, 184, 4, -1 >,
 	< 1081, 90, 5, 88, 0, 140, 3, 1080 >,
 	< 1082, 90, 1, 57, 91, 154, 9, 1081 >,
 	< 1083, 90, 7, 0, 0, 107, 6, 1082 >,
 	< 1084, 90, 3, 0, 81, 189, 8, 1083 >,
 	< 1085, 90, 7, 0, 0, 120, 7, 1084 >,
 	< 1086, 90, 1, 45, 0, 166, 5, 1085 >,
 	< 1087, 90, 2, 0, 0, 175, 1, 1086 >,
 	< 1088, 90, 7, 0, 77, 118, 0, 1087 >,
 	< 1089, 90, 4, 66, 97, 169, 2, 1088 >,
 	< 1090, 90, 8, 0, 33, 112, 4, 1089 >,
 	< 1091, 90, 8, 0, 0, 102, 3, 1090 >,
 	// order 91
 	< 1092, 91, 6, 0, 0, 133, 9, -1 >,
 	< 1093, 91, 7, 0, 85, 175, 6, 1092 >,
 	< 1094, 91, 8, 89, 0, 195, 8, 1093 >,
 	< 1095, 91, 7, 0, 0, 155, 7, 1094 >,
 	< 1096, 91, 4, 0, 0, 137, 5, 1095 >,
 	< 1097, 91, 2, 0, 64, 200, 1, 1096 >,
 	< 1098, 91, 10, 0, 0, 193, 0, 1097 >,
 	< 1099, 91, 2, 43, 0, 151, 2, 1098 >,
 	< 1100, 91, 10, 0, 0, 193, 4, 1099 >,
 	< 1101, 91, 6, 84, 58, 186, 3, 1100 >,
 	< 1102, 91, 5, 0, 0, 200, 9, 1101 >,
 	< 1103, 91, 8, 0, 92, 189, 6, 1102 >,
 	// order 92
 	< 1104, 92, 3, 0, 0, 164, 8, -1 >,
 	< 1105, 92, 2, 0, 73, 170, 7, 1104 >,
 	< 1106, 92, 9, 0, 38, 179, 5, 1105 >,
 	< 1107, 92, 1, 0, 0, 150, 1, 1106 >,
 	< 1108, 92, 4, 54, 55, 179, 0, 1107 >,
 	< 1109, 92, 9, 0, 93, 117, 2, 1108 >,
 	< 1110, 92, 4, 56, 0, 131, 4, 1109 >,
 	< 1111, 92, 10, 0, 80, 192, 3, 1110 >,
 	< 1112, 92, 7, 43, 0, 199, 9, 1111 >,
 	< 1113, 92, 10, 50, 0, 195, 6, 1112 >,
 	< 1114, 92, 9, 78, 0, 117, 8, 1113 >,
 	< 1115, 92, 6, 76, 0, 181, 7, 1114 >,
 	// order 93
 	< 1116, 93, 1, 0, 61, 139, 5, -1 >,
 	< 1117, 93, 1, 0, 87, 184, 1, 1116 >,
 	< 1118, 93, 7, 0, 0, 158, 0, 1117 >,
 	< 1119, 93, 8, 0, 0, 155, 2, 1118 >,
 	< 1120, 93, 4, 92, 72, 196, 4, 1119 >,
 	< 1121, 93, 4, 34, 0, 188, 3, 1120 >,
 	< 1122, 93, 8, 0, 64, 191, 9, 1121 >,
 	< 1123, 93, 9, 0, 82, 168, 6, 1122 >,
 	< 1124, 93, 10, 36, 0, 147, 8, 1123 >,
 	< 1125, 93, 4, 0, 0, 110, 7, 1124 >,
 	< 1126, 93, 7, 0, 0, 106, 5, 1125 >,
 	< 1127, 93, 3, 0, 50, 176, 1, 1126 >,
 	// order 94
 	< 1128, 94, 1, 0, 30, 107, 0, -1 >,
 	< 1129, 94, 10, 0, 0, 176, 2, 1128 >,
 	< 1130, 94, 9, 0, 59, 138, 4, 1129 >,
 	< 1131, 94, 5, 62, 86, 129, 3, 1130 >,
 	< 1132, 94, 2, 90, 0, 196, 9, 1131 >,
 	< 1133, 94, 4, 57, 0, 158, 6, 1132 >,
 	< 1134, 94, 1, 69, 76, 164, 8, 1133 >,
 	< 1135, 94, 9, 86, 0, 145, 7, 1134 >,
 	< 1136, 94, 10, 74, 0, 137, 5, 1135 >,
 	< 1137, 94, 3, 98, 0, 181, 1, 1136 >,
 	< 1138, 94, 5, 0, 0, 163, 0, 1137 >,
 	< 1139, 94, 5, 0, 33, 170, 2, 1138 >,
 	// order 95
 	< 1140, 95, 3, 44, 0, 184, 4, -1 >,
 	< 1141, 95, 5, 0, 81, 177, 3, 1140 >,
 	< 1142, 95, 1, 42, 89, 115, 9, 1141 >,
 	< 1143, 95, 1, 0, 0, 159, 6, 1142 >,
 	< 1144, 95, 2, 0, 0, 109, 8, 1143 >,
 	< 1145, 95, 8, 89, 95, 124, 7, 1144 >,
 	< 1146, 95, 4, 0, 37, 189, 5, 1145 >,
 	< 1147, 95, 9, 58, 72, 118, 1, 1146 >,
 	< 1148, 95, 4, 0, 0, 118, 0, 1147 >,
 	< 1149, 95, 3, 0, 0, 117, 2, 1148 >,
 	< 1150, 95, 5, 0, 0, 149, 4, 1149 >,
 	< 1151, 95, 5, 44, 0, 111, 3, 1150 >,
 	// order 96
 	< 1152, 96, 5, 0, 75, 196, 9, -1 >,
 	< 1153, 96, 5, 0, 77, 107, 6, 1152 >,
 	< 1154, 96, 9, 0, 0, 162, 8, 1153 >,
 	< 1155, 96, 5, 58, 30, 123, 7, 1154 >,
 	< 1156, 96, 10, 45, 0, 138, 5, 1155 >,
 	< 1157, 96, 5, 55, 59, 157, 1, 1156 >,
 	< 1158, 96, 7, 76, 64, 101, 0, 1157 >,
 	< 1159, 96, 6, 0, 87, 141, 2, 1158 >,
 	< 1160, 96, 6, 0, 40, 108, 4, 1159 >,
 	< 1161, 96, 8, 97, 0, 170, 3, 1160 >,
 	< 1162, 96, 2, 44, 35, 121, 9, 1161 >,
 	< 1163, 96, 3, 73, 0, 103, 6, 1162 >,
 	// order 97
 	< 1164, 97, 3, 38, 0, 174, 8, -1 >,
 	< 1165, 97, 7, 67, 61, 147, 7, 1164 >,
 	< 1166, 97, 5, 0, 100, 172, 5, 1165 >,
 	< 1167, 97, 3, 0, 0, 178, 1, 1166 >,
 	< 1168, 97, 8, 0, 64, 160, 0, 1167 >,
 	< 1169, 97, 5, 0, 0, 180, 2, 1168 >,
 	< 1170, 97, 3, 95, 57, 133, 4, 1169 >,
 	< 1171, 97, 8, 80, 0, 114, 3, 1170 >,
 	< 1172, 97, 7, 0, 0, 126, 9, 1171 >,
 	< 1173, 97, 8, 80, 0, 108, 6, 1172 >,
 	< 1174, 97, 5, 0, 0, 152, 8, 1173 >,
 	< 1175, 97, 3, 0, 75, 163, 7, 1174 >,
 	// order 98
 	< 1176, 98, 9, 0, 68, 173, 5, -1 >,
 	< 1177, 98, 6, 68, 37, 158, 1, 1176 >,
 	< 1178, 98, 3, 0, 30, 196, 0, 1177 >,
 	< 1179, 98, 2, 0, 0, 161, 2, 1178 >,
 	< 1180, 98, 8, 0, 35, 132, 4, 1179 >,
 	< 1181, 98, 4, 0, 58, 156, 3, 1180 >,
 	< 1182, 98, 2, 0, 0, 191, 9, 1181 >,
 	< 1183, 98, 9, 0, 36, 170, 6, 1182 >,
 	< 1184, 98, 7, 42, 72, 142, 8, 1183 >,
 	< 1185, 98, 9, 0, 0, 112, 7, 1184 >,
 	< 1186, 98, 6, 0, 81, 102, 5, 1185 >,
 	< 1187, 98, 9, 70, 0, 122, 1, 1186 >,
 	// order 99
 	< 1188, 99, 5, 0, 40, 106, 0, -1 >,
 	< 1189, 99, 10, 0, 0, 128, 2, 1188 >,
 	< 1190, 99, 7, 55, 0, 168, 4, 1189 >,
 	< 1191, 99, 6, 72, 0, 112, 3, 1190 >,
 	< 1192, 99, 7, 100, 74, 183, 9, 1191 >,
 	< 1193, 99, 5, 0, 34, 105, 6, 1192 >,
 	< 1194, 99, 1, 0, 0, 188, 8, 1193 >,
 	< 1195, 99, 3, 0, 31, 190, 7, 1194 >,
 	< 1196, 99, 7, 0, 32, 185, 5, 1195 >,
 	< 1197, 99, 2, 0, 0, 120, 1, 1196 >,
 	< 1198, 99, 2, 0, 0, 173, 0, 1197 >,
 	< 1199, 99, 5, 80, 0, 151, 2, 1198 >
 };
