/*********************************************
 * OPL 12.10.0.0 Data
 * Author: Kinast
 * Creation date: Aug 17, 2021 at 11:49:20 AM
 *********************************************/

 nOrders = 100;
 nTasks = 1200;

 nWorkgroups = 10;
 nWorkstations = 30;

 nCobots = 0;
 cobotTimeFactor = 0.7;

 workstations = {
 	< 0, "Workstation 0", 0, 1.13, 0.97, 1, 1 >,
 	< 1, "Workstation 1", 0, 0.76, 1.15, 1, 1 >,
 	< 2, "Workstation 2", 0, 1.1, 0.85, 1, 5 >,
 	< 3, "Workstation 3", 1, 1.24, 1.16, 1, 5 >,
 	< 4, "Workstation 4", 2, 0.82, 1.15, 1, 1 >,
 	< 5, "Workstation 5", 3, 1, 0.83, 1, 5 >,
 	< 6, "Workstation 6", 1, 0.88, 0.84, 1, 1 >,
 	< 7, "Workstation 7", 4, 0.78, 0.97, 1, 1 >,
 	< 8, "Workstation 8", 1, 1.24, 1.13, 1, 1 >,
 	< 9, "Workstation 9", 3, 0.9, 0.8, 1, 5 >,
 	< 10, "Workstation 10", 5, 0.85, 1.15, 1, 5 >,
 	< 11, "Workstation 11", 3, 0.76, 1.05, 1, 3 >,
 	< 12, "Workstation 12", 6, 0.76, 0.75, 1, 1 >,
 	< 13, "Workstation 13", 7, 0.96, 0.78, 1, 3 >,
 	< 14, "Workstation 14", 4, 1.07, 1.07, 1, 1 >,
 	< 15, "Workstation 15", 4, 1.21, 0.92, 1, 1 >,
 	< 16, "Workstation 16", 5, 0.81, 1, 1, 3 >,
 	< 17, "Workstation 17", 5, 1, 1.23, 1, 1 >,
 	< 18, "Workstation 18", 8, 0.83, 0.86, 1, 1 >,
 	< 19, "Workstation 19", 9, 0.88, 1.01, 1, 5 >,
 	< 20, "Workstation 20", 9, 1.22, 0.76, 1, 1 >,
 	< 21, "Workstation 21", 8, 0.99, 1.03, 1, 4 >,
 	< 22, "Workstation 22", 2, 0.88, 0.84, 1, 1 >,
 	< 23, "Workstation 23", 6, 0.75, 1.24, 1, 1 >,
 	< 24, "Workstation 24", 2, 1.2, 0.92, 1, 4 >,
 	< 25, "Workstation 25", 6, 1.15, 0.94, 1, 4 >,
 	< 26, "Workstation 26", 7, 0.89, 0.8, 1, 3 >,
 	< 27, "Workstation 27", 9, 1.25, 0.81, 1, 1 >,
 	< 28, "Workstation 28", 7, 0.82, 0.89, 1, 5 >,
 	< 29, "Workstation 29", 8, 0.76, 0.81, 1, 5 >
 };

 tasks = {
 	// order 0
 	< 0, 0, 1, 0, 0, 172, 8, -1 >,
 	< 1, 0, 7, 0, 0, 195, 9, 0 >,
 	< 2, 0, 10, 70, 0, 126, 4, 1 >,
 	< 3, 0, 10, 0, 0, 170, 2, 2 >,
 	< 4, 0, 1, 59, 0, 181, 3, 3 >,
 	< 5, 0, 4, 0, 0, 186, 6, 4 >,
 	< 6, 0, 1, 0, 0, 194, 0, 5 >,
 	< 7, 0, 7, 48, 55, 177, 1, 6 >,
 	< 8, 0, 5, 46, 0, 156, 7, 7 >,
 	< 9, 0, 2, 0, 0, 108, 5, 8 >,
 	< 10, 0, 7, 82, 45, 180, 8, 9 >,
 	< 11, 0, 2, 69, 0, 122, 9, 10 >,
 	// order 1
 	< 12, 1, 9, 0, 0, 179, 4, -1 >,
 	< 13, 1, 2, 71, 0, 132, 2, 12 >,
 	< 14, 1, 9, 69, 74, 180, 3, 13 >,
 	< 15, 1, 2, 65, 96, 162, 6, 14 >,
 	< 16, 1, 9, 0, 49, 131, 0, 15 >,
 	< 17, 1, 6, 0, 0, 152, 1, 16 >,
 	< 18, 1, 1, 74, 0, 195, 7, 17 >,
 	< 19, 1, 5, 0, 0, 195, 5, 18 >,
 	< 20, 1, 6, 42, 0, 127, 8, 19 >,
 	< 21, 1, 9, 0, 0, 117, 9, 20 >,
 	< 22, 1, 5, 52, 0, 171, 4, 21 >,
 	< 23, 1, 2, 96, 83, 151, 2, 22 >,
 	// order 2
 	< 24, 2, 9, 0, 0, 187, 3, -1 >,
 	< 25, 2, 8, 36, 60, 169, 6, 24 >,
 	< 26, 2, 4, 55, 48, 139, 0, 25 >,
 	< 27, 2, 5, 37, 47, 111, 1, 26 >,
 	< 28, 2, 4, 62, 0, 175, 7, 27 >,
 	< 29, 2, 10, 0, 30, 176, 5, 28 >,
 	< 30, 2, 5, 38, 0, 109, 8, 29 >,
 	< 31, 2, 4, 0, 0, 174, 9, 30 >,
 	< 32, 2, 1, 64, 0, 172, 4, 31 >,
 	< 33, 2, 10, 62, 42, 119, 2, 32 >,
 	< 34, 2, 6, 48, 32, 174, 3, 33 >,
 	< 35, 2, 5, 34, 0, 146, 6, 34 >,
 	// order 3
 	< 36, 3, 10, 74, 60, 143, 0, -1 >,
 	< 37, 3, 1, 0, 0, 138, 1, 36 >,
 	< 38, 3, 7, 0, 0, 134, 7, 37 >,
 	< 39, 3, 9, 82, 0, 104, 5, 38 >,
 	< 40, 3, 6, 54, 45, 149, 8, 39 >,
 	< 41, 3, 7, 0, 0, 136, 9, 40 >,
 	< 42, 3, 10, 57, 74, 187, 4, 41 >,
 	< 43, 3, 9, 0, 0, 153, 2, 42 >,
 	< 44, 3, 3, 0, 0, 104, 3, 43 >,
 	< 45, 3, 9, 88, 0, 137, 6, 44 >,
 	< 46, 3, 2, 0, 54, 102, 0, 45 >,
 	< 47, 3, 6, 69, 59, 105, 1, 46 >,
 	// order 4
 	< 48, 4, 8, 0, 96, 122, 7, -1 >,
 	< 49, 4, 7, 0, 0, 154, 5, 48 >,
 	< 50, 4, 5, 0, 0, 158, 8, 49 >,
 	< 51, 4, 8, 41, 0, 130, 9, 50 >,
 	< 52, 4, 10, 0, 71, 103, 4, 51 >,
 	< 53, 4, 10, 0, 0, 142, 2, 52 >,
 	< 54, 4, 4, 0, 52, 195, 3, 53 >,
 	< 55, 4, 10, 0, 47, 145, 6, 54 >,
 	< 56, 4, 6, 43, 56, 156, 0, 55 >,
 	< 57, 4, 9, 0, 36, 162, 1, 56 >,
 	< 58, 4, 3, 0, 0, 125, 7, 57 >,
 	< 59, 4, 9, 0, 0, 116, 5, 58 >,
 	// order 5
 	< 60, 5, 10, 74, 44, 191, 8, -1 >,
 	< 61, 5, 4, 41, 0, 127, 9, 60 >,
 	< 62, 5, 5, 67, 81, 148, 4, 61 >,
 	< 63, 5, 9, 50, 0, 114, 2, 62 >,
 	< 64, 5, 9, 40, 38, 168, 3, 63 >,
 	< 65, 5, 5, 0, 0, 191, 6, 64 >,
 	< 66, 5, 8, 48, 94, 183, 0, 65 >,
 	< 67, 5, 10, 30, 81, 198, 1, 66 >,
 	< 68, 5, 6, 78, 79, 175, 7, 67 >,
 	< 69, 5, 8, 0, 0, 110, 5, 68 >,
 	< 70, 5, 2, 34, 0, 184, 8, 69 >,
 	< 71, 5, 5, 79, 0, 110, 9, 70 >,
 	// order 6
 	< 72, 6, 1, 0, 52, 126, 4, -1 >,
 	< 73, 6, 3, 76, 99, 129, 2, 72 >,
 	< 74, 6, 2, 0, 99, 154, 3, 73 >,
 	< 75, 6, 2, 0, 77, 130, 6, 74 >,
 	< 76, 6, 1, 73, 0, 142, 0, 75 >,
 	< 77, 6, 5, 100, 96, 131, 1, 76 >,
 	< 78, 6, 7, 96, 0, 185, 7, 77 >,
 	< 79, 6, 4, 0, 0, 193, 5, 78 >,
 	< 80, 6, 2, 0, 0, 182, 8, 79 >,
 	< 81, 6, 1, 0, 0, 115, 9, 80 >,
 	< 82, 6, 4, 0, 0, 170, 4, 81 >,
 	< 83, 6, 6, 31, 41, 184, 2, 82 >,
 	// order 7
 	< 84, 7, 9, 33, 47, 103, 3, -1 >,
 	< 85, 7, 10, 0, 98, 184, 6, 84 >,
 	< 86, 7, 7, 96, 82, 118, 0, 85 >,
 	< 87, 7, 8, 0, 61, 199, 1, 86 >,
 	< 88, 7, 3, 78, 0, 154, 7, 87 >,
 	< 89, 7, 7, 0, 95, 128, 5, 88 >,
 	< 90, 7, 7, 74, 92, 145, 8, 89 >,
 	< 91, 7, 10, 0, 72, 166, 9, 90 >,
 	< 92, 7, 2, 0, 68, 146, 4, 91 >,
 	< 93, 7, 2, 73, 0, 177, 2, 92 >,
 	< 94, 7, 4, 0, 63, 143, 3, 93 >,
 	< 95, 7, 10, 65, 0, 130, 6, 94 >,
 	// order 8
 	< 96, 8, 10, 0, 30, 121, 0, -1 >,
 	< 97, 8, 4, 91, 87, 172, 1, 96 >,
 	< 98, 8, 10, 53, 0, 131, 7, 97 >,
 	< 99, 8, 1, 35, 0, 131, 5, 98 >,
 	< 100, 8, 3, 66, 0, 113, 8, 99 >,
 	< 101, 8, 8, 0, 0, 147, 9, 100 >,
 	< 102, 8, 1, 63, 0, 171, 4, 101 >,
 	< 103, 8, 2, 72, 0, 115, 2, 102 >,
 	< 104, 8, 5, 92, 0, 105, 3, 103 >,
 	< 105, 8, 5, 66, 0, 112, 6, 104 >,
 	< 106, 8, 9, 0, 0, 196, 0, 105 >,
 	< 107, 8, 10, 54, 0, 168, 1, 106 >,
 	// order 9
 	< 108, 9, 1, 67, 0, 126, 7, -1 >,
 	< 109, 9, 8, 64, 74, 199, 5, 108 >,
 	< 110, 9, 6, 0, 0, 193, 8, 109 >,
 	< 111, 9, 10, 0, 0, 127, 9, 110 >,
 	< 112, 9, 5, 72, 0, 190, 4, 111 >,
 	< 113, 9, 4, 86, 0, 151, 2, 112 >,
 	< 114, 9, 3, 85, 95, 125, 3, 113 >,
 	< 115, 9, 7, 66, 75, 123, 6, 114 >,
 	< 116, 9, 10, 92, 0, 157, 0, 115 >,
 	< 117, 9, 5, 64, 74, 140, 1, 116 >,
 	< 118, 9, 1, 84, 0, 126, 7, 117 >,
 	< 119, 9, 7, 0, 99, 135, 5, 118 >,
 	// order 10
 	< 120, 10, 10, 0, 44, 183, 8, -1 >,
 	< 121, 10, 6, 0, 0, 110, 9, 120 >,
 	< 122, 10, 9, 74, 0, 198, 4, 121 >,
 	< 123, 10, 7, 0, 83, 116, 2, 122 >,
 	< 124, 10, 10, 68, 70, 171, 3, 123 >,
 	< 125, 10, 2, 0, 55, 127, 6, 124 >,
 	< 126, 10, 5, 76, 98, 172, 0, 125 >,
 	< 127, 10, 3, 0, 91, 167, 1, 126 >,
 	< 128, 10, 2, 84, 61, 135, 7, 127 >,
 	< 129, 10, 9, 92, 0, 136, 5, 128 >,
 	< 130, 10, 6, 0, 0, 143, 8, 129 >,
 	< 131, 10, 6, 0, 0, 169, 9, 130 >,
 	// order 11
 	< 132, 11, 4, 0, 88, 144, 4, -1 >,
 	< 133, 11, 8, 54, 0, 191, 2, 132 >,
 	< 134, 11, 2, 0, 0, 129, 3, 133 >,
 	< 135, 11, 4, 78, 91, 127, 6, 134 >,
 	< 136, 11, 8, 0, 63, 117, 0, 135 >,
 	< 137, 11, 1, 0, 66, 154, 1, 136 >,
 	< 138, 11, 2, 0, 34, 147, 7, 137 >,
 	< 139, 11, 3, 0, 0, 132, 5, 138 >,
 	< 140, 11, 10, 0, 0, 180, 8, 139 >,
 	< 141, 11, 10, 83, 0, 123, 9, 140 >,
 	< 142, 11, 7, 82, 45, 122, 4, 141 >,
 	< 143, 11, 10, 0, 0, 146, 2, 142 >,
 	// order 12
 	< 144, 12, 7, 0, 0, 132, 3, -1 >,
 	< 145, 12, 9, 0, 31, 166, 6, 144 >,
 	< 146, 12, 10, 31, 75, 158, 0, 145 >,
 	< 147, 12, 10, 85, 97, 175, 1, 146 >,
 	< 148, 12, 5, 43, 97, 179, 7, 147 >,
 	< 149, 12, 5, 63, 0, 142, 5, 148 >,
 	< 150, 12, 9, 56, 69, 114, 8, 149 >,
 	< 151, 12, 2, 0, 0, 171, 9, 150 >,
 	< 152, 12, 1, 0, 0, 168, 4, 151 >,
 	< 153, 12, 1, 0, 0, 126, 2, 152 >,
 	< 154, 12, 5, 0, 65, 172, 3, 153 >,
 	< 155, 12, 3, 42, 0, 190, 6, 154 >,
 	// order 13
 	< 156, 13, 7, 0, 0, 119, 0, -1 >,
 	< 157, 13, 8, 0, 0, 176, 1, 156 >,
 	< 158, 13, 3, 58, 73, 122, 7, 157 >,
 	< 159, 13, 8, 0, 0, 128, 5, 158 >,
 	< 160, 13, 8, 0, 78, 132, 8, 159 >,
 	< 161, 13, 7, 0, 0, 192, 9, 160 >,
 	< 162, 13, 4, 0, 0, 124, 4, 161 >,
 	< 163, 13, 4, 49, 89, 160, 2, 162 >,
 	< 164, 13, 9, 100, 0, 125, 3, 163 >,
 	< 165, 13, 9, 0, 83, 152, 6, 164 >,
 	< 166, 13, 3, 78, 58, 140, 0, 165 >,
 	< 167, 13, 1, 100, 0, 146, 1, 166 >,
 	// order 14
 	< 168, 14, 2, 65, 79, 112, 7, -1 >,
 	< 169, 14, 5, 0, 54, 158, 5, 168 >,
 	< 170, 14, 10, 0, 0, 167, 8, 169 >,
 	< 171, 14, 8, 77, 90, 179, 9, 170 >,
 	< 172, 14, 3, 75, 57, 124, 4, 171 >,
 	< 173, 14, 9, 77, 0, 165, 2, 172 >,
 	< 174, 14, 9, 0, 90, 150, 3, 173 >,
 	< 175, 14, 7, 80, 0, 182, 6, 174 >,
 	< 176, 14, 9, 0, 86, 124, 0, 175 >,
 	< 177, 14, 5, 73, 0, 130, 1, 176 >,
 	< 178, 14, 2, 0, 89, 126, 7, 177 >,
 	< 179, 14, 9, 0, 0, 188, 5, 178 >,
 	// order 15
 	< 180, 15, 6, 0, 0, 104, 8, -1 >,
 	< 181, 15, 10, 0, 0, 169, 9, 180 >,
 	< 182, 15, 9, 0, 0, 111, 4, 181 >,
 	< 183, 15, 2, 98, 0, 133, 2, 182 >,
 	< 184, 15, 10, 39, 37, 136, 3, 183 >,
 	< 185, 15, 4, 0, 76, 146, 6, 184 >,
 	< 186, 15, 10, 76, 0, 125, 0, 185 >,
 	< 187, 15, 9, 83, 39, 176, 1, 186 >,
 	< 188, 15, 7, 84, 53, 116, 7, 187 >,
 	< 189, 15, 2, 56, 58, 193, 5, 188 >,
 	< 190, 15, 10, 0, 0, 109, 8, 189 >,
 	< 191, 15, 5, 91, 0, 142, 9, 190 >,
 	// order 16
 	< 192, 16, 5, 85, 0, 163, 4, -1 >,
 	< 193, 16, 8, 52, 0, 121, 2, 192 >,
 	< 194, 16, 8, 0, 0, 112, 3, 193 >,
 	< 195, 16, 3, 0, 0, 102, 6, 194 >,
 	< 196, 16, 2, 67, 0, 176, 0, 195 >,
 	< 197, 16, 6, 82, 35, 174, 1, 196 >,
 	< 198, 16, 1, 0, 36, 134, 7, 197 >,
 	< 199, 16, 3, 0, 78, 170, 5, 198 >,
 	< 200, 16, 4, 0, 36, 149, 8, 199 >,
 	< 201, 16, 7, 80, 0, 197, 9, 200 >,
 	< 202, 16, 1, 0, 78, 122, 4, 201 >,
 	< 203, 16, 9, 0, 0, 128, 2, 202 >,
 	// order 17
 	< 204, 17, 6, 93, 70, 125, 3, -1 >,
 	< 205, 17, 2, 0, 0, 185, 6, 204 >,
 	< 206, 17, 10, 0, 0, 150, 0, 205 >,
 	< 207, 17, 4, 64, 43, 127, 1, 206 >,
 	< 208, 17, 9, 32, 37, 168, 7, 207 >,
 	< 209, 17, 8, 0, 0, 187, 5, 208 >,
 	< 210, 17, 5, 0, 79, 110, 8, 209 >,
 	< 211, 17, 9, 0, 37, 184, 9, 210 >,
 	< 212, 17, 4, 73, 59, 185, 4, 211 >,
 	< 213, 17, 1, 54, 82, 103, 2, 212 >,
 	< 214, 17, 10, 56, 90, 134, 3, 213 >,
 	< 215, 17, 7, 65, 97, 124, 6, 214 >,
 	// order 18
 	< 216, 18, 4, 38, 0, 139, 0, -1 >,
 	< 217, 18, 6, 0, 83, 135, 1, 216 >,
 	< 218, 18, 10, 0, 0, 116, 7, 217 >,
 	< 219, 18, 2, 0, 98, 102, 5, 218 >,
 	< 220, 18, 3, 0, 0, 102, 8, 219 >,
 	< 221, 18, 2, 0, 0, 196, 9, 220 >,
 	< 222, 18, 2, 44, 0, 155, 4, 221 >,
 	< 223, 18, 7, 0, 0, 152, 2, 222 >,
 	< 224, 18, 8, 58, 69, 180, 3, 223 >,
 	< 225, 18, 3, 92, 0, 134, 6, 224 >,
 	< 226, 18, 7, 0, 0, 123, 0, 225 >,
 	< 227, 18, 6, 82, 0, 198, 1, 226 >,
 	// order 19
 	< 228, 19, 9, 31, 70, 118, 7, -1 >,
 	< 229, 19, 1, 31, 0, 170, 5, 228 >,
 	< 230, 19, 10, 73, 99, 157, 8, 229 >,
 	< 231, 19, 2, 53, 0, 138, 9, 230 >,
 	< 232, 19, 4, 0, 0, 125, 4, 231 >,
 	< 233, 19, 10, 0, 85, 179, 2, 232 >,
 	< 234, 19, 9, 0, 0, 165, 3, 233 >,
 	< 235, 19, 8, 62, 0, 137, 6, 234 >,
 	< 236, 19, 8, 74, 0, 136, 0, 235 >,
 	< 237, 19, 5, 0, 91, 125, 1, 236 >,
 	< 238, 19, 10, 36, 90, 150, 7, 237 >,
 	< 239, 19, 7, 89, 0, 124, 5, 238 >,
 	// order 20
 	< 240, 20, 7, 46, 87, 169, 8, -1 >,
 	< 241, 20, 2, 83, 0, 111, 9, 240 >,
 	< 242, 20, 10, 0, 57, 176, 4, 241 >,
 	< 243, 20, 9, 79, 0, 134, 2, 242 >,
 	< 244, 20, 6, 87, 0, 180, 3, 243 >,
 	< 245, 20, 5, 40, 0, 191, 6, 244 >,
 	< 246, 20, 7, 38, 0, 116, 0, 245 >,
 	< 247, 20, 4, 69, 87, 164, 1, 246 >,
 	< 248, 20, 2, 91, 87, 116, 7, 247 >,
 	< 249, 20, 5, 87, 40, 105, 5, 248 >,
 	< 250, 20, 10, 0, 60, 139, 8, 249 >,
 	< 251, 20, 1, 0, 87, 160, 9, 250 >,
 	// order 21
 	< 252, 21, 5, 99, 0, 151, 4, -1 >,
 	< 253, 21, 3, 0, 54, 198, 2, 252 >,
 	< 254, 21, 5, 63, 97, 159, 3, 253 >,
 	< 255, 21, 10, 0, 0, 142, 6, 254 >,
 	< 256, 21, 4, 0, 0, 190, 0, 255 >,
 	< 257, 21, 3, 0, 0, 196, 1, 256 >,
 	< 258, 21, 5, 65, 0, 183, 7, 257 >,
 	< 259, 21, 6, 55, 76, 165, 5, 258 >,
 	< 260, 21, 3, 0, 65, 117, 8, 259 >,
 	< 261, 21, 7, 0, 36, 148, 9, 260 >,
 	< 262, 21, 9, 0, 57, 139, 4, 261 >,
 	< 263, 21, 3, 0, 0, 108, 2, 262 >,
 	// order 22
 	< 264, 22, 10, 0, 59, 148, 3, -1 >,
 	< 265, 22, 9, 0, 0, 189, 6, 264 >,
 	< 266, 22, 10, 0, 96, 133, 0, 265 >,
 	< 267, 22, 7, 33, 0, 157, 1, 266 >,
 	< 268, 22, 3, 0, 0, 152, 7, 267 >,
 	< 269, 22, 3, 0, 66, 160, 5, 268 >,
 	< 270, 22, 9, 0, 0, 117, 8, 269 >,
 	< 271, 22, 4, 80, 0, 133, 9, 270 >,
 	< 272, 22, 10, 0, 79, 141, 4, 271 >,
 	< 273, 22, 4, 88, 92, 170, 2, 272 >,
 	< 274, 22, 3, 0, 0, 177, 3, 273 >,
 	< 275, 22, 8, 86, 94, 170, 6, 274 >,
 	// order 23
 	< 276, 23, 10, 51, 54, 145, 0, -1 >,
 	< 277, 23, 7, 0, 0, 136, 1, 276 >,
 	< 278, 23, 7, 0, 37, 111, 7, 277 >,
 	< 279, 23, 9, 92, 94, 139, 5, 278 >,
 	< 280, 23, 6, 87, 0, 138, 8, 279 >,
 	< 281, 23, 2, 57, 84, 180, 9, 280 >,
 	< 282, 23, 4, 100, 57, 183, 4, 281 >,
 	< 283, 23, 1, 97, 74, 151, 2, 282 >,
 	< 284, 23, 1, 93, 0, 165, 3, 283 >,
 	< 285, 23, 9, 0, 44, 100, 6, 284 >,
 	< 286, 23, 4, 0, 0, 149, 0, 285 >,
 	< 287, 23, 6, 54, 0, 170, 1, 286 >,
 	// order 24
 	< 288, 24, 7, 89, 0, 195, 7, -1 >,
 	< 289, 24, 2, 65, 88, 185, 5, 288 >,
 	< 290, 24, 10, 97, 0, 174, 8, 289 >,
 	< 291, 24, 6, 0, 90, 150, 9, 290 >,
 	< 292, 24, 5, 71, 0, 132, 4, 291 >,
 	< 293, 24, 7, 93, 0, 108, 2, 292 >,
 	< 294, 24, 6, 32, 94, 123, 3, 293 >,
 	< 295, 24, 8, 37, 0, 139, 6, 294 >,
 	< 296, 24, 4, 0, 0, 105, 0, 295 >,
 	< 297, 24, 7, 0, 83, 102, 1, 296 >,
 	< 298, 24, 5, 0, 0, 120, 7, 297 >,
 	< 299, 24, 3, 47, 74, 149, 5, 298 >,
 	// order 25
 	< 300, 25, 1, 63, 53, 114, 8, -1 >,
 	< 301, 25, 7, 56, 86, 154, 9, 300 >,
 	< 302, 25, 8, 37, 0, 174, 4, 301 >,
 	< 303, 25, 3, 0, 44, 181, 2, 302 >,
 	< 304, 25, 2, 0, 33, 151, 3, 303 >,
 	< 305, 25, 9, 40, 93, 132, 6, 304 >,
 	< 306, 25, 7, 0, 94, 136, 0, 305 >,
 	< 307, 25, 1, 32, 0, 136, 1, 306 >,
 	< 308, 25, 3, 0, 80, 154, 7, 307 >,
 	< 309, 25, 1, 0, 0, 101, 5, 308 >,
 	< 310, 25, 6, 50, 0, 147, 8, 309 >,
 	< 311, 25, 3, 0, 0, 164, 9, 310 >,
 	// order 26
 	< 312, 26, 8, 0, 0, 151, 4, -1 >,
 	< 313, 26, 10, 0, 0, 166, 2, 312 >,
 	< 314, 26, 4, 0, 0, 120, 3, 313 >,
 	< 315, 26, 4, 85, 0, 191, 6, 314 >,
 	< 316, 26, 1, 54, 82, 151, 0, 315 >,
 	< 317, 26, 2, 53, 0, 134, 1, 316 >,
 	< 318, 26, 10, 0, 45, 176, 7, 317 >,
 	< 319, 26, 3, 0, 0, 113, 5, 318 >,
 	< 320, 26, 8, 0, 70, 189, 8, 319 >,
 	< 321, 26, 8, 0, 87, 123, 9, 320 >,
 	< 322, 26, 4, 82, 41, 150, 4, 321 >,
 	< 323, 26, 10, 33, 36, 153, 2, 322 >,
 	// order 27
 	< 324, 27, 6, 86, 32, 144, 3, -1 >,
 	< 325, 27, 2, 0, 0, 136, 6, 324 >,
 	< 326, 27, 7, 0, 0, 173, 0, 325 >,
 	< 327, 27, 10, 35, 63, 148, 1, 326 >,
 	< 328, 27, 2, 0, 0, 184, 7, 327 >,
 	< 329, 27, 2, 69, 88, 160, 5, 328 >,
 	< 330, 27, 3, 0, 0, 119, 8, 329 >,
 	< 331, 27, 8, 84, 0, 172, 9, 330 >,
 	< 332, 27, 6, 0, 0, 117, 4, 331 >,
 	< 333, 27, 10, 60, 0, 143, 2, 332 >,
 	< 334, 27, 6, 0, 33, 132, 3, 333 >,
 	< 335, 27, 7, 0, 0, 183, 6, 334 >,
 	// order 28
 	< 336, 28, 10, 50, 60, 163, 0, -1 >,
 	< 337, 28, 5, 0, 0, 127, 1, 336 >,
 	< 338, 28, 10, 31, 0, 194, 7, 337 >,
 	< 339, 28, 3, 100, 96, 104, 5, 338 >,
 	< 340, 28, 10, 54, 0, 113, 8, 339 >,
 	< 341, 28, 7, 0, 0, 101, 9, 340 >,
 	< 342, 28, 5, 48, 0, 180, 4, 341 >,
 	< 343, 28, 6, 0, 34, 173, 2, 342 >,
 	< 344, 28, 8, 68, 0, 141, 3, 343 >,
 	< 345, 28, 5, 40, 86, 145, 6, 344 >,
 	< 346, 28, 7, 68, 99, 186, 0, 345 >,
 	< 347, 28, 10, 50, 62, 199, 1, 346 >,
 	// order 29
 	< 348, 29, 3, 40, 98, 120, 7, -1 >,
 	< 349, 29, 4, 41, 35, 122, 5, 348 >,
 	< 350, 29, 3, 0, 96, 169, 8, 349 >,
 	< 351, 29, 6, 54, 0, 157, 9, 350 >,
 	< 352, 29, 9, 0, 49, 182, 4, 351 >,
 	< 353, 29, 8, 0, 84, 176, 2, 352 >,
 	< 354, 29, 3, 46, 0, 126, 3, 353 >,
 	< 355, 29, 8, 96, 0, 196, 6, 354 >,
 	< 356, 29, 3, 63, 0, 158, 0, 355 >,
 	< 357, 29, 6, 0, 0, 108, 1, 356 >,
 	< 358, 29, 8, 0, 0, 162, 7, 357 >,
 	< 359, 29, 8, 0, 100, 169, 5, 358 >,
 	// order 30
 	< 360, 30, 4, 54, 0, 116, 8, -1 >,
 	< 361, 30, 4, 55, 0, 125, 9, 360 >,
 	< 362, 30, 7, 97, 35, 141, 4, 361 >,
 	< 363, 30, 3, 0, 58, 169, 2, 362 >,
 	< 364, 30, 3, 0, 0, 186, 3, 363 >,
 	< 365, 30, 1, 0, 0, 122, 6, 364 >,
 	< 366, 30, 6, 0, 0, 172, 0, 365 >,
 	< 367, 30, 10, 71, 34, 152, 1, 366 >,
 	< 368, 30, 2, 0, 0, 132, 7, 367 >,
 	< 369, 30, 1, 0, 0, 177, 5, 368 >,
 	< 370, 30, 9, 0, 0, 144, 8, 369 >,
 	< 371, 30, 9, 0, 100, 109, 9, 370 >,
 	// order 31
 	< 372, 31, 3, 55, 0, 102, 4, -1 >,
 	< 373, 31, 9, 0, 98, 128, 2, 372 >,
 	< 374, 31, 3, 0, 0, 149, 3, 373 >,
 	< 375, 31, 8, 0, 75, 104, 6, 374 >,
 	< 376, 31, 5, 58, 0, 175, 0, 375 >,
 	< 377, 31, 3, 0, 0, 102, 1, 376 >,
 	< 378, 31, 1, 0, 0, 112, 7, 377 >,
 	< 379, 31, 10, 0, 0, 176, 5, 378 >,
 	< 380, 31, 8, 0, 0, 155, 8, 379 >,
 	< 381, 31, 1, 34, 0, 187, 9, 380 >,
 	< 382, 31, 8, 68, 0, 122, 4, 381 >,
 	< 383, 31, 3, 0, 66, 113, 2, 382 >,
 	// order 32
 	< 384, 32, 9, 73, 74, 169, 3, -1 >,
 	< 385, 32, 2, 69, 38, 111, 6, 384 >,
 	< 386, 32, 6, 0, 0, 152, 0, 385 >,
 	< 387, 32, 2, 65, 0, 134, 1, 386 >,
 	< 388, 32, 4, 0, 68, 151, 7, 387 >,
 	< 389, 32, 6, 89, 0, 190, 5, 388 >,
 	< 390, 32, 6, 0, 0, 147, 8, 389 >,
 	< 391, 32, 1, 0, 65, 186, 9, 390 >,
 	< 392, 32, 10, 66, 0, 174, 4, 391 >,
 	< 393, 32, 7, 0, 0, 136, 2, 392 >,
 	< 394, 32, 8, 0, 33, 111, 3, 393 >,
 	< 395, 32, 8, 72, 51, 111, 6, 394 >,
 	// order 33
 	< 396, 33, 2, 0, 60, 107, 0, -1 >,
 	< 397, 33, 6, 46, 100, 143, 1, 396 >,
 	< 398, 33, 7, 0, 61, 135, 7, 397 >,
 	< 399, 33, 9, 0, 0, 193, 5, 398 >,
 	< 400, 33, 2, 0, 0, 112, 8, 399 >,
 	< 401, 33, 1, 67, 0, 153, 9, 400 >,
 	< 402, 33, 10, 0, 0, 126, 4, 401 >,
 	< 403, 33, 4, 62, 0, 108, 2, 402 >,
 	< 404, 33, 1, 0, 37, 170, 3, 403 >,
 	< 405, 33, 4, 0, 0, 189, 6, 404 >,
 	< 406, 33, 4, 61, 71, 159, 0, 405 >,
 	< 407, 33, 4, 94, 0, 167, 1, 406 >,
 	// order 34
 	< 408, 34, 4, 0, 0, 143, 7, -1 >,
 	< 409, 34, 8, 68, 0, 137, 5, 408 >,
 	< 410, 34, 7, 99, 0, 176, 8, 409 >,
 	< 411, 34, 1, 32, 0, 149, 9, 410 >,
 	< 412, 34, 9, 71, 0, 113, 4, 411 >,
 	< 413, 34, 7, 0, 0, 188, 2, 412 >,
 	< 414, 34, 8, 61, 45, 153, 3, 413 >,
 	< 415, 34, 7, 43, 0, 139, 6, 414 >,
 	< 416, 34, 10, 45, 0, 124, 0, 415 >,
 	< 417, 34, 6, 51, 71, 165, 1, 416 >,
 	< 418, 34, 4, 60, 0, 183, 7, 417 >,
 	< 419, 34, 8, 92, 74, 141, 5, 418 >,
 	// order 35
 	< 420, 35, 7, 0, 0, 120, 8, -1 >,
 	< 421, 35, 1, 74, 0, 107, 9, 420 >,
 	< 422, 35, 8, 78, 33, 163, 4, 421 >,
 	< 423, 35, 6, 74, 85, 139, 2, 422 >,
 	< 424, 35, 3, 0, 71, 141, 3, 423 >,
 	< 425, 35, 9, 93, 51, 165, 6, 424 >,
 	< 426, 35, 8, 41, 73, 104, 0, 425 >,
 	< 427, 35, 5, 77, 65, 189, 1, 426 >,
 	< 428, 35, 8, 0, 51, 120, 7, 427 >,
 	< 429, 35, 3, 0, 0, 190, 5, 428 >,
 	< 430, 35, 9, 0, 0, 119, 8, 429 >,
 	< 431, 35, 10, 76, 95, 116, 9, 430 >,
 	// order 36
 	< 432, 36, 2, 0, 95, 193, 4, -1 >,
 	< 433, 36, 9, 93, 43, 100, 2, 432 >,
 	< 434, 36, 2, 86, 0, 178, 3, 433 >,
 	< 435, 36, 5, 0, 65, 161, 6, 434 >,
 	< 436, 36, 8, 0, 94, 156, 0, 435 >,
 	< 437, 36, 8, 78, 0, 180, 1, 436 >,
 	< 438, 36, 1, 78, 0, 143, 7, 437 >,
 	< 439, 36, 9, 0, 59, 148, 5, 438 >,
 	< 440, 36, 4, 0, 0, 190, 8, 439 >,
 	< 441, 36, 8, 0, 98, 115, 9, 440 >,
 	< 442, 36, 3, 0, 0, 142, 4, 441 >,
 	< 443, 36, 6, 0, 0, 117, 2, 442 >,
 	// order 37
 	< 444, 37, 1, 0, 0, 101, 3, -1 >,
 	< 445, 37, 3, 0, 0, 200, 6, 444 >,
 	< 446, 37, 4, 61, 95, 117, 0, 445 >,
 	< 447, 37, 5, 0, 0, 121, 1, 446 >,
 	< 448, 37, 5, 90, 0, 108, 7, 447 >,
 	< 449, 37, 3, 67, 0, 164, 5, 448 >,
 	< 450, 37, 7, 0, 0, 200, 8, 449 >,
 	< 451, 37, 1, 45, 52, 146, 9, 450 >,
 	< 452, 37, 2, 78, 58, 162, 4, 451 >,
 	< 453, 37, 2, 0, 0, 103, 2, 452 >,
 	< 454, 37, 7, 0, 0, 135, 3, 453 >,
 	< 455, 37, 10, 0, 0, 187, 6, 454 >,
 	// order 38
 	< 456, 38, 3, 50, 40, 175, 0, -1 >,
 	< 457, 38, 4, 0, 61, 176, 1, 456 >,
 	< 458, 38, 3, 91, 70, 103, 7, 457 >,
 	< 459, 38, 5, 0, 82, 146, 5, 458 >,
 	< 460, 38, 1, 51, 0, 198, 8, 459 >,
 	< 461, 38, 4, 85, 0, 164, 9, 460 >,
 	< 462, 38, 4, 0, 0, 141, 4, 461 >,
 	< 463, 38, 2, 0, 96, 154, 2, 462 >,
 	< 464, 38, 4, 79, 0, 199, 3, 463 >,
 	< 465, 38, 1, 61, 52, 146, 6, 464 >,
 	< 466, 38, 1, 0, 0, 182, 0, 465 >,
 	< 467, 38, 9, 57, 84, 199, 1, 466 >,
 	// order 39
 	< 468, 39, 1, 57, 0, 190, 7, -1 >,
 	< 469, 39, 6, 58, 0, 155, 5, 468 >,
 	< 470, 39, 7, 0, 0, 136, 8, 469 >,
 	< 471, 39, 6, 0, 0, 131, 9, 470 >,
 	< 472, 39, 1, 0, 36, 147, 4, 471 >,
 	< 473, 39, 7, 98, 0, 153, 2, 472 >,
 	< 474, 39, 6, 0, 0, 186, 3, 473 >,
 	< 475, 39, 2, 51, 52, 129, 6, 474 >,
 	< 476, 39, 1, 0, 0, 104, 0, 475 >,
 	< 477, 39, 5, 87, 99, 177, 1, 476 >,
 	< 478, 39, 3, 0, 35, 187, 7, 477 >,
 	< 479, 39, 6, 0, 63, 178, 5, 478 >,
 	// order 40
 	< 480, 40, 6, 56, 0, 182, 8, -1 >,
 	< 481, 40, 10, 0, 46, 186, 9, 480 >,
 	< 482, 40, 1, 33, 45, 161, 4, 481 >,
 	< 483, 40, 10, 76, 85, 187, 2, 482 >,
 	< 484, 40, 10, 0, 0, 111, 3, 483 >,
 	< 485, 40, 9, 0, 71, 151, 6, 484 >,
 	< 486, 40, 4, 0, 81, 115, 0, 485 >,
 	< 487, 40, 2, 0, 0, 151, 1, 486 >,
 	< 488, 40, 4, 0, 0, 112, 7, 487 >,
 	< 489, 40, 8, 59, 91, 126, 5, 488 >,
 	< 490, 40, 7, 0, 0, 177, 8, 489 >,
 	< 491, 40, 10, 97, 81, 171, 9, 490 >,
 	// order 41
 	< 492, 41, 1, 0, 75, 134, 4, -1 >,
 	< 493, 41, 8, 0, 38, 106, 2, 492 >,
 	< 494, 41, 5, 77, 0, 138, 3, 493 >,
 	< 495, 41, 8, 0, 83, 163, 6, 494 >,
 	< 496, 41, 7, 0, 0, 173, 0, 495 >,
 	< 497, 41, 10, 0, 81, 154, 1, 496 >,
 	< 498, 41, 1, 0, 0, 153, 7, 497 >,
 	< 499, 41, 6, 0, 45, 182, 5, 498 >,
 	< 500, 41, 8, 67, 73, 180, 8, 499 >,
 	< 501, 41, 8, 63, 0, 139, 9, 500 >,
 	< 502, 41, 3, 0, 0, 116, 4, 501 >,
 	< 503, 41, 1, 0, 50, 107, 2, 502 >,
 	// order 42
 	< 504, 42, 8, 85, 0, 198, 3, -1 >,
 	< 505, 42, 2, 48, 0, 116, 6, 504 >,
 	< 506, 42, 7, 0, 71, 106, 0, 505 >,
 	< 507, 42, 8, 0, 67, 135, 1, 506 >,
 	< 508, 42, 10, 93, 53, 131, 7, 507 >,
 	< 509, 42, 8, 0, 0, 143, 5, 508 >,
 	< 510, 42, 5, 72, 0, 109, 8, 509 >,
 	< 511, 42, 9, 0, 0, 193, 9, 510 >,
 	< 512, 42, 6, 66, 52, 152, 4, 511 >,
 	< 513, 42, 9, 81, 0, 138, 2, 512 >,
 	< 514, 42, 10, 0, 0, 194, 3, 513 >,
 	< 515, 42, 2, 35, 0, 106, 6, 514 >,
 	// order 43
 	< 516, 43, 7, 0, 44, 170, 0, -1 >,
 	< 517, 43, 7, 0, 59, 148, 1, 516 >,
 	< 518, 43, 3, 99, 30, 142, 7, 517 >,
 	< 519, 43, 5, 0, 47, 144, 5, 518 >,
 	< 520, 43, 7, 34, 61, 127, 8, 519 >,
 	< 521, 43, 2, 30, 0, 173, 9, 520 >,
 	< 522, 43, 2, 0, 0, 112, 4, 521 >,
 	< 523, 43, 2, 0, 0, 165, 2, 522 >,
 	< 524, 43, 4, 48, 0, 178, 3, 523 >,
 	< 525, 43, 8, 0, 0, 140, 6, 524 >,
 	< 526, 43, 6, 80, 0, 177, 0, 525 >,
 	< 527, 43, 7, 0, 0, 171, 1, 526 >,
 	// order 44
 	< 528, 44, 6, 0, 0, 104, 7, -1 >,
 	< 529, 44, 3, 0, 0, 154, 5, 528 >,
 	< 530, 44, 5, 72, 49, 111, 8, 529 >,
 	< 531, 44, 10, 92, 0, 138, 9, 530 >,
 	< 532, 44, 8, 0, 60, 191, 4, 531 >,
 	< 533, 44, 8, 0, 0, 160, 2, 532 >,
 	< 534, 44, 3, 0, 0, 125, 3, 533 >,
 	< 535, 44, 8, 0, 93, 126, 6, 534 >,
 	< 536, 44, 4, 89, 0, 124, 0, 535 >,
 	< 537, 44, 4, 0, 66, 123, 1, 536 >,
 	< 538, 44, 6, 70, 42, 163, 7, 537 >,
 	< 539, 44, 7, 0, 89, 148, 5, 538 >,
 	// order 45
 	< 540, 45, 4, 0, 0, 158, 8, -1 >,
 	< 541, 45, 4, 0, 0, 134, 9, 540 >,
 	< 542, 45, 2, 54, 0, 168, 4, 541 >,
 	< 543, 45, 6, 68, 33, 156, 2, 542 >,
 	< 544, 45, 4, 0, 0, 192, 3, 543 >,
 	< 545, 45, 8, 77, 47, 162, 6, 544 >,
 	< 546, 45, 1, 0, 0, 105, 0, 545 >,
 	< 547, 45, 8, 0, 81, 149, 1, 546 >,
 	< 548, 45, 10, 0, 60, 136, 7, 547 >,
 	< 549, 45, 5, 0, 92, 131, 5, 548 >,
 	< 550, 45, 5, 0, 56, 108, 8, 549 >,
 	< 551, 45, 5, 0, 0, 116, 9, 550 >,
 	// order 46
 	< 552, 46, 5, 75, 47, 173, 4, -1 >,
 	< 553, 46, 1, 45, 94, 157, 2, 552 >,
 	< 554, 46, 1, 44, 0, 125, 3, 553 >,
 	< 555, 46, 8, 89, 62, 105, 6, 554 >,
 	< 556, 46, 8, 0, 67, 114, 0, 555 >,
 	< 557, 46, 7, 0, 60, 190, 1, 556 >,
 	< 558, 46, 6, 0, 50, 180, 7, 557 >,
 	< 559, 46, 4, 51, 32, 178, 5, 558 >,
 	< 560, 46, 10, 62, 0, 175, 8, 559 >,
 	< 561, 46, 3, 82, 48, 165, 9, 560 >,
 	< 562, 46, 10, 91, 0, 148, 4, 561 >,
 	< 563, 46, 2, 41, 0, 142, 2, 562 >,
 	// order 47
 	< 564, 47, 5, 67, 64, 184, 3, -1 >,
 	< 565, 47, 5, 0, 0, 154, 6, 564 >,
 	< 566, 47, 10, 0, 0, 180, 0, 565 >,
 	< 567, 47, 5, 0, 0, 139, 1, 566 >,
 	< 568, 47, 5, 0, 87, 163, 7, 567 >,
 	< 569, 47, 9, 0, 0, 142, 5, 568 >,
 	< 570, 47, 6, 66, 0, 143, 8, 569 >,
 	< 571, 47, 9, 0, 35, 194, 9, 570 >,
 	< 572, 47, 8, 0, 0, 139, 4, 571 >,
 	< 573, 47, 4, 81, 69, 144, 2, 572 >,
 	< 574, 47, 1, 42, 67, 176, 3, 573 >,
 	< 575, 47, 10, 77, 0, 167, 6, 574 >,
 	// order 48
 	< 576, 48, 2, 0, 0, 195, 0, -1 >,
 	< 577, 48, 6, 40, 0, 155, 1, 576 >,
 	< 578, 48, 10, 0, 0, 137, 7, 577 >,
 	< 579, 48, 6, 0, 88, 148, 5, 578 >,
 	< 580, 48, 2, 38, 70, 134, 8, 579 >,
 	< 581, 48, 7, 72, 77, 192, 9, 580 >,
 	< 582, 48, 8, 31, 0, 153, 4, 581 >,
 	< 583, 48, 8, 61, 37, 159, 2, 582 >,
 	< 584, 48, 3, 0, 86, 143, 3, 583 >,
 	< 585, 48, 9, 0, 0, 177, 6, 584 >,
 	< 586, 48, 2, 0, 0, 115, 0, 585 >,
 	< 587, 48, 6, 0, 35, 127, 1, 586 >,
 	// order 49
 	< 588, 49, 9, 49, 75, 118, 7, -1 >,
 	< 589, 49, 5, 0, 0, 100, 5, 588 >,
 	< 590, 49, 4, 0, 0, 171, 8, 589 >,
 	< 591, 49, 1, 0, 85, 105, 9, 590 >,
 	< 592, 49, 6, 0, 45, 148, 4, 591 >,
 	< 593, 49, 10, 72, 0, 188, 2, 592 >,
 	< 594, 49, 8, 0, 94, 116, 3, 593 >,
 	< 595, 49, 9, 0, 0, 143, 6, 594 >,
 	< 596, 49, 4, 0, 0, 106, 0, 595 >,
 	< 597, 49, 7, 0, 0, 177, 1, 596 >,
 	< 598, 49, 8, 0, 0, 184, 7, 597 >,
 	< 599, 49, 7, 90, 32, 100, 5, 598 >,
 	// order 50
 	< 600, 50, 7, 95, 70, 107, 8, -1 >,
 	< 601, 50, 5, 0, 60, 109, 9, 600 >,
 	< 602, 50, 3, 93, 61, 141, 4, 601 >,
 	< 603, 50, 8, 0, 0, 118, 2, 602 >,
 	< 604, 50, 9, 0, 0, 105, 3, 603 >,
 	< 605, 50, 2, 32, 0, 147, 6, 604 >,
 	< 606, 50, 1, 0, 0, 188, 0, 605 >,
 	< 607, 50, 6, 66, 84, 128, 1, 606 >,
 	< 608, 50, 6, 0, 0, 164, 7, 607 >,
 	< 609, 50, 7, 73, 0, 185, 5, 608 >,
 	< 610, 50, 3, 0, 0, 134, 8, 609 >,
 	< 611, 50, 9, 88, 0, 179, 9, 610 >,
 	// order 51
 	< 612, 51, 8, 0, 0, 146, 4, -1 >,
 	< 613, 51, 4, 0, 0, 173, 2, 612 >,
 	< 614, 51, 2, 57, 0, 193, 3, 613 >,
 	< 615, 51, 9, 94, 92, 140, 6, 614 >,
 	< 616, 51, 8, 0, 70, 148, 0, 615 >,
 	< 617, 51, 2, 46, 32, 125, 1, 616 >,
 	< 618, 51, 1, 39, 81, 136, 7, 617 >,
 	< 619, 51, 2, 0, 32, 124, 5, 618 >,
 	< 620, 51, 10, 0, 38, 138, 8, 619 >,
 	< 621, 51, 4, 0, 0, 143, 9, 620 >,
 	< 622, 51, 3, 59, 53, 126, 4, 621 >,
 	< 623, 51, 9, 49, 44, 149, 2, 622 >,
 	// order 52
 	< 624, 52, 7, 93, 52, 120, 3, -1 >,
 	< 625, 52, 2, 82, 98, 137, 6, 624 >,
 	< 626, 52, 6, 38, 56, 180, 0, 625 >,
 	< 627, 52, 5, 80, 100, 110, 1, 626 >,
 	< 628, 52, 3, 58, 0, 154, 7, 627 >,
 	< 629, 52, 6, 52, 83, 125, 5, 628 >,
 	< 630, 52, 6, 60, 0, 111, 8, 629 >,
 	< 631, 52, 2, 79, 99, 105, 9, 630 >,
 	< 632, 52, 1, 39, 47, 147, 4, 631 >,
 	< 633, 52, 2, 0, 36, 187, 2, 632 >,
 	< 634, 52, 8, 0, 86, 169, 3, 633 >,
 	< 635, 52, 1, 0, 76, 153, 6, 634 >,
 	// order 53
 	< 636, 53, 8, 0, 39, 194, 0, -1 >,
 	< 637, 53, 8, 0, 37, 191, 1, 636 >,
 	< 638, 53, 3, 0, 0, 142, 7, 637 >,
 	< 639, 53, 6, 0, 52, 135, 5, 638 >,
 	< 640, 53, 2, 99, 0, 170, 8, 639 >,
 	< 641, 53, 10, 0, 0, 131, 9, 640 >,
 	< 642, 53, 5, 67, 0, 133, 4, 641 >,
 	< 643, 53, 6, 0, 70, 179, 2, 642 >,
 	< 644, 53, 4, 86, 77, 118, 3, 643 >,
 	< 645, 53, 7, 44, 0, 121, 6, 644 >,
 	< 646, 53, 4, 0, 53, 147, 0, 645 >,
 	< 647, 53, 1, 36, 41, 194, 1, 646 >,
 	// order 54
 	< 648, 54, 5, 0, 0, 154, 7, -1 >,
 	< 649, 54, 4, 0, 79, 108, 5, 648 >,
 	< 650, 54, 1, 88, 0, 161, 8, 649 >,
 	< 651, 54, 4, 51, 35, 131, 9, 650 >,
 	< 652, 54, 9, 37, 0, 113, 4, 651 >,
 	< 653, 54, 7, 91, 69, 147, 2, 652 >,
 	< 654, 54, 8, 56, 0, 176, 3, 653 >,
 	< 655, 54, 5, 0, 62, 187, 6, 654 >,
 	< 656, 54, 6, 0, 0, 160, 0, 655 >,
 	< 657, 54, 7, 81, 0, 110, 1, 656 >,
 	< 658, 54, 5, 0, 90, 112, 7, 657 >,
 	< 659, 54, 6, 34, 0, 171, 5, 658 >,
 	// order 55
 	< 660, 55, 5, 43, 69, 104, 8, -1 >,
 	< 661, 55, 3, 54, 65, 117, 9, 660 >,
 	< 662, 55, 2, 61, 0, 158, 4, 661 >,
 	< 663, 55, 10, 67, 31, 179, 2, 662 >,
 	< 664, 55, 4, 0, 0, 192, 3, 663 >,
 	< 665, 55, 8, 0, 88, 134, 6, 664 >,
 	< 666, 55, 8, 0, 0, 194, 0, 665 >,
 	< 667, 55, 4, 73, 58, 121, 1, 666 >,
 	< 668, 55, 4, 0, 52, 191, 7, 667 >,
 	< 669, 55, 2, 0, 31, 100, 5, 668 >,
 	< 670, 55, 6, 92, 0, 115, 8, 669 >,
 	< 671, 55, 8, 0, 0, 113, 9, 670 >,
 	// order 56
 	< 672, 56, 5, 0, 87, 115, 4, -1 >,
 	< 673, 56, 5, 0, 66, 199, 2, 672 >,
 	< 674, 56, 9, 0, 39, 161, 3, 673 >,
 	< 675, 56, 7, 0, 84, 147, 6, 674 >,
 	< 676, 56, 8, 0, 0, 164, 0, 675 >,
 	< 677, 56, 9, 89, 0, 164, 1, 676 >,
 	< 678, 56, 8, 51, 0, 142, 7, 677 >,
 	< 679, 56, 10, 78, 62, 187, 5, 678 >,
 	< 680, 56, 8, 93, 44, 169, 8, 679 >,
 	< 681, 56, 6, 49, 87, 100, 9, 680 >,
 	< 682, 56, 7, 57, 0, 195, 4, 681 >,
 	< 683, 56, 1, 53, 93, 194, 2, 682 >,
 	// order 57
 	< 684, 57, 8, 0, 92, 157, 3, -1 >,
 	< 685, 57, 2, 99, 53, 190, 6, 684 >,
 	< 686, 57, 7, 0, 0, 159, 0, 685 >,
 	< 687, 57, 5, 0, 0, 109, 1, 686 >,
 	< 688, 57, 10, 98, 73, 171, 7, 687 >,
 	< 689, 57, 1, 93, 76, 112, 5, 688 >,
 	< 690, 57, 3, 77, 0, 137, 8, 689 >,
 	< 691, 57, 7, 98, 65, 178, 9, 690 >,
 	< 692, 57, 2, 87, 0, 127, 4, 691 >,
 	< 693, 57, 6, 0, 90, 104, 2, 692 >,
 	< 694, 57, 6, 34, 96, 191, 3, 693 >,
 	< 695, 57, 2, 47, 54, 103, 6, 694 >,
 	// order 58
 	< 696, 58, 3, 84, 0, 132, 0, -1 >,
 	< 697, 58, 3, 52, 0, 150, 1, 696 >,
 	< 698, 58, 5, 0, 90, 181, 7, 697 >,
 	< 699, 58, 7, 55, 31, 181, 5, 698 >,
 	< 700, 58, 1, 96, 58, 143, 8, 699 >,
 	< 701, 58, 8, 60, 0, 162, 9, 700 >,
 	< 702, 58, 5, 0, 0, 117, 4, 701 >,
 	< 703, 58, 3, 47, 0, 187, 2, 702 >,
 	< 704, 58, 6, 30, 97, 192, 3, 703 >,
 	< 705, 58, 1, 0, 85, 189, 6, 704 >,
 	< 706, 58, 4, 0, 0, 113, 0, 705 >,
 	< 707, 58, 9, 88, 85, 196, 1, 706 >,
 	// order 59
 	< 708, 59, 7, 40, 76, 177, 7, -1 >,
 	< 709, 59, 5, 56, 37, 140, 5, 708 >,
 	< 710, 59, 2, 0, 0, 176, 8, 709 >,
 	< 711, 59, 5, 64, 0, 169, 9, 710 >,
 	< 712, 59, 2, 63, 0, 112, 4, 711 >,
 	< 713, 59, 9, 0, 0, 144, 2, 712 >,
 	< 714, 59, 10, 0, 0, 191, 3, 713 >,
 	< 715, 59, 9, 90, 51, 115, 6, 714 >,
 	< 716, 59, 7, 0, 0, 184, 0, 715 >,
 	< 717, 59, 8, 41, 85, 111, 1, 716 >,
 	< 718, 59, 5, 0, 0, 143, 7, 717 >,
 	< 719, 59, 3, 47, 68, 154, 5, 718 >,
 	// order 60
 	< 720, 60, 10, 0, 0, 194, 8, -1 >,
 	< 721, 60, 10, 33, 0, 144, 9, 720 >,
 	< 722, 60, 6, 81, 0, 132, 4, 721 >,
 	< 723, 60, 7, 0, 87, 169, 2, 722 >,
 	< 724, 60, 4, 94, 44, 102, 3, 723 >,
 	< 725, 60, 9, 95, 48, 158, 6, 724 >,
 	< 726, 60, 2, 0, 47, 159, 0, 725 >,
 	< 727, 60, 2, 0, 100, 189, 1, 726 >,
 	< 728, 60, 10, 47, 0, 170, 7, 727 >,
 	< 729, 60, 9, 0, 33, 160, 5, 728 >,
 	< 730, 60, 5, 0, 0, 158, 8, 729 >,
 	< 731, 60, 1, 38, 38, 191, 9, 730 >,
 	// order 61
 	< 732, 61, 2, 42, 82, 156, 4, -1 >,
 	< 733, 61, 7, 0, 0, 105, 2, 732 >,
 	< 734, 61, 8, 78, 0, 105, 3, 733 >,
 	< 735, 61, 4, 0, 53, 102, 6, 734 >,
 	< 736, 61, 8, 0, 77, 114, 0, 735 >,
 	< 737, 61, 2, 42, 0, 104, 1, 736 >,
 	< 738, 61, 1, 0, 36, 177, 7, 737 >,
 	< 739, 61, 3, 0, 0, 147, 5, 738 >,
 	< 740, 61, 2, 0, 0, 166, 8, 739 >,
 	< 741, 61, 10, 67, 0, 173, 9, 740 >,
 	< 742, 61, 6, 47, 0, 158, 4, 741 >,
 	< 743, 61, 2, 0, 31, 151, 2, 742 >,
 	// order 62
 	< 744, 62, 8, 71, 0, 186, 3, -1 >,
 	< 745, 62, 1, 0, 0, 115, 6, 744 >,
 	< 746, 62, 6, 84, 0, 199, 0, 745 >,
 	< 747, 62, 6, 0, 81, 151, 1, 746 >,
 	< 748, 62, 6, 74, 47, 167, 7, 747 >,
 	< 749, 62, 7, 95, 77, 196, 5, 748 >,
 	< 750, 62, 9, 0, 66, 191, 8, 749 >,
 	< 751, 62, 6, 42, 100, 134, 9, 750 >,
 	< 752, 62, 4, 32, 69, 126, 4, 751 >,
 	< 753, 62, 7, 0, 0, 141, 2, 752 >,
 	< 754, 62, 5, 0, 42, 171, 3, 753 >,
 	< 755, 62, 4, 46, 0, 109, 6, 754 >,
 	// order 63
 	< 756, 63, 8, 0, 90, 149, 0, -1 >,
 	< 757, 63, 3, 0, 75, 105, 1, 756 >,
 	< 758, 63, 6, 72, 0, 125, 7, 757 >,
 	< 759, 63, 2, 0, 33, 154, 5, 758 >,
 	< 760, 63, 4, 0, 0, 155, 8, 759 >,
 	< 761, 63, 4, 41, 0, 120, 9, 760 >,
 	< 762, 63, 3, 0, 56, 190, 4, 761 >,
 	< 763, 63, 6, 36, 0, 126, 2, 762 >,
 	< 764, 63, 4, 100, 45, 186, 3, 763 >,
 	< 765, 63, 6, 42, 70, 113, 6, 764 >,
 	< 766, 63, 9, 0, 84, 147, 0, 765 >,
 	< 767, 63, 1, 0, 0, 165, 1, 766 >,
 	// order 64
 	< 768, 64, 1, 0, 0, 142, 7, -1 >,
 	< 769, 64, 1, 66, 96, 136, 5, 768 >,
 	< 770, 64, 1, 0, 81, 176, 8, 769 >,
 	< 771, 64, 4, 42, 91, 101, 9, 770 >,
 	< 772, 64, 10, 0, 36, 117, 4, 771 >,
 	< 773, 64, 8, 38, 0, 180, 2, 772 >,
 	< 774, 64, 1, 74, 0, 163, 3, 773 >,
 	< 775, 64, 6, 0, 0, 125, 6, 774 >,
 	< 776, 64, 1, 0, 0, 157, 0, 775 >,
 	< 777, 64, 6, 0, 0, 146, 1, 776 >,
 	< 778, 64, 10, 0, 95, 139, 7, 777 >,
 	< 779, 64, 6, 35, 85, 133, 5, 778 >,
 	// order 65
 	< 780, 65, 9, 89, 89, 156, 8, -1 >,
 	< 781, 65, 1, 0, 0, 145, 9, 780 >,
 	< 782, 65, 2, 45, 61, 185, 4, 781 >,
 	< 783, 65, 9, 88, 0, 199, 2, 782 >,
 	< 784, 65, 10, 0, 78, 118, 3, 783 >,
 	< 785, 65, 9, 38, 43, 188, 6, 784 >,
 	< 786, 65, 8, 0, 0, 140, 0, 785 >,
 	< 787, 65, 2, 57, 0, 148, 1, 786 >,
 	< 788, 65, 9, 0, 0, 182, 7, 787 >,
 	< 789, 65, 7, 95, 83, 173, 5, 788 >,
 	< 790, 65, 4, 78, 0, 190, 8, 789 >,
 	< 791, 65, 6, 0, 76, 168, 9, 790 >,
 	// order 66
 	< 792, 66, 5, 0, 0, 126, 4, -1 >,
 	< 793, 66, 3, 45, 32, 167, 2, 792 >,
 	< 794, 66, 4, 0, 73, 117, 3, 793 >,
 	< 795, 66, 9, 0, 100, 151, 6, 794 >,
 	< 796, 66, 10, 56, 0, 187, 0, 795 >,
 	< 797, 66, 10, 0, 59, 185, 1, 796 >,
 	< 798, 66, 1, 82, 0, 104, 7, 797 >,
 	< 799, 66, 7, 0, 69, 173, 5, 798 >,
 	< 800, 66, 5, 0, 36, 136, 8, 799 >,
 	< 801, 66, 10, 0, 0, 118, 9, 800 >,
 	< 802, 66, 1, 0, 0, 191, 4, 801 >,
 	< 803, 66, 2, 85, 84, 140, 2, 802 >,
 	// order 67
 	< 804, 67, 4, 69, 0, 119, 3, -1 >,
 	< 805, 67, 6, 74, 0, 157, 6, 804 >,
 	< 806, 67, 6, 67, 0, 127, 0, 805 >,
 	< 807, 67, 1, 82, 0, 191, 1, 806 >,
 	< 808, 67, 9, 33, 0, 133, 7, 807 >,
 	< 809, 67, 6, 81, 73, 126, 5, 808 >,
 	< 810, 67, 9, 0, 0, 126, 8, 809 >,
 	< 811, 67, 9, 99, 65, 163, 9, 810 >,
 	< 812, 67, 4, 65, 58, 174, 4, 811 >,
 	< 813, 67, 9, 37, 0, 104, 2, 812 >,
 	< 814, 67, 6, 65, 0, 181, 3, 813 >,
 	< 815, 67, 1, 73, 30, 103, 6, 814 >,
 	// order 68
 	< 816, 68, 9, 0, 52, 117, 0, -1 >,
 	< 817, 68, 1, 0, 0, 173, 1, 816 >,
 	< 818, 68, 1, 49, 42, 155, 7, 817 >,
 	< 819, 68, 9, 89, 0, 108, 5, 818 >,
 	< 820, 68, 5, 45, 0, 150, 8, 819 >,
 	< 821, 68, 9, 35, 33, 110, 9, 820 >,
 	< 822, 68, 8, 52, 43, 197, 4, 821 >,
 	< 823, 68, 1, 83, 0, 198, 2, 822 >,
 	< 824, 68, 3, 0, 71, 197, 3, 823 >,
 	< 825, 68, 3, 0, 0, 199, 6, 824 >,
 	< 826, 68, 8, 95, 47, 108, 0, 825 >,
 	< 827, 68, 4, 53, 0, 131, 1, 826 >,
 	// order 69
 	< 828, 69, 4, 95, 0, 166, 7, -1 >,
 	< 829, 69, 3, 0, 0, 187, 5, 828 >,
 	< 830, 69, 9, 0, 0, 185, 8, 829 >,
 	< 831, 69, 6, 0, 0, 157, 9, 830 >,
 	< 832, 69, 10, 65, 72, 105, 4, 831 >,
 	< 833, 69, 4, 0, 84, 156, 2, 832 >,
 	< 834, 69, 1, 48, 0, 145, 3, 833 >,
 	< 835, 69, 10, 73, 0, 174, 6, 834 >,
 	< 836, 69, 10, 95, 56, 112, 0, 835 >,
 	< 837, 69, 5, 0, 0, 104, 1, 836 >,
 	< 838, 69, 10, 86, 61, 179, 7, 837 >,
 	< 839, 69, 5, 74, 94, 196, 5, 838 >,
 	// order 70
 	< 840, 70, 5, 49, 0, 161, 8, -1 >,
 	< 841, 70, 1, 94, 80, 112, 9, 840 >,
 	< 842, 70, 9, 40, 96, 121, 4, 841 >,
 	< 843, 70, 10, 78, 80, 163, 2, 842 >,
 	< 844, 70, 3, 55, 77, 144, 3, 843 >,
 	< 845, 70, 10, 65, 98, 126, 6, 844 >,
 	< 846, 70, 2, 37, 60, 157, 0, 845 >,
 	< 847, 70, 2, 0, 0, 176, 1, 846 >,
 	< 848, 70, 10, 51, 0, 155, 7, 847 >,
 	< 849, 70, 5, 82, 0, 132, 5, 848 >,
 	< 850, 70, 8, 0, 0, 148, 8, 849 >,
 	< 851, 70, 3, 0, 0, 148, 9, 850 >,
 	// order 71
 	< 852, 71, 9, 73, 0, 102, 4, -1 >,
 	< 853, 71, 9, 0, 0, 111, 2, 852 >,
 	< 854, 71, 5, 0, 0, 147, 3, 853 >,
 	< 855, 71, 6, 0, 0, 183, 6, 854 >,
 	< 856, 71, 5, 0, 0, 189, 0, 855 >,
 	< 857, 71, 5, 0, 72, 165, 1, 856 >,
 	< 858, 71, 6, 70, 48, 116, 7, 857 >,
 	< 859, 71, 4, 53, 40, 197, 5, 858 >,
 	< 860, 71, 9, 0, 45, 138, 8, 859 >,
 	< 861, 71, 3, 0, 0, 186, 9, 860 >,
 	< 862, 71, 3, 72, 86, 179, 4, 861 >,
 	< 863, 71, 8, 58, 0, 186, 2, 862 >,
 	// order 72
 	< 864, 72, 5, 0, 0, 155, 3, -1 >,
 	< 865, 72, 8, 0, 0, 125, 6, 864 >,
 	< 866, 72, 8, 42, 52, 187, 0, 865 >,
 	< 867, 72, 6, 0, 77, 109, 1, 866 >,
 	< 868, 72, 1, 0, 0, 180, 7, 867 >,
 	< 869, 72, 3, 0, 99, 147, 5, 868 >,
 	< 870, 72, 4, 36, 36, 128, 8, 869 >,
 	< 871, 72, 6, 0, 0, 117, 9, 870 >,
 	< 872, 72, 5, 36, 0, 138, 4, 871 >,
 	< 873, 72, 1, 0, 49, 178, 2, 872 >,
 	< 874, 72, 3, 98, 52, 136, 3, 873 >,
 	< 875, 72, 5, 71, 0, 139, 6, 874 >,
 	// order 73
 	< 876, 73, 8, 79, 32, 170, 0, -1 >,
 	< 877, 73, 3, 32, 0, 109, 1, 876 >,
 	< 878, 73, 1, 44, 0, 196, 7, 877 >,
 	< 879, 73, 4, 0, 44, 129, 5, 878 >,
 	< 880, 73, 7, 0, 0, 166, 8, 879 >,
 	< 881, 73, 8, 0, 82, 186, 9, 880 >,
 	< 882, 73, 7, 96, 77, 137, 4, 881 >,
 	< 883, 73, 4, 0, 0, 137, 2, 882 >,
 	< 884, 73, 9, 0, 0, 147, 3, 883 >,
 	< 885, 73, 2, 58, 37, 141, 6, 884 >,
 	< 886, 73, 1, 90, 37, 110, 0, 885 >,
 	< 887, 73, 4, 0, 0, 131, 1, 886 >,
 	// order 74
 	< 888, 74, 6, 34, 0, 166, 7, -1 >,
 	< 889, 74, 2, 0, 67, 183, 5, 888 >,
 	< 890, 74, 6, 0, 55, 137, 8, 889 >,
 	< 891, 74, 3, 0, 40, 198, 9, 890 >,
 	< 892, 74, 4, 0, 53, 178, 4, 891 >,
 	< 893, 74, 9, 0, 0, 168, 2, 892 >,
 	< 894, 74, 6, 0, 99, 104, 3, 893 >,
 	< 895, 74, 9, 0, 0, 106, 6, 894 >,
 	< 896, 74, 9, 71, 43, 128, 0, 895 >,
 	< 897, 74, 9, 31, 0, 153, 1, 896 >,
 	< 898, 74, 9, 72, 0, 124, 7, 897 >,
 	< 899, 74, 10, 0, 0, 174, 5, 898 >,
 	// order 75
 	< 900, 75, 5, 39, 0, 111, 8, -1 >,
 	< 901, 75, 10, 72, 0, 172, 9, 900 >,
 	< 902, 75, 6, 0, 0, 138, 4, 901 >,
 	< 903, 75, 10, 0, 0, 171, 2, 902 >,
 	< 904, 75, 3, 0, 0, 186, 3, 903 >,
 	< 905, 75, 9, 65, 95, 145, 6, 904 >,
 	< 906, 75, 7, 34, 37, 126, 0, 905 >,
 	< 907, 75, 7, 0, 66, 150, 1, 906 >,
 	< 908, 75, 3, 48, 51, 199, 7, 907 >,
 	< 909, 75, 4, 49, 35, 186, 5, 908 >,
 	< 910, 75, 3, 92, 0, 154, 8, 909 >,
 	< 911, 75, 10, 70, 0, 104, 9, 910 >,
 	// order 76
 	< 912, 76, 4, 61, 83, 106, 4, -1 >,
 	< 913, 76, 10, 92, 0, 188, 2, 912 >,
 	< 914, 76, 3, 0, 45, 112, 3, 913 >,
 	< 915, 76, 6, 39, 0, 165, 6, 914 >,
 	< 916, 76, 8, 92, 96, 122, 0, 915 >,
 	< 917, 76, 10, 0, 0, 123, 1, 916 >,
 	< 918, 76, 10, 0, 0, 118, 7, 917 >,
 	< 919, 76, 4, 0, 46, 130, 5, 918 >,
 	< 920, 76, 8, 88, 99, 106, 8, 919 >,
 	< 921, 76, 9, 0, 0, 142, 9, 920 >,
 	< 922, 76, 4, 61, 0, 139, 4, 921 >,
 	< 923, 76, 6, 0, 92, 182, 2, 922 >,
 	// order 77
 	< 924, 77, 9, 72, 42, 194, 3, -1 >,
 	< 925, 77, 1, 67, 89, 192, 6, 924 >,
 	< 926, 77, 4, 58, 0, 193, 0, 925 >,
 	< 927, 77, 10, 80, 0, 106, 1, 926 >,
 	< 928, 77, 10, 80, 0, 150, 7, 927 >,
 	< 929, 77, 10, 74, 80, 176, 5, 928 >,
 	< 930, 77, 5, 0, 96, 104, 8, 929 >,
 	< 931, 77, 5, 0, 0, 100, 9, 930 >,
 	< 932, 77, 7, 0, 63, 166, 4, 931 >,
 	< 933, 77, 7, 50, 58, 167, 2, 932 >,
 	< 934, 77, 2, 85, 0, 191, 3, 933 >,
 	< 935, 77, 1, 60, 0, 100, 6, 934 >,
 	// order 78
 	< 936, 78, 10, 38, 0, 193, 0, -1 >,
 	< 937, 78, 4, 41, 62, 187, 1, 936 >,
 	< 938, 78, 7, 0, 0, 178, 7, 937 >,
 	< 939, 78, 2, 0, 93, 116, 5, 938 >,
 	< 940, 78, 6, 72, 0, 159, 8, 939 >,
 	< 941, 78, 8, 82, 0, 198, 9, 940 >,
 	< 942, 78, 6, 96, 80, 126, 4, 941 >,
 	< 943, 78, 5, 0, 45, 115, 2, 942 >,
 	< 944, 78, 2, 97, 62, 159, 3, 943 >,
 	< 945, 78, 4, 0, 88, 136, 6, 944 >,
 	< 946, 78, 6, 64, 51, 106, 0, 945 >,
 	< 947, 78, 6, 0, 94, 113, 1, 946 >,
 	// order 79
 	< 948, 79, 10, 48, 38, 173, 7, -1 >,
 	< 949, 79, 6, 95, 77, 101, 5, 948 >,
 	< 950, 79, 4, 0, 47, 112, 8, 949 >,
 	< 951, 79, 2, 0, 0, 122, 9, 950 >,
 	< 952, 79, 2, 0, 0, 102, 4, 951 >,
 	< 953, 79, 6, 98, 0, 174, 2, 952 >,
 	< 954, 79, 6, 47, 89, 102, 3, 953 >,
 	< 955, 79, 6, 63, 82, 118, 6, 954 >,
 	< 956, 79, 10, 91, 37, 169, 0, 955 >,
 	< 957, 79, 7, 61, 0, 138, 1, 956 >,
 	< 958, 79, 5, 84, 43, 174, 7, 957 >,
 	< 959, 79, 7, 68, 0, 118, 5, 958 >,
 	// order 80
 	< 960, 80, 4, 0, 57, 139, 8, -1 >,
 	< 961, 80, 7, 60, 81, 175, 9, 960 >,
 	< 962, 80, 1, 0, 44, 112, 4, 961 >,
 	< 963, 80, 4, 0, 0, 160, 2, 962 >,
 	< 964, 80, 3, 0, 0, 182, 3, 963 >,
 	< 965, 80, 1, 0, 0, 134, 6, 964 >,
 	< 966, 80, 10, 77, 0, 197, 0, 965 >,
 	< 967, 80, 8, 0, 39, 172, 1, 966 >,
 	< 968, 80, 3, 0, 0, 101, 7, 967 >,
 	< 969, 80, 5, 78, 67, 108, 5, 968 >,
 	< 970, 80, 10, 45, 47, 162, 8, 969 >,
 	< 971, 80, 9, 31, 51, 132, 9, 970 >,
 	// order 81
 	< 972, 81, 4, 0, 0, 179, 4, -1 >,
 	< 973, 81, 1, 35, 65, 150, 2, 972 >,
 	< 974, 81, 10, 86, 0, 148, 3, 973 >,
 	< 975, 81, 3, 64, 0, 123, 6, 974 >,
 	< 976, 81, 6, 0, 0, 136, 0, 975 >,
 	< 977, 81, 7, 97, 0, 183, 1, 976 >,
 	< 978, 81, 3, 42, 0, 198, 7, 977 >,
 	< 979, 81, 7, 70, 72, 113, 5, 978 >,
 	< 980, 81, 8, 71, 0, 161, 8, 979 >,
 	< 981, 81, 6, 0, 39, 161, 9, 980 >,
 	< 982, 81, 10, 88, 0, 177, 4, 981 >,
 	< 983, 81, 2, 0, 0, 114, 2, 982 >,
 	// order 82
 	< 984, 82, 3, 82, 49, 181, 3, -1 >,
 	< 985, 82, 9, 0, 71, 173, 6, 984 >,
 	< 986, 82, 8, 0, 30, 146, 0, 985 >,
 	< 987, 82, 6, 90, 37, 176, 1, 986 >,
 	< 988, 82, 10, 0, 0, 127, 7, 987 >,
 	< 989, 82, 2, 0, 0, 120, 5, 988 >,
 	< 990, 82, 6, 63, 54, 152, 8, 989 >,
 	< 991, 82, 1, 0, 0, 169, 9, 990 >,
 	< 992, 82, 8, 0, 0, 140, 4, 991 >,
 	< 993, 82, 5, 76, 88, 160, 2, 992 >,
 	< 994, 82, 3, 40, 0, 103, 3, 993 >,
 	< 995, 82, 5, 67, 0, 200, 6, 994 >,
 	// order 83
 	< 996, 83, 7, 0, 74, 107, 0, -1 >,
 	< 997, 83, 10, 0, 67, 148, 1, 996 >,
 	< 998, 83, 5, 0, 0, 117, 7, 997 >,
 	< 999, 83, 10, 68, 86, 133, 5, 998 >,
 	< 1000, 83, 7, 0, 83, 199, 8, 999 >,
 	< 1001, 83, 10, 39, 0, 187, 9, 1000 >,
 	< 1002, 83, 9, 88, 0, 102, 4, 1001 >,
 	< 1003, 83, 4, 0, 53, 144, 2, 1002 >,
 	< 1004, 83, 7, 38, 0, 118, 3, 1003 >,
 	< 1005, 83, 10, 0, 57, 120, 6, 1004 >,
 	< 1006, 83, 10, 0, 40, 139, 0, 1005 >,
 	< 1007, 83, 2, 41, 39, 137, 1, 1006 >,
 	// order 84
 	< 1008, 84, 2, 0, 73, 191, 7, -1 >,
 	< 1009, 84, 5, 40, 63, 194, 5, 1008 >,
 	< 1010, 84, 3, 0, 82, 138, 8, 1009 >,
 	< 1011, 84, 2, 31, 74, 174, 9, 1010 >,
 	< 1012, 84, 3, 85, 78, 193, 4, 1011 >,
 	< 1013, 84, 9, 0, 0, 196, 2, 1012 >,
 	< 1014, 84, 2, 0, 71, 145, 3, 1013 >,
 	< 1015, 84, 8, 0, 54, 183, 6, 1014 >,
 	< 1016, 84, 8, 30, 56, 146, 0, 1015 >,
 	< 1017, 84, 7, 83, 74, 150, 1, 1016 >,
 	< 1018, 84, 8, 0, 0, 175, 7, 1017 >,
 	< 1019, 84, 9, 0, 31, 129, 5, 1018 >,
 	// order 85
 	< 1020, 85, 3, 0, 33, 129, 8, -1 >,
 	< 1021, 85, 2, 0, 62, 128, 9, 1020 >,
 	< 1022, 85, 5, 0, 100, 157, 4, 1021 >,
 	< 1023, 85, 10, 59, 0, 127, 2, 1022 >,
 	< 1024, 85, 1, 73, 0, 170, 3, 1023 >,
 	< 1025, 85, 4, 0, 79, 191, 6, 1024 >,
 	< 1026, 85, 2, 52, 64, 144, 0, 1025 >,
 	< 1027, 85, 1, 36, 0, 150, 1, 1026 >,
 	< 1028, 85, 9, 0, 0, 114, 7, 1027 >,
 	< 1029, 85, 3, 57, 0, 185, 5, 1028 >,
 	< 1030, 85, 9, 66, 45, 165, 8, 1029 >,
 	< 1031, 85, 7, 54, 100, 159, 9, 1030 >,
 	// order 86
 	< 1032, 86, 3, 37, 99, 125, 4, -1 >,
 	< 1033, 86, 6, 0, 39, 132, 2, 1032 >,
 	< 1034, 86, 10, 45, 0, 129, 3, 1033 >,
 	< 1035, 86, 2, 0, 0, 177, 6, 1034 >,
 	< 1036, 86, 2, 31, 0, 127, 0, 1035 >,
 	< 1037, 86, 6, 0, 84, 140, 1, 1036 >,
 	< 1038, 86, 5, 0, 0, 192, 7, 1037 >,
 	< 1039, 86, 7, 44, 0, 122, 5, 1038 >,
 	< 1040, 86, 8, 52, 83, 139, 8, 1039 >,
 	< 1041, 86, 6, 30, 0, 138, 9, 1040 >,
 	< 1042, 86, 5, 74, 0, 147, 4, 1041 >,
 	< 1043, 86, 4, 76, 0, 141, 2, 1042 >,
 	// order 87
 	< 1044, 87, 10, 55, 0, 167, 3, -1 >,
 	< 1045, 87, 3, 90, 71, 108, 6, 1044 >,
 	< 1046, 87, 8, 0, 93, 180, 0, 1045 >,
 	< 1047, 87, 9, 0, 0, 168, 1, 1046 >,
 	< 1048, 87, 6, 0, 57, 196, 7, 1047 >,
 	< 1049, 87, 7, 0, 0, 145, 5, 1048 >,
 	< 1050, 87, 3, 0, 33, 181, 8, 1049 >,
 	< 1051, 87, 8, 0, 66, 108, 9, 1050 >,
 	< 1052, 87, 2, 39, 0, 175, 4, 1051 >,
 	< 1053, 87, 3, 71, 54, 167, 2, 1052 >,
 	< 1054, 87, 5, 0, 81, 184, 3, 1053 >,
 	< 1055, 87, 7, 0, 66, 106, 6, 1054 >,
 	// order 88
 	< 1056, 88, 8, 58, 0, 138, 0, -1 >,
 	< 1057, 88, 6, 62, 77, 183, 1, 1056 >,
 	< 1058, 88, 4, 0, 80, 144, 7, 1057 >,
 	< 1059, 88, 9, 37, 0, 102, 5, 1058 >,
 	< 1060, 88, 6, 85, 95, 198, 8, 1059 >,
 	< 1061, 88, 4, 42, 0, 100, 9, 1060 >,
 	< 1062, 88, 1, 0, 0, 143, 4, 1061 >,
 	< 1063, 88, 8, 0, 0, 176, 2, 1062 >,
 	< 1064, 88, 1, 0, 0, 167, 3, 1063 >,
 	< 1065, 88, 9, 0, 0, 168, 6, 1064 >,
 	< 1066, 88, 1, 0, 56, 187, 0, 1065 >,
 	< 1067, 88, 3, 0, 0, 180, 1, 1066 >,
 	// order 89
 	< 1068, 89, 7, 62, 54, 149, 7, -1 >,
 	< 1069, 89, 7, 88, 0, 115, 5, 1068 >,
 	< 1070, 89, 5, 0, 86, 141, 8, 1069 >,
 	< 1071, 89, 4, 0, 59, 106, 9, 1070 >,
 	< 1072, 89, 10, 88, 0, 131, 4, 1071 >,
 	< 1073, 89, 6, 0, 40, 173, 2, 1072 >,
 	< 1074, 89, 10, 0, 37, 156, 3, 1073 >,
 	< 1075, 89, 10, 0, 75, 141, 6, 1074 >,
 	< 1076, 89, 1, 0, 97, 124, 0, 1075 >,
 	< 1077, 89, 8, 94, 66, 108, 1, 1076 >,
 	< 1078, 89, 2, 82, 93, 163, 7, 1077 >,
 	< 1079, 89, 3, 0, 46, 190, 5, 1078 >,
 	// order 90
 	< 1080, 90, 7, 42, 0, 164, 8, -1 >,
 	< 1081, 90, 7, 0, 0, 115, 9, 1080 >,
 	< 1082, 90, 5, 0, 0, 200, 4, 1081 >,
 	< 1083, 90, 10, 91, 0, 157, 2, 1082 >,
 	< 1084, 90, 9, 81, 75, 183, 3, 1083 >,
 	< 1085, 90, 5, 58, 49, 193, 6, 1084 >,
 	< 1086, 90, 7, 42, 0, 134, 0, 1085 >,
 	< 1087, 90, 2, 33, 0, 107, 1, 1086 >,
 	< 1088, 90, 7, 0, 0, 160, 7, 1087 >,
 	< 1089, 90, 9, 82, 100, 177, 5, 1088 >,
 	< 1090, 90, 3, 0, 0, 169, 8, 1089 >,
 	< 1091, 90, 2, 0, 0, 135, 9, 1090 >,
 	// order 91
 	< 1092, 91, 8, 44, 45, 122, 4, -1 >,
 	< 1093, 91, 9, 89, 70, 180, 2, 1092 >,
 	< 1094, 91, 1, 0, 0, 181, 3, 1093 >,
 	< 1095, 91, 9, 0, 0, 104, 6, 1094 >,
 	< 1096, 91, 10, 41, 78, 152, 0, 1095 >,
 	< 1097, 91, 8, 0, 64, 100, 1, 1096 >,
 	< 1098, 91, 3, 0, 0, 133, 7, 1097 >,
 	< 1099, 91, 4, 37, 0, 114, 5, 1098 >,
 	< 1100, 91, 8, 0, 96, 122, 8, 1099 >,
 	< 1101, 91, 2, 44, 0, 122, 9, 1100 >,
 	< 1102, 91, 9, 86, 58, 104, 4, 1101 >,
 	< 1103, 91, 6, 93, 65, 163, 2, 1102 >,
 	// order 92
 	< 1104, 92, 9, 0, 49, 170, 3, -1 >,
 	< 1105, 92, 7, 36, 85, 100, 6, 1104 >,
 	< 1106, 92, 2, 0, 81, 122, 0, 1105 >,
 	< 1107, 92, 4, 0, 66, 118, 1, 1106 >,
 	< 1108, 92, 5, 36, 0, 113, 7, 1107 >,
 	< 1109, 92, 1, 0, 50, 121, 5, 1108 >,
 	< 1110, 92, 6, 39, 0, 161, 8, 1109 >,
 	< 1111, 92, 2, 64, 0, 154, 9, 1110 >,
 	< 1112, 92, 10, 0, 0, 192, 4, 1111 >,
 	< 1113, 92, 7, 86, 0, 136, 2, 1112 >,
 	< 1114, 92, 2, 0, 99, 144, 3, 1113 >,
 	< 1115, 92, 4, 80, 70, 164, 6, 1114 >,
 	// order 93
 	< 1116, 93, 4, 0, 70, 145, 0, -1 >,
 	< 1117, 93, 5, 0, 0, 111, 1, 1116 >,
 	< 1118, 93, 1, 0, 0, 184, 7, 1117 >,
 	< 1119, 93, 10, 0, 0, 165, 5, 1118 >,
 	< 1120, 93, 2, 61, 0, 197, 8, 1119 >,
 	< 1121, 93, 5, 0, 79, 167, 9, 1120 >,
 	< 1122, 93, 7, 0, 59, 118, 4, 1121 >,
 	< 1123, 93, 10, 0, 0, 161, 2, 1122 >,
 	< 1124, 93, 7, 0, 0, 122, 3, 1123 >,
 	< 1125, 93, 6, 45, 0, 174, 6, 1124 >,
 	< 1126, 93, 4, 0, 42, 119, 0, 1125 >,
 	< 1127, 93, 1, 98, 0, 141, 1, 1126 >,
 	// order 94
 	< 1128, 94, 5, 67, 83, 180, 7, -1 >,
 	< 1129, 94, 5, 0, 0, 168, 5, 1128 >,
 	< 1130, 94, 3, 0, 0, 182, 8, 1129 >,
 	< 1131, 94, 7, 43, 72, 189, 9, 1130 >,
 	< 1132, 94, 6, 40, 0, 142, 4, 1131 >,
 	< 1133, 94, 7, 67, 94, 189, 2, 1132 >,
 	< 1134, 94, 3, 98, 80, 110, 3, 1133 >,
 	< 1135, 94, 8, 60, 0, 165, 6, 1134 >,
 	< 1136, 94, 1, 63, 0, 155, 0, 1135 >,
 	< 1137, 94, 2, 76, 88, 136, 1, 1136 >,
 	< 1138, 94, 3, 76, 41, 133, 7, 1137 >,
 	< 1139, 94, 1, 0, 38, 126, 5, 1138 >,
 	// order 95
 	< 1140, 95, 8, 0, 0, 151, 8, -1 >,
 	< 1141, 95, 1, 61, 0, 100, 9, 1140 >,
 	< 1142, 95, 2, 94, 69, 191, 4, 1141 >,
 	< 1143, 95, 2, 0, 0, 101, 2, 1142 >,
 	< 1144, 95, 3, 0, 0, 186, 3, 1143 >,
 	< 1145, 95, 6, 0, 0, 198, 6, 1144 >,
 	< 1146, 95, 10, 0, 50, 119, 0, 1145 >,
 	< 1147, 95, 6, 87, 0, 101, 1, 1146 >,
 	< 1148, 95, 1, 0, 45, 135, 7, 1147 >,
 	< 1149, 95, 9, 0, 0, 194, 5, 1148 >,
 	< 1150, 95, 10, 0, 0, 121, 8, 1149 >,
 	< 1151, 95, 10, 94, 43, 172, 9, 1150 >,
 	// order 96
 	< 1152, 96, 2, 58, 99, 149, 4, -1 >,
 	< 1153, 96, 2, 0, 71, 138, 2, 1152 >,
 	< 1154, 96, 10, 64, 0, 110, 3, 1153 >,
 	< 1155, 96, 4, 0, 0, 172, 6, 1154 >,
 	< 1156, 96, 3, 35, 0, 117, 0, 1155 >,
 	< 1157, 96, 8, 41, 75, 128, 1, 1156 >,
 	< 1158, 96, 7, 35, 0, 126, 7, 1157 >,
 	< 1159, 96, 7, 0, 81, 125, 5, 1158 >,
 	< 1160, 96, 5, 0, 69, 199, 8, 1159 >,
 	< 1161, 96, 5, 38, 49, 144, 9, 1160 >,
 	< 1162, 96, 9, 0, 0, 153, 4, 1161 >,
 	< 1163, 96, 7, 0, 43, 180, 2, 1162 >,
 	// order 97
 	< 1164, 97, 10, 46, 0, 174, 3, -1 >,
 	< 1165, 97, 4, 47, 63, 120, 6, 1164 >,
 	< 1166, 97, 9, 0, 0, 181, 0, 1165 >,
 	< 1167, 97, 4, 0, 43, 136, 1, 1166 >,
 	< 1168, 97, 10, 0, 56, 185, 7, 1167 >,
 	< 1169, 97, 9, 0, 80, 159, 5, 1168 >,
 	< 1170, 97, 5, 0, 0, 194, 8, 1169 >,
 	< 1171, 97, 4, 36, 88, 162, 9, 1170 >,
 	< 1172, 97, 8, 50, 0, 107, 4, 1171 >,
 	< 1173, 97, 6, 100, 42, 148, 2, 1172 >,
 	< 1174, 97, 7, 89, 93, 184, 3, 1173 >,
 	< 1175, 97, 9, 0, 47, 105, 6, 1174 >,
 	// order 98
 	< 1176, 98, 6, 0, 0, 183, 0, -1 >,
 	< 1177, 98, 6, 0, 0, 104, 1, 1176 >,
 	< 1178, 98, 3, 87, 72, 142, 7, 1177 >,
 	< 1179, 98, 8, 0, 0, 129, 5, 1178 >,
 	< 1180, 98, 3, 0, 67, 111, 8, 1179 >,
 	< 1181, 98, 8, 69, 0, 141, 9, 1180 >,
 	< 1182, 98, 10, 0, 0, 190, 4, 1181 >,
 	< 1183, 98, 4, 99, 0, 131, 2, 1182 >,
 	< 1184, 98, 3, 0, 0, 183, 3, 1183 >,
 	< 1185, 98, 7, 91, 31, 123, 6, 1184 >,
 	< 1186, 98, 5, 0, 0, 156, 0, 1185 >,
 	< 1187, 98, 2, 38, 0, 101, 1, 1186 >,
 	// order 99
 	< 1188, 99, 2, 0, 0, 196, 7, -1 >,
 	< 1189, 99, 4, 38, 0, 149, 5, 1188 >,
 	< 1190, 99, 10, 0, 61, 172, 8, 1189 >,
 	< 1191, 99, 2, 0, 0, 113, 9, 1190 >,
 	< 1192, 99, 3, 0, 47, 200, 4, 1191 >,
 	< 1193, 99, 8, 0, 49, 155, 2, 1192 >,
 	< 1194, 99, 7, 48, 0, 160, 3, 1193 >,
 	< 1195, 99, 10, 32, 0, 108, 6, 1194 >,
 	< 1196, 99, 9, 0, 0, 190, 0, 1195 >,
 	< 1197, 99, 4, 87, 0, 100, 1, 1196 >,
 	< 1198, 99, 5, 0, 94, 151, 7, 1197 >,
 	< 1199, 99, 9, 59, 49, 128, 5, 1198 >
 };
