/*********************************************
 * OPL 12.10.0.0 Data
 * Author: Kinast
 * Creation date: Aug 17, 2021 at 11:49:24 AM
 *********************************************/

 nOrders = 100;
 nTasks = 1200;

 nWorkgroups = 10;
 nWorkstations = 30;

 nCobots = 0;
 cobotTimeFactor = 0.7;

 workstations = {
 	< 0, "Workstation 0", 0, 1.03, 0.82, 1, 1 >,
 	< 1, "Workstation 1", 1, 0.91, 1.21, 1, 2 >,
 	< 2, "Workstation 2", 2, 1.13, 1, 1, 1 >,
 	< 3, "Workstation 3", 3, 1.08, 0.85, 1, 1 >,
 	< 4, "Workstation 4", 4, 0.81, 0.92, 1, 5 >,
 	< 5, "Workstation 5", 5, 1.21, 0.83, 1, 2 >,
 	< 6, "Workstation 6", 6, 0.99, 0.8, 1, 1 >,
 	< 7, "Workstation 7", 7, 1.08, 0.97, 1, 1 >,
 	< 8, "Workstation 8", 8, 1.12, 1.16, 1, 1 >,
 	< 9, "Workstation 9", 3, 1.17, 1.09, 1, 5 >,
 	< 10, "Workstation 10", 0, 1.06, 1.14, 1, 1 >,
 	< 11, "Workstation 11", 5, 0.84, 0.77, 1, 4 >,
 	< 12, "Workstation 12", 8, 1.18, 0.86, 1, 3 >,
 	< 13, "Workstation 13", 7, 0.77, 1, 1, 1 >,
 	< 14, "Workstation 14", 0, 0.9, 1.23, 1, 1 >,
 	< 15, "Workstation 15", 9, 0.76, 1.18, 1, 4 >,
 	< 16, "Workstation 16", 1, 0.78, 0.77, 1, 1 >,
 	< 17, "Workstation 17", 4, 0.88, 1.12, 1, 1 >,
 	< 18, "Workstation 18", 9, 1.13, 0.9, 1, 1 >,
 	< 19, "Workstation 19", 9, 1.01, 1.08, 1, 1 >,
 	< 20, "Workstation 20", 5, 1.11, 0.8, 1, 4 >,
 	< 21, "Workstation 21", 6, 0.75, 0.88, 1, 1 >,
 	< 22, "Workstation 22", 3, 1.2, 1.22, 1, 3 >,
 	< 23, "Workstation 23", 4, 1.06, 1.22, 1, 2 >,
 	< 24, "Workstation 24", 2, 1.23, 0.97, 1, 5 >,
 	< 25, "Workstation 25", 7, 1.16, 1.16, 1, 1 >,
 	< 26, "Workstation 26", 1, 1.03, 1.12, 1, 1 >,
 	< 27, "Workstation 27", 8, 0.79, 1.14, 1, 5 >,
 	< 28, "Workstation 28", 2, 0.81, 1.1, 1, 1 >,
 	< 29, "Workstation 29", 6, 1.09, 1.1, 1, 1 >
 };

 tasks = {
 	// order 0
 	< 0, 0, 8, 0, 0, 127, 0, -1 >,
 	< 1, 0, 3, 75, 0, 150, 3, 0 >,
 	< 2, 0, 7, 39, 0, 161, 7, 1 >,
 	< 3, 0, 2, 0, 0, 113, 5, 2 >,
 	< 4, 0, 10, 57, 0, 177, 1, 3 >,
 	< 5, 0, 10, 94, 33, 164, 9, 4 >,
 	< 6, 0, 2, 0, 76, 193, 8, 5 >,
 	< 7, 0, 4, 83, 57, 124, 6, 6 >,
 	< 8, 0, 8, 0, 80, 175, 4, 7 >,
 	< 9, 0, 9, 0, 34, 114, 2, 8 >,
 	< 10, 0, 2, 0, 43, 185, 0, 9 >,
 	< 11, 0, 8, 63, 53, 108, 3, 10 >,
 	// order 1
 	< 12, 1, 6, 53, 0, 199, 7, -1 >,
 	< 13, 1, 5, 0, 0, 112, 5, 12 >,
 	< 14, 1, 7, 82, 34, 136, 1, 13 >,
 	< 15, 1, 4, 0, 0, 180, 9, 14 >,
 	< 16, 1, 6, 0, 65, 104, 8, 15 >,
 	< 17, 1, 3, 0, 0, 107, 6, 16 >,
 	< 18, 1, 7, 0, 0, 192, 4, 17 >,
 	< 19, 1, 1, 0, 0, 138, 2, 18 >,
 	< 20, 1, 3, 0, 58, 124, 0, 19 >,
 	< 21, 1, 6, 66, 0, 136, 3, 20 >,
 	< 22, 1, 3, 0, 0, 139, 7, 21 >,
 	< 23, 1, 7, 0, 87, 104, 5, 22 >,
 	// order 2
 	< 24, 2, 7, 0, 0, 116, 1, -1 >,
 	< 25, 2, 10, 0, 0, 161, 9, 24 >,
 	< 26, 2, 9, 0, 79, 155, 8, 25 >,
 	< 27, 2, 9, 34, 63, 141, 6, 26 >,
 	< 28, 2, 3, 34, 72, 186, 4, 27 >,
 	< 29, 2, 8, 0, 46, 170, 2, 28 >,
 	< 30, 2, 1, 0, 0, 112, 0, 29 >,
 	< 31, 2, 6, 0, 0, 117, 3, 30 >,
 	< 32, 2, 9, 0, 0, 192, 7, 31 >,
 	< 33, 2, 2, 0, 77, 167, 5, 32 >,
 	< 34, 2, 3, 52, 83, 139, 1, 33 >,
 	< 35, 2, 6, 68, 0, 169, 9, 34 >,
 	// order 3
 	< 36, 3, 4, 0, 64, 138, 8, -1 >,
 	< 37, 3, 2, 0, 62, 143, 6, 36 >,
 	< 38, 3, 3, 33, 77, 103, 4, 37 >,
 	< 39, 3, 2, 96, 93, 119, 2, 38 >,
 	< 40, 3, 2, 0, 0, 191, 0, 39 >,
 	< 41, 3, 8, 0, 80, 160, 3, 40 >,
 	< 42, 3, 1, 0, 0, 186, 7, 41 >,
 	< 43, 3, 7, 79, 30, 184, 5, 42 >,
 	< 44, 3, 1, 0, 0, 100, 1, 43 >,
 	< 45, 3, 8, 0, 0, 108, 9, 44 >,
 	< 46, 3, 4, 0, 73, 132, 8, 45 >,
 	< 47, 3, 8, 0, 0, 166, 6, 46 >,
 	// order 4
 	< 48, 4, 5, 0, 0, 103, 4, -1 >,
 	< 49, 4, 9, 89, 0, 165, 2, 48 >,
 	< 50, 4, 8, 32, 0, 141, 0, 49 >,
 	< 51, 4, 1, 30, 100, 189, 3, 50 >,
 	< 52, 4, 1, 0, 61, 120, 7, 51 >,
 	< 53, 4, 4, 0, 61, 177, 5, 52 >,
 	< 54, 4, 6, 72, 0, 129, 1, 53 >,
 	< 55, 4, 1, 86, 0, 147, 9, 54 >,
 	< 56, 4, 5, 38, 77, 105, 8, 55 >,
 	< 57, 4, 10, 0, 78, 132, 6, 56 >,
 	< 58, 4, 10, 0, 0, 161, 4, 57 >,
 	< 59, 4, 1, 92, 66, 145, 2, 58 >,
 	// order 5
 	< 60, 5, 2, 92, 0, 195, 0, -1 >,
 	< 61, 5, 5, 0, 0, 100, 3, 60 >,
 	< 62, 5, 3, 0, 67, 148, 7, 61 >,
 	< 63, 5, 3, 0, 0, 178, 5, 62 >,
 	< 64, 5, 2, 0, 0, 181, 1, 63 >,
 	< 65, 5, 8, 0, 74, 144, 9, 64 >,
 	< 66, 5, 5, 0, 0, 180, 8, 65 >,
 	< 67, 5, 10, 30, 0, 101, 6, 66 >,
 	< 68, 5, 3, 0, 74, 165, 4, 67 >,
 	< 69, 5, 9, 60, 0, 134, 2, 68 >,
 	< 70, 5, 7, 54, 82, 111, 0, 69 >,
 	< 71, 5, 7, 0, 0, 136, 3, 70 >,
 	// order 6
 	< 72, 6, 1, 0, 52, 199, 7, -1 >,
 	< 73, 6, 10, 85, 0, 123, 5, 72 >,
 	< 74, 6, 10, 47, 0, 194, 1, 73 >,
 	< 75, 6, 8, 0, 81, 138, 9, 74 >,
 	< 76, 6, 10, 0, 0, 121, 8, 75 >,
 	< 77, 6, 1, 33, 0, 149, 6, 76 >,
 	< 78, 6, 7, 0, 89, 188, 4, 77 >,
 	< 79, 6, 1, 81, 0, 163, 2, 78 >,
 	< 80, 6, 8, 35, 92, 137, 0, 79 >,
 	< 81, 6, 1, 0, 0, 198, 3, 80 >,
 	< 82, 6, 1, 0, 0, 140, 7, 81 >,
 	< 83, 6, 8, 0, 36, 141, 5, 82 >,
 	// order 7
 	< 84, 7, 4, 0, 76, 129, 1, -1 >,
 	< 85, 7, 8, 61, 55, 124, 9, 84 >,
 	< 86, 7, 2, 0, 93, 101, 8, 85 >,
 	< 87, 7, 5, 55, 0, 185, 6, 86 >,
 	< 88, 7, 10, 0, 50, 149, 4, 87 >,
 	< 89, 7, 7, 0, 0, 103, 2, 88 >,
 	< 90, 7, 5, 0, 52, 109, 0, 89 >,
 	< 91, 7, 5, 51, 44, 194, 3, 90 >,
 	< 92, 7, 10, 0, 0, 186, 7, 91 >,
 	< 93, 7, 9, 58, 0, 139, 5, 92 >,
 	< 94, 7, 4, 51, 70, 138, 1, 93 >,
 	< 95, 7, 9, 55, 40, 184, 9, 94 >,
 	// order 8
 	< 96, 8, 4, 93, 56, 171, 8, -1 >,
 	< 97, 8, 6, 0, 0, 112, 6, 96 >,
 	< 98, 8, 1, 0, 94, 150, 4, 97 >,
 	< 99, 8, 3, 0, 0, 150, 2, 98 >,
 	< 100, 8, 3, 82, 95, 104, 0, 99 >,
 	< 101, 8, 2, 80, 94, 194, 3, 100 >,
 	< 102, 8, 10, 0, 0, 161, 7, 101 >,
 	< 103, 8, 8, 0, 65, 128, 5, 102 >,
 	< 104, 8, 9, 44, 0, 146, 1, 103 >,
 	< 105, 8, 2, 0, 92, 164, 9, 104 >,
 	< 106, 8, 9, 51, 100, 159, 8, 105 >,
 	< 107, 8, 10, 91, 0, 197, 6, 106 >,
 	// order 9
 	< 108, 9, 9, 49, 0, 109, 4, -1 >,
 	< 109, 9, 1, 0, 0, 172, 2, 108 >,
 	< 110, 9, 1, 0, 45, 137, 0, 109 >,
 	< 111, 9, 1, 58, 0, 190, 3, 110 >,
 	< 112, 9, 10, 0, 92, 106, 7, 111 >,
 	< 113, 9, 1, 40, 0, 102, 5, 112 >,
 	< 114, 9, 9, 0, 0, 122, 1, 113 >,
 	< 115, 9, 4, 0, 95, 107, 9, 114 >,
 	< 116, 9, 4, 0, 54, 117, 8, 115 >,
 	< 117, 9, 6, 30, 0, 155, 6, 116 >,
 	< 118, 9, 10, 0, 66, 197, 4, 117 >,
 	< 119, 9, 3, 31, 0, 121, 2, 118 >,
 	// order 10
 	< 120, 10, 2, 0, 51, 128, 0, -1 >,
 	< 121, 10, 10, 33, 93, 137, 3, 120 >,
 	< 122, 10, 3, 53, 0, 185, 7, 121 >,
 	< 123, 10, 3, 76, 0, 137, 5, 122 >,
 	< 124, 10, 10, 72, 0, 197, 1, 123 >,
 	< 125, 10, 3, 39, 61, 198, 9, 124 >,
 	< 126, 10, 8, 93, 37, 139, 8, 125 >,
 	< 127, 10, 1, 0, 76, 129, 6, 126 >,
 	< 128, 10, 2, 0, 62, 125, 4, 127 >,
 	< 129, 10, 5, 0, 0, 114, 2, 128 >,
 	< 130, 10, 4, 89, 0, 181, 0, 129 >,
 	< 131, 10, 4, 0, 0, 169, 3, 130 >,
 	// order 11
 	< 132, 11, 3, 84, 0, 140, 7, -1 >,
 	< 133, 11, 5, 61, 0, 174, 5, 132 >,
 	< 134, 11, 9, 57, 80, 171, 1, 133 >,
 	< 135, 11, 5, 0, 0, 151, 9, 134 >,
 	< 136, 11, 10, 0, 0, 193, 8, 135 >,
 	< 137, 11, 3, 30, 80, 116, 6, 136 >,
 	< 138, 11, 8, 0, 70, 145, 4, 137 >,
 	< 139, 11, 8, 82, 44, 157, 2, 138 >,
 	< 140, 11, 9, 0, 0, 113, 0, 139 >,
 	< 141, 11, 5, 35, 0, 148, 3, 140 >,
 	< 142, 11, 4, 75, 81, 194, 7, 141 >,
 	< 143, 11, 9, 41, 64, 101, 5, 142 >,
 	// order 12
 	< 144, 12, 8, 98, 95, 183, 1, -1 >,
 	< 145, 12, 3, 42, 76, 127, 9, 144 >,
 	< 146, 12, 10, 0, 75, 180, 8, 145 >,
 	< 147, 12, 9, 95, 46, 177, 6, 146 >,
 	< 148, 12, 9, 95, 66, 186, 4, 147 >,
 	< 149, 12, 7, 99, 68, 108, 2, 148 >,
 	< 150, 12, 4, 0, 68, 115, 0, 149 >,
 	< 151, 12, 9, 0, 0, 173, 3, 150 >,
 	< 152, 12, 3, 0, 70, 197, 7, 151 >,
 	< 153, 12, 3, 0, 0, 117, 5, 152 >,
 	< 154, 12, 6, 0, 43, 111, 1, 153 >,
 	< 155, 12, 10, 99, 38, 150, 9, 154 >,
 	// order 13
 	< 156, 13, 1, 68, 0, 106, 8, -1 >,
 	< 157, 13, 7, 0, 0, 127, 6, 156 >,
 	< 158, 13, 5, 0, 95, 104, 4, 157 >,
 	< 159, 13, 7, 0, 0, 127, 2, 158 >,
 	< 160, 13, 6, 74, 0, 181, 0, 159 >,
 	< 161, 13, 2, 0, 39, 130, 3, 160 >,
 	< 162, 13, 6, 42, 0, 103, 7, 161 >,
 	< 163, 13, 9, 71, 63, 150, 5, 162 >,
 	< 164, 13, 4, 0, 34, 171, 1, 163 >,
 	< 165, 13, 5, 70, 0, 151, 9, 164 >,
 	< 166, 13, 8, 80, 0, 152, 8, 165 >,
 	< 167, 13, 9, 91, 0, 112, 6, 166 >,
 	// order 14
 	< 168, 14, 5, 96, 81, 129, 4, -1 >,
 	< 169, 14, 10, 38, 0, 102, 2, 168 >,
 	< 170, 14, 5, 84, 0, 158, 0, 169 >,
 	< 171, 14, 9, 0, 0, 170, 3, 170 >,
 	< 172, 14, 6, 0, 86, 178, 7, 171 >,
 	< 173, 14, 7, 0, 66, 194, 5, 172 >,
 	< 174, 14, 8, 62, 0, 101, 1, 173 >,
 	< 175, 14, 9, 0, 0, 133, 9, 174 >,
 	< 176, 14, 5, 38, 0, 174, 8, 175 >,
 	< 177, 14, 5, 0, 0, 195, 6, 176 >,
 	< 178, 14, 10, 30, 84, 168, 4, 177 >,
 	< 179, 14, 6, 0, 40, 198, 2, 178 >,
 	// order 15
 	< 180, 15, 2, 98, 0, 119, 0, -1 >,
 	< 181, 15, 7, 0, 46, 175, 3, 180 >,
 	< 182, 15, 5, 0, 89, 169, 7, 181 >,
 	< 183, 15, 2, 0, 46, 130, 5, 182 >,
 	< 184, 15, 5, 0, 32, 157, 1, 183 >,
 	< 185, 15, 10, 0, 85, 183, 9, 184 >,
 	< 186, 15, 6, 0, 33, 121, 8, 185 >,
 	< 187, 15, 6, 34, 0, 110, 6, 186 >,
 	< 188, 15, 2, 0, 0, 119, 4, 187 >,
 	< 189, 15, 6, 0, 0, 183, 2, 188 >,
 	< 190, 15, 1, 32, 51, 184, 0, 189 >,
 	< 191, 15, 6, 53, 63, 126, 3, 190 >,
 	// order 16
 	< 192, 16, 6, 0, 0, 140, 7, -1 >,
 	< 193, 16, 3, 0, 86, 163, 5, 192 >,
 	< 194, 16, 2, 59, 0, 113, 1, 193 >,
 	< 195, 16, 2, 0, 0, 132, 9, 194 >,
 	< 196, 16, 6, 0, 49, 187, 8, 195 >,
 	< 197, 16, 3, 74, 37, 153, 6, 196 >,
 	< 198, 16, 4, 0, 71, 100, 4, 197 >,
 	< 199, 16, 6, 42, 99, 135, 2, 198 >,
 	< 200, 16, 10, 0, 0, 197, 0, 199 >,
 	< 201, 16, 10, 73, 0, 172, 3, 200 >,
 	< 202, 16, 5, 30, 0, 135, 7, 201 >,
 	< 203, 16, 5, 0, 95, 161, 5, 202 >,
 	// order 17
 	< 204, 17, 6, 0, 0, 127, 1, -1 >,
 	< 205, 17, 3, 98, 51, 155, 9, 204 >,
 	< 206, 17, 4, 57, 0, 118, 8, 205 >,
 	< 207, 17, 3, 0, 0, 191, 6, 206 >,
 	< 208, 17, 4, 0, 0, 181, 4, 207 >,
 	< 209, 17, 4, 0, 47, 124, 2, 208 >,
 	< 210, 17, 3, 53, 0, 125, 0, 209 >,
 	< 211, 17, 2, 0, 0, 148, 3, 210 >,
 	< 212, 17, 1, 36, 86, 131, 7, 211 >,
 	< 213, 17, 7, 0, 0, 137, 5, 212 >,
 	< 214, 17, 7, 0, 0, 110, 1, 213 >,
 	< 215, 17, 2, 70, 0, 156, 9, 214 >,
 	// order 18
 	< 216, 18, 4, 0, 0, 172, 8, -1 >,
 	< 217, 18, 7, 71, 45, 100, 6, 216 >,
 	< 218, 18, 7, 0, 31, 174, 4, 217 >,
 	< 219, 18, 3, 0, 57, 137, 2, 218 >,
 	< 220, 18, 8, 0, 73, 120, 0, 219 >,
 	< 221, 18, 6, 0, 0, 140, 3, 220 >,
 	< 222, 18, 2, 78, 90, 178, 7, 221 >,
 	< 223, 18, 5, 42, 0, 124, 5, 222 >,
 	< 224, 18, 3, 57, 0, 182, 1, 223 >,
 	< 225, 18, 1, 43, 0, 181, 9, 224 >,
 	< 226, 18, 1, 42, 0, 185, 8, 225 >,
 	< 227, 18, 2, 0, 66, 105, 6, 226 >,
 	// order 19
 	< 228, 19, 7, 0, 0, 107, 4, -1 >,
 	< 229, 19, 3, 72, 0, 125, 2, 228 >,
 	< 230, 19, 3, 0, 55, 115, 0, 229 >,
 	< 231, 19, 2, 0, 72, 180, 3, 230 >,
 	< 232, 19, 2, 89, 71, 114, 7, 231 >,
 	< 233, 19, 10, 72, 71, 139, 5, 232 >,
 	< 234, 19, 4, 58, 80, 112, 1, 233 >,
 	< 235, 19, 4, 0, 65, 165, 9, 234 >,
 	< 236, 19, 10, 0, 0, 100, 8, 235 >,
 	< 237, 19, 5, 0, 76, 139, 6, 236 >,
 	< 238, 19, 5, 59, 0, 185, 4, 237 >,
 	< 239, 19, 9, 96, 0, 148, 2, 238 >,
 	// order 20
 	< 240, 20, 1, 0, 93, 196, 0, -1 >,
 	< 241, 20, 4, 72, 0, 106, 3, 240 >,
 	< 242, 20, 5, 0, 72, 120, 7, 241 >,
 	< 243, 20, 9, 39, 0, 149, 5, 242 >,
 	< 244, 20, 5, 54, 0, 195, 1, 243 >,
 	< 245, 20, 7, 0, 0, 170, 9, 244 >,
 	< 246, 20, 10, 0, 0, 173, 8, 245 >,
 	< 247, 20, 4, 0, 49, 121, 6, 246 >,
 	< 248, 20, 5, 63, 0, 148, 4, 247 >,
 	< 249, 20, 6, 97, 87, 100, 2, 248 >,
 	< 250, 20, 10, 0, 86, 190, 0, 249 >,
 	< 251, 20, 1, 0, 63, 196, 3, 250 >,
 	// order 21
 	< 252, 21, 4, 0, 93, 153, 7, -1 >,
 	< 253, 21, 8, 0, 74, 110, 5, 252 >,
 	< 254, 21, 7, 55, 62, 101, 1, 253 >,
 	< 255, 21, 1, 0, 51, 199, 9, 254 >,
 	< 256, 21, 9, 0, 0, 175, 8, 255 >,
 	< 257, 21, 7, 71, 54, 117, 6, 256 >,
 	< 258, 21, 9, 48, 0, 160, 4, 257 >,
 	< 259, 21, 8, 97, 85, 119, 2, 258 >,
 	< 260, 21, 2, 55, 0, 187, 0, 259 >,
 	< 261, 21, 1, 0, 97, 113, 3, 260 >,
 	< 262, 21, 10, 0, 59, 163, 7, 261 >,
 	< 263, 21, 6, 0, 38, 153, 5, 262 >,
 	// order 22
 	< 264, 22, 10, 0, 88, 182, 1, -1 >,
 	< 265, 22, 2, 0, 51, 152, 9, 264 >,
 	< 266, 22, 3, 66, 83, 175, 8, 265 >,
 	< 267, 22, 9, 0, 71, 123, 6, 266 >,
 	< 268, 22, 10, 0, 0, 182, 4, 267 >,
 	< 269, 22, 7, 0, 99, 113, 2, 268 >,
 	< 270, 22, 4, 0, 48, 125, 0, 269 >,
 	< 271, 22, 9, 68, 83, 161, 3, 270 >,
 	< 272, 22, 5, 60, 36, 166, 7, 271 >,
 	< 273, 22, 2, 92, 81, 101, 5, 272 >,
 	< 274, 22, 6, 0, 93, 190, 1, 273 >,
 	< 275, 22, 1, 0, 77, 188, 9, 274 >,
 	// order 23
 	< 276, 23, 2, 0, 0, 119, 8, -1 >,
 	< 277, 23, 3, 93, 50, 191, 6, 276 >,
 	< 278, 23, 1, 82, 0, 197, 4, 277 >,
 	< 279, 23, 2, 98, 0, 110, 2, 278 >,
 	< 280, 23, 1, 0, 37, 119, 0, 279 >,
 	< 281, 23, 10, 0, 91, 153, 3, 280 >,
 	< 282, 23, 4, 96, 58, 130, 7, 281 >,
 	< 283, 23, 8, 58, 85, 190, 5, 282 >,
 	< 284, 23, 5, 97, 68, 161, 1, 283 >,
 	< 285, 23, 10, 49, 0, 167, 9, 284 >,
 	< 286, 23, 6, 86, 0, 103, 8, 285 >,
 	< 287, 23, 10, 0, 0, 194, 6, 286 >,
 	// order 24
 	< 288, 24, 2, 71, 0, 104, 4, -1 >,
 	< 289, 24, 2, 76, 0, 184, 2, 288 >,
 	< 290, 24, 6, 52, 0, 191, 0, 289 >,
 	< 291, 24, 9, 0, 59, 165, 3, 290 >,
 	< 292, 24, 1, 0, 0, 110, 7, 291 >,
 	< 293, 24, 3, 0, 72, 184, 5, 292 >,
 	< 294, 24, 8, 37, 0, 185, 1, 293 >,
 	< 295, 24, 8, 46, 65, 141, 9, 294 >,
 	< 296, 24, 7, 0, 0, 143, 8, 295 >,
 	< 297, 24, 7, 0, 0, 160, 6, 296 >,
 	< 298, 24, 9, 92, 0, 189, 4, 297 >,
 	< 299, 24, 7, 100, 0, 148, 2, 298 >,
 	// order 25
 	< 300, 25, 9, 52, 0, 182, 0, -1 >,
 	< 301, 25, 7, 62, 0, 148, 3, 300 >,
 	< 302, 25, 5, 0, 52, 114, 7, 301 >,
 	< 303, 25, 10, 0, 86, 183, 5, 302 >,
 	< 304, 25, 5, 0, 0, 122, 1, 303 >,
 	< 305, 25, 8, 0, 68, 122, 9, 304 >,
 	< 306, 25, 7, 86, 0, 175, 8, 305 >,
 	< 307, 25, 1, 36, 0, 145, 6, 306 >,
 	< 308, 25, 7, 0, 0, 196, 4, 307 >,
 	< 309, 25, 8, 0, 31, 156, 2, 308 >,
 	< 310, 25, 3, 74, 0, 120, 0, 309 >,
 	< 311, 25, 7, 0, 67, 109, 3, 310 >,
 	// order 26
 	< 312, 26, 7, 89, 0, 123, 7, -1 >,
 	< 313, 26, 6, 74, 91, 131, 5, 312 >,
 	< 314, 26, 4, 82, 0, 114, 1, 313 >,
 	< 315, 26, 4, 0, 0, 137, 9, 314 >,
 	< 316, 26, 1, 0, 0, 129, 8, 315 >,
 	< 317, 26, 4, 0, 0, 182, 6, 316 >,
 	< 318, 26, 6, 80, 0, 130, 4, 317 >,
 	< 319, 26, 1, 89, 36, 197, 2, 318 >,
 	< 320, 26, 5, 0, 81, 115, 0, 319 >,
 	< 321, 26, 3, 100, 88, 106, 3, 320 >,
 	< 322, 26, 4, 66, 0, 105, 7, 321 >,
 	< 323, 26, 7, 0, 35, 190, 5, 322 >,
 	// order 27
 	< 324, 27, 5, 32, 0, 114, 1, -1 >,
 	< 325, 27, 10, 0, 38, 148, 9, 324 >,
 	< 326, 27, 4, 0, 0, 173, 8, 325 >,
 	< 327, 27, 2, 0, 0, 103, 6, 326 >,
 	< 328, 27, 1, 0, 0, 115, 4, 327 >,
 	< 329, 27, 10, 43, 87, 114, 2, 328 >,
 	< 330, 27, 10, 59, 0, 100, 0, 329 >,
 	< 331, 27, 1, 0, 67, 128, 3, 330 >,
 	< 332, 27, 1, 0, 36, 178, 7, 331 >,
 	< 333, 27, 4, 36, 0, 179, 5, 332 >,
 	< 334, 27, 1, 57, 0, 151, 1, 333 >,
 	< 335, 27, 7, 50, 66, 124, 9, 334 >,
 	// order 28
 	< 336, 28, 3, 0, 97, 117, 8, -1 >,
 	< 337, 28, 1, 0, 0, 122, 6, 336 >,
 	< 338, 28, 8, 97, 31, 179, 4, 337 >,
 	< 339, 28, 6, 0, 0, 166, 2, 338 >,
 	< 340, 28, 8, 0, 0, 102, 0, 339 >,
 	< 341, 28, 2, 0, 32, 175, 3, 340 >,
 	< 342, 28, 4, 80, 31, 104, 7, 341 >,
 	< 343, 28, 9, 0, 0, 113, 5, 342 >,
 	< 344, 28, 6, 0, 90, 128, 1, 343 >,
 	< 345, 28, 1, 0, 58, 136, 9, 344 >,
 	< 346, 28, 8, 0, 0, 192, 8, 345 >,
 	< 347, 28, 1, 39, 40, 174, 6, 346 >,
 	// order 29
 	< 348, 29, 6, 31, 0, 189, 4, -1 >,
 	< 349, 29, 8, 0, 96, 195, 2, 348 >,
 	< 350, 29, 3, 62, 0, 178, 0, 349 >,
 	< 351, 29, 4, 0, 0, 115, 3, 350 >,
 	< 352, 29, 10, 82, 0, 167, 7, 351 >,
 	< 353, 29, 1, 0, 0, 180, 5, 352 >,
 	< 354, 29, 8, 0, 32, 194, 1, 353 >,
 	< 355, 29, 4, 99, 0, 133, 9, 354 >,
 	< 356, 29, 10, 33, 79, 146, 8, 355 >,
 	< 357, 29, 2, 0, 41, 113, 6, 356 >,
 	< 358, 29, 7, 92, 43, 104, 4, 357 >,
 	< 359, 29, 9, 0, 0, 130, 2, 358 >,
 	// order 30
 	< 360, 30, 7, 0, 0, 103, 0, -1 >,
 	< 361, 30, 7, 0, 0, 177, 3, 360 >,
 	< 362, 30, 2, 86, 0, 180, 7, 361 >,
 	< 363, 30, 3, 95, 0, 104, 5, 362 >,
 	< 364, 30, 7, 100, 34, 166, 1, 363 >,
 	< 365, 30, 1, 31, 0, 175, 9, 364 >,
 	< 366, 30, 3, 66, 32, 127, 8, 365 >,
 	< 367, 30, 2, 72, 0, 142, 6, 366 >,
 	< 368, 30, 10, 0, 72, 133, 4, 367 >,
 	< 369, 30, 6, 71, 0, 127, 2, 368 >,
 	< 370, 30, 10, 84, 52, 116, 0, 369 >,
 	< 371, 30, 5, 97, 31, 178, 3, 370 >,
 	// order 31
 	< 372, 31, 1, 91, 0, 122, 7, -1 >,
 	< 373, 31, 8, 0, 0, 109, 5, 372 >,
 	< 374, 31, 5, 50, 81, 199, 1, 373 >,
 	< 375, 31, 5, 0, 95, 144, 9, 374 >,
 	< 376, 31, 4, 0, 0, 192, 8, 375 >,
 	< 377, 31, 8, 0, 37, 169, 6, 376 >,
 	< 378, 31, 3, 39, 0, 117, 4, 377 >,
 	< 379, 31, 3, 82, 0, 133, 2, 378 >,
 	< 380, 31, 1, 69, 0, 148, 0, 379 >,
 	< 381, 31, 9, 0, 0, 158, 3, 380 >,
 	< 382, 31, 2, 47, 0, 100, 7, 381 >,
 	< 383, 31, 6, 0, 70, 195, 5, 382 >,
 	// order 32
 	< 384, 32, 6, 0, 0, 192, 1, -1 >,
 	< 385, 32, 8, 89, 92, 140, 9, 384 >,
 	< 386, 32, 5, 0, 48, 120, 8, 385 >,
 	< 387, 32, 10, 87, 0, 182, 6, 386 >,
 	< 388, 32, 2, 0, 39, 193, 4, 387 >,
 	< 389, 32, 8, 0, 0, 112, 2, 388 >,
 	< 390, 32, 9, 79, 0, 179, 0, 389 >,
 	< 391, 32, 6, 0, 75, 177, 3, 390 >,
 	< 392, 32, 4, 97, 90, 109, 7, 391 >,
 	< 393, 32, 9, 0, 45, 110, 5, 392 >,
 	< 394, 32, 7, 48, 89, 124, 1, 393 >,
 	< 395, 32, 4, 100, 0, 182, 9, 394 >,
 	// order 33
 	< 396, 33, 7, 34, 86, 124, 8, -1 >,
 	< 397, 33, 10, 31, 47, 104, 6, 396 >,
 	< 398, 33, 10, 0, 0, 168, 4, 397 >,
 	< 399, 33, 10, 0, 0, 153, 2, 398 >,
 	< 400, 33, 1, 0, 0, 112, 0, 399 >,
 	< 401, 33, 2, 0, 0, 194, 3, 400 >,
 	< 402, 33, 3, 34, 81, 153, 7, 401 >,
 	< 403, 33, 1, 0, 45, 130, 5, 402 >,
 	< 404, 33, 7, 0, 0, 119, 1, 403 >,
 	< 405, 33, 2, 0, 52, 158, 9, 404 >,
 	< 406, 33, 7, 56, 95, 152, 8, 405 >,
 	< 407, 33, 8, 80, 62, 136, 6, 406 >,
 	// order 34
 	< 408, 34, 10, 0, 0, 118, 4, -1 >,
 	< 409, 34, 9, 52, 0, 113, 2, 408 >,
 	< 410, 34, 10, 0, 83, 145, 0, 409 >,
 	< 411, 34, 3, 87, 77, 164, 3, 410 >,
 	< 412, 34, 2, 47, 63, 119, 7, 411 >,
 	< 413, 34, 8, 0, 61, 150, 5, 412 >,
 	< 414, 34, 7, 96, 47, 181, 1, 413 >,
 	< 415, 34, 1, 0, 45, 190, 9, 414 >,
 	< 416, 34, 5, 60, 38, 148, 8, 415 >,
 	< 417, 34, 3, 85, 49, 182, 6, 416 >,
 	< 418, 34, 3, 0, 81, 171, 4, 417 >,
 	< 419, 34, 7, 38, 79, 144, 2, 418 >,
 	// order 35
 	< 420, 35, 6, 87, 30, 200, 0, -1 >,
 	< 421, 35, 8, 87, 0, 123, 3, 420 >,
 	< 422, 35, 4, 50, 35, 123, 7, 421 >,
 	< 423, 35, 10, 76, 53, 195, 5, 422 >,
 	< 424, 35, 8, 64, 0, 131, 1, 423 >,
 	< 425, 35, 7, 36, 0, 175, 9, 424 >,
 	< 426, 35, 3, 73, 0, 175, 8, 425 >,
 	< 427, 35, 3, 100, 0, 146, 6, 426 >,
 	< 428, 35, 5, 89, 0, 143, 4, 427 >,
 	< 429, 35, 9, 76, 0, 189, 2, 428 >,
 	< 430, 35, 1, 44, 0, 110, 0, 429 >,
 	< 431, 35, 2, 95, 0, 194, 3, 430 >,
 	// order 36
 	< 432, 36, 9, 0, 0, 156, 7, -1 >,
 	< 433, 36, 3, 0, 0, 178, 5, 432 >,
 	< 434, 36, 5, 87, 54, 188, 1, 433 >,
 	< 435, 36, 6, 81, 0, 165, 9, 434 >,
 	< 436, 36, 5, 0, 0, 192, 8, 435 >,
 	< 437, 36, 4, 65, 70, 120, 6, 436 >,
 	< 438, 36, 6, 34, 55, 162, 4, 437 >,
 	< 439, 36, 1, 49, 0, 102, 2, 438 >,
 	< 440, 36, 7, 42, 0, 107, 0, 439 >,
 	< 441, 36, 4, 0, 0, 151, 3, 440 >,
 	< 442, 36, 4, 0, 0, 126, 7, 441 >,
 	< 443, 36, 1, 66, 0, 166, 5, 442 >,
 	// order 37
 	< 444, 37, 9, 81, 70, 190, 1, -1 >,
 	< 445, 37, 10, 40, 47, 146, 9, 444 >,
 	< 446, 37, 8, 0, 0, 163, 8, 445 >,
 	< 447, 37, 9, 0, 0, 142, 6, 446 >,
 	< 448, 37, 3, 0, 0, 135, 4, 447 >,
 	< 449, 37, 1, 40, 0, 180, 2, 448 >,
 	< 450, 37, 6, 0, 0, 168, 0, 449 >,
 	< 451, 37, 4, 0, 0, 131, 3, 450 >,
 	< 452, 37, 10, 0, 0, 152, 7, 451 >,
 	< 453, 37, 4, 0, 0, 108, 5, 452 >,
 	< 454, 37, 1, 100, 0, 164, 1, 453 >,
 	< 455, 37, 2, 55, 57, 153, 9, 454 >,
 	// order 38
 	< 456, 38, 7, 0, 83, 175, 8, -1 >,
 	< 457, 38, 6, 75, 39, 178, 6, 456 >,
 	< 458, 38, 4, 0, 52, 195, 4, 457 >,
 	< 459, 38, 10, 93, 35, 160, 2, 458 >,
 	< 460, 38, 3, 0, 0, 115, 0, 459 >,
 	< 461, 38, 4, 0, 0, 173, 3, 460 >,
 	< 462, 38, 8, 97, 77, 194, 7, 461 >,
 	< 463, 38, 4, 0, 99, 139, 5, 462 >,
 	< 464, 38, 7, 96, 0, 128, 1, 463 >,
 	< 465, 38, 10, 0, 0, 119, 9, 464 >,
 	< 466, 38, 8, 0, 0, 145, 8, 465 >,
 	< 467, 38, 5, 0, 0, 160, 6, 466 >,
 	// order 39
 	< 468, 39, 7, 44, 49, 182, 4, -1 >,
 	< 469, 39, 4, 0, 0, 111, 2, 468 >,
 	< 470, 39, 2, 0, 62, 133, 0, 469 >,
 	< 471, 39, 10, 63, 53, 174, 3, 470 >,
 	< 472, 39, 9, 0, 0, 184, 7, 471 >,
 	< 473, 39, 2, 47, 65, 146, 5, 472 >,
 	< 474, 39, 7, 81, 97, 178, 1, 473 >,
 	< 475, 39, 7, 0, 0, 155, 9, 474 >,
 	< 476, 39, 3, 91, 0, 195, 8, 475 >,
 	< 477, 39, 6, 0, 0, 116, 6, 476 >,
 	< 478, 39, 10, 55, 91, 173, 4, 477 >,
 	< 479, 39, 5, 0, 37, 185, 2, 478 >,
 	// order 40
 	< 480, 40, 2, 0, 76, 158, 0, -1 >,
 	< 481, 40, 6, 69, 0, 114, 3, 480 >,
 	< 482, 40, 10, 0, 85, 154, 7, 481 >,
 	< 483, 40, 1, 0, 0, 189, 5, 482 >,
 	< 484, 40, 6, 35, 0, 159, 1, 483 >,
 	< 485, 40, 5, 0, 0, 186, 9, 484 >,
 	< 486, 40, 2, 77, 46, 123, 8, 485 >,
 	< 487, 40, 4, 93, 0, 146, 6, 486 >,
 	< 488, 40, 5, 82, 31, 198, 4, 487 >,
 	< 489, 40, 9, 99, 0, 170, 2, 488 >,
 	< 490, 40, 2, 0, 0, 150, 0, 489 >,
 	< 491, 40, 2, 0, 55, 116, 3, 490 >,
 	// order 41
 	< 492, 41, 4, 0, 0, 139, 7, -1 >,
 	< 493, 41, 9, 0, 0, 191, 5, 492 >,
 	< 494, 41, 4, 0, 39, 108, 1, 493 >,
 	< 495, 41, 6, 0, 95, 128, 9, 494 >,
 	< 496, 41, 5, 77, 37, 154, 8, 495 >,
 	< 497, 41, 5, 0, 71, 174, 6, 496 >,
 	< 498, 41, 1, 0, 67, 105, 4, 497 >,
 	< 499, 41, 2, 74, 0, 195, 2, 498 >,
 	< 500, 41, 6, 95, 0, 159, 0, 499 >,
 	< 501, 41, 6, 32, 0, 159, 3, 500 >,
 	< 502, 41, 6, 0, 69, 175, 7, 501 >,
 	< 503, 41, 5, 54, 95, 143, 5, 502 >,
 	// order 42
 	< 504, 42, 9, 41, 0, 106, 1, -1 >,
 	< 505, 42, 1, 31, 0, 152, 9, 504 >,
 	< 506, 42, 4, 53, 96, 175, 8, 505 >,
 	< 507, 42, 2, 30, 56, 117, 6, 506 >,
 	< 508, 42, 10, 0, 68, 120, 4, 507 >,
 	< 509, 42, 8, 53, 37, 142, 2, 508 >,
 	< 510, 42, 6, 98, 31, 153, 0, 509 >,
 	< 511, 42, 5, 30, 35, 126, 3, 510 >,
 	< 512, 42, 7, 0, 87, 175, 7, 511 >,
 	< 513, 42, 7, 66, 0, 105, 5, 512 >,
 	< 514, 42, 7, 30, 66, 184, 1, 513 >,
 	< 515, 42, 9, 0, 0, 191, 9, 514 >,
 	// order 43
 	< 516, 43, 3, 0, 45, 197, 8, -1 >,
 	< 517, 43, 10, 0, 65, 196, 6, 516 >,
 	< 518, 43, 4, 0, 94, 111, 4, 517 >,
 	< 519, 43, 1, 99, 77, 179, 2, 518 >,
 	< 520, 43, 7, 0, 0, 101, 0, 519 >,
 	< 521, 43, 3, 64, 0, 166, 3, 520 >,
 	< 522, 43, 2, 91, 0, 106, 7, 521 >,
 	< 523, 43, 6, 60, 83, 153, 5, 522 >,
 	< 524, 43, 9, 0, 0, 169, 1, 523 >,
 	< 525, 43, 6, 36, 0, 143, 9, 524 >,
 	< 526, 43, 3, 75, 0, 112, 8, 525 >,
 	< 527, 43, 6, 56, 0, 171, 6, 526 >,
 	// order 44
 	< 528, 44, 3, 99, 87, 182, 4, -1 >,
 	< 529, 44, 4, 90, 63, 111, 2, 528 >,
 	< 530, 44, 2, 0, 0, 195, 0, 529 >,
 	< 531, 44, 6, 0, 66, 145, 3, 530 >,
 	< 532, 44, 7, 0, 56, 130, 7, 531 >,
 	< 533, 44, 10, 0, 0, 146, 5, 532 >,
 	< 534, 44, 8, 0, 0, 113, 1, 533 >,
 	< 535, 44, 6, 91, 0, 125, 9, 534 >,
 	< 536, 44, 9, 0, 0, 125, 8, 535 >,
 	< 537, 44, 9, 41, 71, 132, 6, 536 >,
 	< 538, 44, 2, 59, 78, 126, 4, 537 >,
 	< 539, 44, 6, 58, 0, 151, 2, 538 >,
 	// order 45
 	< 540, 45, 10, 79, 0, 183, 0, -1 >,
 	< 541, 45, 3, 100, 48, 108, 3, 540 >,
 	< 542, 45, 5, 0, 52, 139, 7, 541 >,
 	< 543, 45, 5, 0, 44, 159, 5, 542 >,
 	< 544, 45, 4, 0, 62, 135, 1, 543 >,
 	< 545, 45, 7, 92, 51, 146, 9, 544 >,
 	< 546, 45, 7, 98, 0, 136, 8, 545 >,
 	< 547, 45, 9, 0, 50, 172, 6, 546 >,
 	< 548, 45, 1, 0, 0, 156, 4, 547 >,
 	< 549, 45, 4, 56, 42, 134, 2, 548 >,
 	< 550, 45, 8, 0, 71, 183, 0, 549 >,
 	< 551, 45, 9, 63, 53, 111, 3, 550 >,
 	// order 46
 	< 552, 46, 7, 73, 54, 195, 7, -1 >,
 	< 553, 46, 1, 0, 47, 189, 5, 552 >,
 	< 554, 46, 10, 49, 0, 177, 1, 553 >,
 	< 555, 46, 10, 0, 42, 100, 9, 554 >,
 	< 556, 46, 8, 79, 0, 183, 8, 555 >,
 	< 557, 46, 4, 0, 96, 153, 6, 556 >,
 	< 558, 46, 2, 72, 0, 110, 4, 557 >,
 	< 559, 46, 5, 100, 55, 184, 2, 558 >,
 	< 560, 46, 7, 0, 54, 104, 0, 559 >,
 	< 561, 46, 4, 33, 0, 145, 3, 560 >,
 	< 562, 46, 7, 0, 0, 186, 7, 561 >,
 	< 563, 46, 1, 54, 70, 155, 5, 562 >,
 	// order 47
 	< 564, 47, 5, 80, 99, 126, 1, -1 >,
 	< 565, 47, 9, 50, 0, 102, 9, 564 >,
 	< 566, 47, 2, 41, 0, 187, 8, 565 >,
 	< 567, 47, 9, 0, 34, 166, 6, 566 >,
 	< 568, 47, 5, 36, 85, 149, 4, 567 >,
 	< 569, 47, 6, 0, 61, 148, 2, 568 >,
 	< 570, 47, 2, 54, 0, 139, 0, 569 >,
 	< 571, 47, 2, 0, 63, 191, 3, 570 >,
 	< 572, 47, 8, 60, 0, 135, 7, 571 >,
 	< 573, 47, 10, 39, 0, 127, 5, 572 >,
 	< 574, 47, 8, 92, 0, 168, 1, 573 >,
 	< 575, 47, 7, 0, 0, 178, 9, 574 >,
 	// order 48
 	< 576, 48, 3, 81, 68, 100, 8, -1 >,
 	< 577, 48, 1, 34, 0, 161, 6, 576 >,
 	< 578, 48, 8, 71, 80, 101, 4, 577 >,
 	< 579, 48, 7, 0, 0, 154, 2, 578 >,
 	< 580, 48, 9, 61, 0, 175, 0, 579 >,
 	< 581, 48, 7, 52, 0, 177, 3, 580 >,
 	< 582, 48, 1, 0, 0, 122, 7, 581 >,
 	< 583, 48, 2, 0, 0, 189, 5, 582 >,
 	< 584, 48, 5, 0, 0, 168, 1, 583 >,
 	< 585, 48, 7, 70, 95, 113, 9, 584 >,
 	< 586, 48, 4, 98, 84, 123, 8, 585 >,
 	< 587, 48, 5, 50, 0, 179, 6, 586 >,
 	// order 49
 	< 588, 49, 4, 0, 80, 171, 4, -1 >,
 	< 589, 49, 6, 99, 0, 165, 2, 588 >,
 	< 590, 49, 7, 84, 35, 141, 0, 589 >,
 	< 591, 49, 2, 0, 73, 100, 3, 590 >,
 	< 592, 49, 8, 30, 87, 106, 7, 591 >,
 	< 593, 49, 5, 86, 0, 176, 5, 592 >,
 	< 594, 49, 8, 0, 0, 127, 1, 593 >,
 	< 595, 49, 7, 98, 32, 176, 9, 594 >,
 	< 596, 49, 6, 0, 93, 119, 8, 595 >,
 	< 597, 49, 3, 88, 0, 154, 6, 596 >,
 	< 598, 49, 4, 85, 50, 149, 4, 597 >,
 	< 599, 49, 1, 65, 0, 121, 2, 598 >,
 	// order 50
 	< 600, 50, 6, 0, 32, 167, 0, -1 >,
 	< 601, 50, 7, 85, 0, 133, 3, 600 >,
 	< 602, 50, 10, 47, 0, 130, 7, 601 >,
 	< 603, 50, 4, 73, 82, 195, 5, 602 >,
 	< 604, 50, 6, 57, 52, 152, 1, 603 >,
 	< 605, 50, 10, 0, 34, 146, 9, 604 >,
 	< 606, 50, 10, 100, 0, 173, 8, 605 >,
 	< 607, 50, 9, 75, 32, 109, 6, 606 >,
 	< 608, 50, 3, 0, 0, 154, 4, 607 >,
 	< 609, 50, 4, 38, 0, 129, 2, 608 >,
 	< 610, 50, 7, 0, 0, 105, 0, 609 >,
 	< 611, 50, 7, 41, 0, 110, 3, 610 >,
 	// order 51
 	< 612, 51, 9, 46, 0, 152, 7, -1 >,
 	< 613, 51, 7, 43, 0, 164, 5, 612 >,
 	< 614, 51, 10, 0, 0, 186, 1, 613 >,
 	< 615, 51, 10, 0, 30, 155, 9, 614 >,
 	< 616, 51, 8, 0, 30, 174, 8, 615 >,
 	< 617, 51, 8, 69, 0, 194, 6, 616 >,
 	< 618, 51, 5, 0, 42, 153, 4, 617 >,
 	< 619, 51, 1, 0, 97, 187, 2, 618 >,
 	< 620, 51, 7, 44, 64, 127, 0, 619 >,
 	< 621, 51, 3, 66, 0, 163, 3, 620 >,
 	< 622, 51, 2, 73, 99, 182, 7, 621 >,
 	< 623, 51, 7, 0, 0, 176, 5, 622 >,
 	// order 52
 	< 624, 52, 1, 0, 0, 173, 1, -1 >,
 	< 625, 52, 5, 0, 74, 179, 9, 624 >,
 	< 626, 52, 6, 70, 0, 188, 8, 625 >,
 	< 627, 52, 10, 43, 62, 158, 6, 626 >,
 	< 628, 52, 3, 0, 51, 132, 4, 627 >,
 	< 629, 52, 7, 0, 69, 124, 2, 628 >,
 	< 630, 52, 8, 0, 0, 110, 0, 629 >,
 	< 631, 52, 7, 0, 35, 104, 3, 630 >,
 	< 632, 52, 1, 0, 81, 183, 7, 631 >,
 	< 633, 52, 1, 56, 76, 104, 5, 632 >,
 	< 634, 52, 7, 0, 0, 191, 1, 633 >,
 	< 635, 52, 6, 0, 0, 195, 9, 634 >,
 	// order 53
 	< 636, 53, 5, 40, 0, 107, 8, -1 >,
 	< 637, 53, 6, 43, 0, 103, 6, 636 >,
 	< 638, 53, 3, 0, 37, 148, 4, 637 >,
 	< 639, 53, 5, 0, 0, 132, 2, 638 >,
 	< 640, 53, 2, 0, 53, 135, 0, 639 >,
 	< 641, 53, 10, 73, 54, 156, 3, 640 >,
 	< 642, 53, 6, 98, 0, 168, 7, 641 >,
 	< 643, 53, 4, 98, 42, 103, 5, 642 >,
 	< 644, 53, 9, 0, 0, 147, 1, 643 >,
 	< 645, 53, 2, 0, 75, 159, 9, 644 >,
 	< 646, 53, 7, 0, 55, 170, 8, 645 >,
 	< 647, 53, 7, 0, 57, 156, 6, 646 >,
 	// order 54
 	< 648, 54, 10, 0, 68, 147, 4, -1 >,
 	< 649, 54, 7, 99, 0, 117, 2, 648 >,
 	< 650, 54, 6, 0, 0, 114, 0, 649 >,
 	< 651, 54, 1, 0, 0, 100, 3, 650 >,
 	< 652, 54, 9, 62, 0, 198, 7, 651 >,
 	< 653, 54, 8, 55, 72, 130, 5, 652 >,
 	< 654, 54, 1, 35, 49, 123, 1, 653 >,
 	< 655, 54, 9, 0, 91, 178, 9, 654 >,
 	< 656, 54, 7, 0, 0, 147, 8, 655 >,
 	< 657, 54, 1, 0, 70, 128, 6, 656 >,
 	< 658, 54, 4, 0, 0, 193, 4, 657 >,
 	< 659, 54, 7, 0, 43, 110, 2, 658 >,
 	// order 55
 	< 660, 55, 7, 0, 95, 169, 0, -1 >,
 	< 661, 55, 4, 0, 0, 174, 3, 660 >,
 	< 662, 55, 3, 45, 0, 134, 7, 661 >,
 	< 663, 55, 2, 0, 0, 139, 5, 662 >,
 	< 664, 55, 10, 80, 74, 129, 1, 663 >,
 	< 665, 55, 4, 75, 0, 115, 9, 664 >,
 	< 666, 55, 10, 0, 0, 166, 8, 665 >,
 	< 667, 55, 10, 0, 97, 172, 6, 666 >,
 	< 668, 55, 4, 43, 70, 152, 4, 667 >,
 	< 669, 55, 7, 0, 33, 126, 2, 668 >,
 	< 670, 55, 9, 79, 78, 138, 0, 669 >,
 	< 671, 55, 10, 0, 73, 172, 3, 670 >,
 	// order 56
 	< 672, 56, 8, 53, 32, 152, 7, -1 >,
 	< 673, 56, 6, 0, 0, 139, 5, 672 >,
 	< 674, 56, 2, 0, 0, 127, 1, 673 >,
 	< 675, 56, 4, 0, 0, 110, 9, 674 >,
 	< 676, 56, 7, 0, 72, 123, 8, 675 >,
 	< 677, 56, 4, 0, 0, 150, 6, 676 >,
 	< 678, 56, 10, 53, 0, 141, 4, 677 >,
 	< 679, 56, 2, 96, 0, 121, 2, 678 >,
 	< 680, 56, 8, 0, 0, 150, 0, 679 >,
 	< 681, 56, 6, 0, 76, 112, 3, 680 >,
 	< 682, 56, 7, 56, 0, 193, 7, 681 >,
 	< 683, 56, 4, 55, 41, 155, 5, 682 >,
 	// order 57
 	< 684, 57, 1, 0, 31, 158, 1, -1 >,
 	< 685, 57, 9, 39, 50, 134, 9, 684 >,
 	< 686, 57, 4, 98, 0, 161, 8, 685 >,
 	< 687, 57, 5, 56, 55, 168, 6, 686 >,
 	< 688, 57, 4, 93, 53, 140, 4, 687 >,
 	< 689, 57, 9, 0, 94, 178, 2, 688 >,
 	< 690, 57, 9, 0, 0, 195, 0, 689 >,
 	< 691, 57, 2, 80, 0, 174, 3, 690 >,
 	< 692, 57, 10, 54, 0, 147, 7, 691 >,
 	< 693, 57, 3, 85, 0, 162, 5, 692 >,
 	< 694, 57, 4, 43, 0, 103, 1, 693 >,
 	< 695, 57, 8, 0, 68, 128, 9, 694 >,
 	// order 58
 	< 696, 58, 3, 0, 61, 156, 8, -1 >,
 	< 697, 58, 1, 89, 55, 183, 6, 696 >,
 	< 698, 58, 7, 0, 84, 148, 4, 697 >,
 	< 699, 58, 5, 40, 0, 176, 2, 698 >,
 	< 700, 58, 1, 0, 0, 153, 0, 699 >,
 	< 701, 58, 2, 92, 0, 117, 3, 700 >,
 	< 702, 58, 10, 42, 0, 147, 7, 701 >,
 	< 703, 58, 7, 0, 80, 144, 5, 702 >,
 	< 704, 58, 5, 38, 0, 180, 1, 703 >,
 	< 705, 58, 8, 0, 69, 155, 9, 704 >,
 	< 706, 58, 4, 88, 0, 153, 8, 705 >,
 	< 707, 58, 2, 0, 0, 191, 6, 706 >,
 	// order 59
 	< 708, 59, 4, 0, 61, 149, 4, -1 >,
 	< 709, 59, 4, 64, 0, 114, 2, 708 >,
 	< 710, 59, 2, 0, 94, 170, 0, 709 >,
 	< 711, 59, 6, 97, 53, 182, 3, 710 >,
 	< 712, 59, 9, 0, 0, 186, 7, 711 >,
 	< 713, 59, 9, 0, 0, 171, 5, 712 >,
 	< 714, 59, 6, 0, 0, 187, 1, 713 >,
 	< 715, 59, 1, 0, 0, 162, 9, 714 >,
 	< 716, 59, 4, 80, 46, 118, 8, 715 >,
 	< 717, 59, 5, 0, 0, 181, 6, 716 >,
 	< 718, 59, 6, 0, 71, 123, 4, 717 >,
 	< 719, 59, 3, 0, 0, 157, 2, 718 >,
 	// order 60
 	< 720, 60, 3, 71, 92, 176, 0, -1 >,
 	< 721, 60, 8, 90, 52, 152, 3, 720 >,
 	< 722, 60, 6, 97, 52, 127, 7, 721 >,
 	< 723, 60, 5, 74, 94, 150, 5, 722 >,
 	< 724, 60, 1, 100, 96, 104, 1, 723 >,
 	< 725, 60, 2, 95, 88, 108, 9, 724 >,
 	< 726, 60, 8, 88, 0, 145, 8, 725 >,
 	< 727, 60, 6, 81, 0, 129, 6, 726 >,
 	< 728, 60, 1, 96, 94, 197, 4, 727 >,
 	< 729, 60, 7, 0, 73, 163, 2, 728 >,
 	< 730, 60, 1, 100, 98, 173, 0, 729 >,
 	< 731, 60, 9, 0, 72, 183, 3, 730 >,
 	// order 61
 	< 732, 61, 8, 87, 0, 145, 7, -1 >,
 	< 733, 61, 3, 0, 0, 106, 5, 732 >,
 	< 734, 61, 2, 0, 92, 147, 1, 733 >,
 	< 735, 61, 9, 39, 0, 108, 9, 734 >,
 	< 736, 61, 5, 45, 0, 168, 8, 735 >,
 	< 737, 61, 4, 57, 0, 179, 6, 736 >,
 	< 738, 61, 8, 0, 0, 170, 4, 737 >,
 	< 739, 61, 2, 34, 0, 158, 2, 738 >,
 	< 740, 61, 6, 0, 0, 183, 0, 739 >,
 	< 741, 61, 6, 0, 91, 111, 3, 740 >,
 	< 742, 61, 3, 0, 78, 126, 7, 741 >,
 	< 743, 61, 5, 0, 0, 156, 5, 742 >,
 	// order 62
 	< 744, 62, 5, 0, 74, 186, 1, -1 >,
 	< 745, 62, 7, 0, 0, 198, 9, 744 >,
 	< 746, 62, 10, 0, 81, 182, 8, 745 >,
 	< 747, 62, 8, 80, 35, 199, 6, 746 >,
 	< 748, 62, 7, 0, 0, 152, 4, 747 >,
 	< 749, 62, 8, 0, 0, 100, 2, 748 >,
 	< 750, 62, 1, 31, 42, 117, 0, 749 >,
 	< 751, 62, 7, 0, 93, 159, 3, 750 >,
 	< 752, 62, 8, 49, 0, 166, 7, 751 >,
 	< 753, 62, 9, 0, 48, 101, 5, 752 >,
 	< 754, 62, 2, 88, 0, 102, 1, 753 >,
 	< 755, 62, 9, 0, 0, 143, 9, 754 >,
 	// order 63
 	< 756, 63, 10, 46, 0, 118, 8, -1 >,
 	< 757, 63, 1, 67, 69, 117, 6, 756 >,
 	< 758, 63, 8, 88, 0, 137, 4, 757 >,
 	< 759, 63, 5, 0, 57, 172, 2, 758 >,
 	< 760, 63, 4, 40, 99, 140, 0, 759 >,
 	< 761, 63, 2, 0, 0, 127, 3, 760 >,
 	< 762, 63, 3, 43, 88, 147, 7, 761 >,
 	< 763, 63, 2, 0, 0, 169, 5, 762 >,
 	< 764, 63, 3, 31, 0, 128, 1, 763 >,
 	< 765, 63, 2, 84, 69, 151, 9, 764 >,
 	< 766, 63, 9, 80, 46, 108, 8, 765 >,
 	< 767, 63, 4, 0, 84, 109, 6, 766 >,
 	// order 64
 	< 768, 64, 4, 0, 85, 173, 4, -1 >,
 	< 769, 64, 9, 0, 50, 131, 2, 768 >,
 	< 770, 64, 2, 60, 0, 151, 0, 769 >,
 	< 771, 64, 1, 85, 60, 171, 3, 770 >,
 	< 772, 64, 6, 59, 0, 148, 7, 771 >,
 	< 773, 64, 4, 57, 92, 182, 5, 772 >,
 	< 774, 64, 10, 0, 0, 174, 1, 773 >,
 	< 775, 64, 2, 62, 68, 183, 9, 774 >,
 	< 776, 64, 3, 0, 30, 128, 8, 775 >,
 	< 777, 64, 2, 30, 59, 194, 6, 776 >,
 	< 778, 64, 4, 0, 65, 152, 4, 777 >,
 	< 779, 64, 6, 0, 0, 164, 2, 778 >,
 	// order 65
 	< 780, 65, 6, 0, 0, 131, 0, -1 >,
 	< 781, 65, 8, 0, 84, 192, 3, 780 >,
 	< 782, 65, 3, 0, 93, 188, 7, 781 >,
 	< 783, 65, 4, 79, 0, 119, 5, 782 >,
 	< 784, 65, 3, 56, 0, 146, 1, 783 >,
 	< 785, 65, 9, 87, 46, 164, 9, 784 >,
 	< 786, 65, 10, 0, 0, 190, 8, 785 >,
 	< 787, 65, 4, 84, 0, 123, 6, 786 >,
 	< 788, 65, 1, 0, 37, 140, 4, 787 >,
 	< 789, 65, 1, 0, 0, 151, 2, 788 >,
 	< 790, 65, 5, 88, 0, 105, 0, 789 >,
 	< 791, 65, 3, 39, 0, 198, 3, 790 >,
 	// order 66
 	< 792, 66, 5, 0, 0, 123, 7, -1 >,
 	< 793, 66, 6, 0, 0, 111, 5, 792 >,
 	< 794, 66, 4, 69, 0, 181, 1, 793 >,
 	< 795, 66, 4, 0, 0, 195, 9, 794 >,
 	< 796, 66, 10, 0, 55, 173, 8, 795 >,
 	< 797, 66, 2, 0, 0, 130, 6, 796 >,
 	< 798, 66, 9, 40, 0, 113, 4, 797 >,
 	< 799, 66, 2, 85, 33, 162, 2, 798 >,
 	< 800, 66, 1, 0, 41, 199, 0, 799 >,
 	< 801, 66, 8, 0, 99, 112, 3, 800 >,
 	< 802, 66, 6, 0, 51, 185, 7, 801 >,
 	< 803, 66, 9, 0, 81, 103, 5, 802 >,
 	// order 67
 	< 804, 67, 2, 0, 0, 146, 1, -1 >,
 	< 805, 67, 6, 41, 56, 180, 9, 804 >,
 	< 806, 67, 1, 0, 67, 193, 8, 805 >,
 	< 807, 67, 6, 0, 56, 193, 6, 806 >,
 	< 808, 67, 7, 0, 0, 118, 4, 807 >,
 	< 809, 67, 4, 0, 0, 189, 2, 808 >,
 	< 810, 67, 3, 0, 0, 117, 0, 809 >,
 	< 811, 67, 3, 0, 0, 101, 3, 810 >,
 	< 812, 67, 2, 0, 31, 163, 7, 811 >,
 	< 813, 67, 6, 42, 0, 114, 5, 812 >,
 	< 814, 67, 4, 0, 0, 133, 1, 813 >,
 	< 815, 67, 5, 47, 53, 180, 9, 814 >,
 	// order 68
 	< 816, 68, 8, 0, 0, 111, 8, -1 >,
 	< 817, 68, 8, 0, 33, 139, 6, 816 >,
 	< 818, 68, 9, 0, 33, 191, 4, 817 >,
 	< 819, 68, 4, 0, 0, 135, 2, 818 >,
 	< 820, 68, 3, 0, 35, 108, 0, 819 >,
 	< 821, 68, 2, 0, 66, 197, 3, 820 >,
 	< 822, 68, 10, 95, 0, 168, 7, 821 >,
 	< 823, 68, 7, 0, 0, 122, 5, 822 >,
 	< 824, 68, 6, 0, 0, 101, 1, 823 >,
 	< 825, 68, 6, 47, 0, 135, 9, 824 >,
 	< 826, 68, 4, 0, 53, 151, 8, 825 >,
 	< 827, 68, 9, 0, 0, 104, 6, 826 >,
 	// order 69
 	< 828, 69, 7, 99, 91, 177, 4, -1 >,
 	< 829, 69, 7, 0, 95, 170, 2, 828 >,
 	< 830, 69, 3, 0, 47, 186, 0, 829 >,
 	< 831, 69, 6, 0, 36, 122, 3, 830 >,
 	< 832, 69, 3, 41, 67, 104, 7, 831 >,
 	< 833, 69, 10, 52, 0, 195, 5, 832 >,
 	< 834, 69, 5, 71, 0, 124, 1, 833 >,
 	< 835, 69, 6, 0, 59, 138, 9, 834 >,
 	< 836, 69, 3, 0, 0, 107, 8, 835 >,
 	< 837, 69, 10, 82, 0, 197, 6, 836 >,
 	< 838, 69, 9, 39, 58, 115, 4, 837 >,
 	< 839, 69, 9, 0, 0, 173, 2, 838 >,
 	// order 70
 	< 840, 70, 7, 47, 83, 183, 0, -1 >,
 	< 841, 70, 8, 0, 0, 161, 3, 840 >,
 	< 842, 70, 1, 56, 89, 106, 7, 841 >,
 	< 843, 70, 6, 79, 45, 125, 5, 842 >,
 	< 844, 70, 1, 0, 0, 140, 1, 843 >,
 	< 845, 70, 4, 43, 60, 131, 9, 844 >,
 	< 846, 70, 1, 85, 99, 143, 8, 845 >,
 	< 847, 70, 6, 0, 0, 177, 6, 846 >,
 	< 848, 70, 7, 97, 0, 117, 4, 847 >,
 	< 849, 70, 5, 53, 99, 153, 2, 848 >,
 	< 850, 70, 8, 56, 0, 189, 0, 849 >,
 	< 851, 70, 7, 0, 96, 188, 3, 850 >,
 	// order 71
 	< 852, 71, 2, 0, 68, 152, 7, -1 >,
 	< 853, 71, 9, 0, 0, 108, 5, 852 >,
 	< 854, 71, 3, 0, 0, 144, 1, 853 >,
 	< 855, 71, 7, 0, 0, 100, 9, 854 >,
 	< 856, 71, 3, 89, 53, 145, 8, 855 >,
 	< 857, 71, 8, 0, 0, 141, 6, 856 >,
 	< 858, 71, 4, 0, 45, 174, 4, 857 >,
 	< 859, 71, 3, 62, 46, 167, 2, 858 >,
 	< 860, 71, 7, 96, 0, 155, 0, 859 >,
 	< 861, 71, 7, 0, 0, 107, 3, 860 >,
 	< 862, 71, 8, 0, 0, 168, 7, 861 >,
 	< 863, 71, 2, 36, 0, 182, 5, 862 >,
 	// order 72
 	< 864, 72, 8, 45, 0, 149, 1, -1 >,
 	< 865, 72, 8, 53, 0, 171, 9, 864 >,
 	< 866, 72, 1, 43, 42, 134, 8, 865 >,
 	< 867, 72, 6, 0, 72, 179, 6, 866 >,
 	< 868, 72, 8, 95, 0, 168, 4, 867 >,
 	< 869, 72, 1, 35, 0, 109, 2, 868 >,
 	< 870, 72, 2, 75, 52, 144, 0, 869 >,
 	< 871, 72, 5, 0, 0, 125, 3, 870 >,
 	< 872, 72, 3, 56, 0, 153, 7, 871 >,
 	< 873, 72, 6, 51, 0, 153, 5, 872 >,
 	< 874, 72, 4, 0, 0, 103, 1, 873 >,
 	< 875, 72, 10, 0, 0, 193, 9, 874 >,
 	// order 73
 	< 876, 73, 9, 56, 0, 197, 8, -1 >,
 	< 877, 73, 7, 77, 70, 187, 6, 876 >,
 	< 878, 73, 9, 0, 0, 168, 4, 877 >,
 	< 879, 73, 4, 38, 0, 161, 2, 878 >,
 	< 880, 73, 8, 0, 0, 132, 0, 879 >,
 	< 881, 73, 8, 85, 62, 161, 3, 880 >,
 	< 882, 73, 10, 0, 0, 154, 7, 881 >,
 	< 883, 73, 3, 92, 77, 177, 5, 882 >,
 	< 884, 73, 5, 100, 0, 144, 1, 883 >,
 	< 885, 73, 5, 0, 0, 151, 9, 884 >,
 	< 886, 73, 1, 0, 93, 170, 8, 885 >,
 	< 887, 73, 2, 58, 0, 151, 6, 886 >,
 	// order 74
 	< 888, 74, 4, 94, 0, 195, 4, -1 >,
 	< 889, 74, 7, 83, 30, 115, 2, 888 >,
 	< 890, 74, 5, 62, 44, 188, 0, 889 >,
 	< 891, 74, 2, 0, 51, 116, 3, 890 >,
 	< 892, 74, 8, 0, 0, 113, 7, 891 >,
 	< 893, 74, 2, 0, 0, 135, 5, 892 >,
 	< 894, 74, 6, 0, 62, 127, 1, 893 >,
 	< 895, 74, 10, 0, 33, 158, 9, 894 >,
 	< 896, 74, 7, 88, 0, 136, 8, 895 >,
 	< 897, 74, 7, 58, 0, 150, 6, 896 >,
 	< 898, 74, 4, 51, 0, 121, 4, 897 >,
 	< 899, 74, 3, 0, 0, 183, 2, 898 >,
 	// order 75
 	< 900, 75, 9, 0, 52, 123, 0, -1 >,
 	< 901, 75, 5, 0, 39, 118, 3, 900 >,
 	< 902, 75, 7, 45, 0, 153, 7, 901 >,
 	< 903, 75, 3, 54, 38, 177, 5, 902 >,
 	< 904, 75, 3, 90, 33, 108, 1, 903 >,
 	< 905, 75, 9, 47, 0, 185, 9, 904 >,
 	< 906, 75, 1, 46, 0, 107, 8, 905 >,
 	< 907, 75, 4, 74, 0, 197, 6, 906 >,
 	< 908, 75, 8, 0, 85, 108, 4, 907 >,
 	< 909, 75, 4, 97, 93, 141, 2, 908 >,
 	< 910, 75, 4, 0, 84, 175, 0, 909 >,
 	< 911, 75, 4, 0, 0, 119, 3, 910 >,
 	// order 76
 	< 912, 76, 10, 40, 76, 139, 7, -1 >,
 	< 913, 76, 9, 0, 0, 125, 5, 912 >,
 	< 914, 76, 8, 0, 86, 151, 1, 913 >,
 	< 915, 76, 6, 0, 0, 196, 9, 914 >,
 	< 916, 76, 7, 0, 76, 113, 8, 915 >,
 	< 917, 76, 5, 84, 52, 132, 6, 916 >,
 	< 918, 76, 10, 0, 0, 114, 4, 917 >,
 	< 919, 76, 10, 34, 38, 170, 2, 918 >,
 	< 920, 76, 6, 0, 53, 114, 0, 919 >,
 	< 921, 76, 4, 48, 0, 127, 3, 920 >,
 	< 922, 76, 7, 0, 0, 163, 7, 921 >,
 	< 923, 76, 2, 0, 0, 101, 5, 922 >,
 	// order 77
 	< 924, 77, 4, 73, 0, 112, 1, -1 >,
 	< 925, 77, 9, 0, 0, 176, 9, 924 >,
 	< 926, 77, 7, 75, 0, 119, 8, 925 >,
 	< 927, 77, 1, 0, 0, 174, 6, 926 >,
 	< 928, 77, 9, 0, 35, 119, 4, 927 >,
 	< 929, 77, 6, 33, 85, 118, 2, 928 >,
 	< 930, 77, 7, 0, 76, 104, 0, 929 >,
 	< 931, 77, 6, 0, 0, 133, 3, 930 >,
 	< 932, 77, 3, 34, 72, 192, 7, 931 >,
 	< 933, 77, 5, 0, 59, 118, 5, 932 >,
 	< 934, 77, 10, 0, 0, 143, 1, 933 >,
 	< 935, 77, 9, 0, 0, 174, 9, 934 >,
 	// order 78
 	< 936, 78, 2, 34, 0, 149, 8, -1 >,
 	< 937, 78, 2, 0, 42, 199, 6, 936 >,
 	< 938, 78, 5, 89, 0, 185, 4, 937 >,
 	< 939, 78, 6, 48, 0, 148, 2, 938 >,
 	< 940, 78, 3, 0, 0, 123, 0, 939 >,
 	< 941, 78, 3, 45, 0, 162, 3, 940 >,
 	< 942, 78, 3, 31, 0, 146, 7, 941 >,
 	< 943, 78, 10, 39, 70, 164, 5, 942 >,
 	< 944, 78, 6, 0, 0, 142, 1, 943 >,
 	< 945, 78, 5, 54, 73, 187, 9, 944 >,
 	< 946, 78, 6, 89, 62, 101, 8, 945 >,
 	< 947, 78, 4, 88, 97, 187, 6, 946 >,
 	// order 79
 	< 948, 79, 10, 46, 0, 129, 4, -1 >,
 	< 949, 79, 4, 0, 0, 139, 2, 948 >,
 	< 950, 79, 1, 68, 99, 184, 0, 949 >,
 	< 951, 79, 9, 64, 0, 144, 3, 950 >,
 	< 952, 79, 7, 79, 0, 117, 7, 951 >,
 	< 953, 79, 6, 0, 64, 129, 5, 952 >,
 	< 954, 79, 1, 79, 51, 131, 1, 953 >,
 	< 955, 79, 2, 0, 99, 157, 9, 954 >,
 	< 956, 79, 6, 0, 0, 196, 8, 955 >,
 	< 957, 79, 3, 64, 0, 148, 6, 956 >,
 	< 958, 79, 1, 0, 66, 126, 4, 957 >,
 	< 959, 79, 3, 0, 0, 121, 2, 958 >,
 	// order 80
 	< 960, 80, 8, 0, 0, 157, 0, -1 >,
 	< 961, 80, 1, 100, 53, 167, 3, 960 >,
 	< 962, 80, 6, 85, 48, 188, 7, 961 >,
 	< 963, 80, 1, 0, 0, 116, 5, 962 >,
 	< 964, 80, 9, 66, 30, 126, 1, 963 >,
 	< 965, 80, 7, 0, 0, 138, 9, 964 >,
 	< 966, 80, 1, 0, 0, 181, 8, 965 >,
 	< 967, 80, 8, 52, 57, 150, 6, 966 >,
 	< 968, 80, 10, 0, 0, 182, 4, 967 >,
 	< 969, 80, 7, 47, 0, 139, 2, 968 >,
 	< 970, 80, 7, 0, 33, 196, 0, 969 >,
 	< 971, 80, 4, 0, 62, 157, 3, 970 >,
 	// order 81
 	< 972, 81, 9, 0, 77, 195, 7, -1 >,
 	< 973, 81, 7, 0, 99, 121, 5, 972 >,
 	< 974, 81, 7, 35, 79, 120, 1, 973 >,
 	< 975, 81, 5, 0, 40, 115, 9, 974 >,
 	< 976, 81, 1, 0, 68, 118, 8, 975 >,
 	< 977, 81, 1, 0, 0, 147, 6, 976 >,
 	< 978, 81, 8, 90, 0, 155, 4, 977 >,
 	< 979, 81, 2, 85, 44, 117, 2, 978 >,
 	< 980, 81, 3, 0, 0, 176, 0, 979 >,
 	< 981, 81, 1, 0, 0, 136, 3, 980 >,
 	< 982, 81, 8, 87, 0, 131, 7, 981 >,
 	< 983, 81, 5, 30, 0, 112, 5, 982 >,
 	// order 82
 	< 984, 82, 8, 63, 0, 150, 1, -1 >,
 	< 985, 82, 6, 80, 53, 150, 9, 984 >,
 	< 986, 82, 3, 78, 0, 198, 8, 985 >,
 	< 987, 82, 9, 39, 63, 106, 6, 986 >,
 	< 988, 82, 10, 56, 93, 162, 4, 987 >,
 	< 989, 82, 6, 82, 0, 164, 2, 988 >,
 	< 990, 82, 7, 77, 92, 177, 0, 989 >,
 	< 991, 82, 7, 56, 0, 177, 3, 990 >,
 	< 992, 82, 9, 48, 0, 167, 7, 991 >,
 	< 993, 82, 4, 34, 63, 165, 5, 992 >,
 	< 994, 82, 7, 88, 0, 195, 1, 993 >,
 	< 995, 82, 7, 0, 0, 169, 9, 994 >,
 	// order 83
 	< 996, 83, 6, 0, 100, 191, 8, -1 >,
 	< 997, 83, 9, 0, 99, 148, 6, 996 >,
 	< 998, 83, 10, 0, 44, 178, 4, 997 >,
 	< 999, 83, 9, 0, 97, 120, 2, 998 >,
 	< 1000, 83, 5, 53, 0, 101, 0, 999 >,
 	< 1001, 83, 1, 0, 88, 182, 3, 1000 >,
 	< 1002, 83, 1, 44, 43, 155, 7, 1001 >,
 	< 1003, 83, 10, 0, 0, 186, 5, 1002 >,
 	< 1004, 83, 1, 36, 0, 149, 1, 1003 >,
 	< 1005, 83, 6, 0, 0, 104, 9, 1004 >,
 	< 1006, 83, 3, 88, 0, 196, 8, 1005 >,
 	< 1007, 83, 3, 99, 0, 199, 6, 1006 >,
 	// order 84
 	< 1008, 84, 9, 58, 0, 115, 4, -1 >,
 	< 1009, 84, 5, 0, 91, 102, 2, 1008 >,
 	< 1010, 84, 3, 32, 36, 114, 0, 1009 >,
 	< 1011, 84, 9, 96, 62, 102, 3, 1010 >,
 	< 1012, 84, 8, 74, 0, 121, 7, 1011 >,
 	< 1013, 84, 4, 0, 49, 157, 5, 1012 >,
 	< 1014, 84, 6, 0, 0, 116, 1, 1013 >,
 	< 1015, 84, 7, 0, 96, 116, 9, 1014 >,
 	< 1016, 84, 7, 0, 0, 182, 8, 1015 >,
 	< 1017, 84, 4, 48, 0, 182, 6, 1016 >,
 	< 1018, 84, 4, 0, 0, 174, 4, 1017 >,
 	< 1019, 84, 6, 96, 67, 198, 2, 1018 >,
 	// order 85
 	< 1020, 85, 3, 75, 0, 175, 0, -1 >,
 	< 1021, 85, 7, 0, 41, 193, 3, 1020 >,
 	< 1022, 85, 5, 0, 30, 151, 7, 1021 >,
 	< 1023, 85, 9, 59, 0, 131, 5, 1022 >,
 	< 1024, 85, 6, 40, 0, 113, 1, 1023 >,
 	< 1025, 85, 10, 87, 73, 122, 9, 1024 >,
 	< 1026, 85, 1, 97, 43, 100, 8, 1025 >,
 	< 1027, 85, 9, 41, 90, 110, 6, 1026 >,
 	< 1028, 85, 3, 0, 78, 104, 4, 1027 >,
 	< 1029, 85, 3, 98, 68, 121, 2, 1028 >,
 	< 1030, 85, 5, 0, 45, 122, 0, 1029 >,
 	< 1031, 85, 9, 0, 100, 154, 3, 1030 >,
 	// order 86
 	< 1032, 86, 8, 0, 79, 128, 7, -1 >,
 	< 1033, 86, 4, 99, 91, 134, 5, 1032 >,
 	< 1034, 86, 8, 91, 0, 120, 1, 1033 >,
 	< 1035, 86, 3, 0, 33, 165, 9, 1034 >,
 	< 1036, 86, 7, 78, 61, 135, 8, 1035 >,
 	< 1037, 86, 8, 84, 0, 144, 6, 1036 >,
 	< 1038, 86, 9, 70, 56, 200, 4, 1037 >,
 	< 1039, 86, 8, 93, 78, 168, 2, 1038 >,
 	< 1040, 86, 9, 60, 38, 101, 0, 1039 >,
 	< 1041, 86, 6, 97, 93, 101, 3, 1040 >,
 	< 1042, 86, 9, 40, 98, 101, 7, 1041 >,
 	< 1043, 86, 4, 0, 93, 187, 5, 1042 >,
 	// order 87
 	< 1044, 87, 3, 0, 0, 184, 1, -1 >,
 	< 1045, 87, 3, 77, 0, 166, 9, 1044 >,
 	< 1046, 87, 1, 87, 30, 138, 8, 1045 >,
 	< 1047, 87, 7, 45, 0, 149, 6, 1046 >,
 	< 1048, 87, 10, 69, 0, 150, 4, 1047 >,
 	< 1049, 87, 9, 97, 75, 163, 2, 1048 >,
 	< 1050, 87, 9, 88, 0, 168, 0, 1049 >,
 	< 1051, 87, 10, 0, 0, 193, 3, 1050 >,
 	< 1052, 87, 3, 47, 0, 197, 7, 1051 >,
 	< 1053, 87, 1, 0, 70, 134, 5, 1052 >,
 	< 1054, 87, 8, 63, 0, 196, 1, 1053 >,
 	< 1055, 87, 7, 32, 0, 142, 9, 1054 >,
 	// order 88
 	< 1056, 88, 9, 49, 0, 138, 8, -1 >,
 	< 1057, 88, 1, 31, 80, 171, 6, 1056 >,
 	< 1058, 88, 5, 61, 0, 112, 4, 1057 >,
 	< 1059, 88, 5, 40, 0, 155, 2, 1058 >,
 	< 1060, 88, 1, 0, 94, 178, 0, 1059 >,
 	< 1061, 88, 4, 91, 97, 193, 3, 1060 >,
 	< 1062, 88, 9, 37, 66, 123, 7, 1061 >,
 	< 1063, 88, 7, 45, 0, 197, 5, 1062 >,
 	< 1064, 88, 9, 52, 31, 120, 1, 1063 >,
 	< 1065, 88, 9, 0, 0, 189, 9, 1064 >,
 	< 1066, 88, 9, 81, 0, 173, 8, 1065 >,
 	< 1067, 88, 2, 77, 0, 115, 6, 1066 >,
 	// order 89
 	< 1068, 89, 4, 85, 32, 134, 4, -1 >,
 	< 1069, 89, 7, 43, 45, 122, 2, 1068 >,
 	< 1070, 89, 3, 0, 94, 158, 0, 1069 >,
 	< 1071, 89, 9, 0, 0, 103, 3, 1070 >,
 	< 1072, 89, 4, 32, 30, 138, 7, 1071 >,
 	< 1073, 89, 3, 39, 0, 126, 5, 1072 >,
 	< 1074, 89, 10, 0, 38, 185, 1, 1073 >,
 	< 1075, 89, 8, 79, 46, 100, 9, 1074 >,
 	< 1076, 89, 3, 78, 73, 185, 8, 1075 >,
 	< 1077, 89, 9, 83, 0, 193, 6, 1076 >,
 	< 1078, 89, 2, 0, 83, 162, 4, 1077 >,
 	< 1079, 89, 1, 59, 34, 193, 2, 1078 >,
 	// order 90
 	< 1080, 90, 10, 0, 0, 149, 0, -1 >,
 	< 1081, 90, 4, 0, 97, 165, 3, 1080 >,
 	< 1082, 90, 9, 52, 55, 127, 7, 1081 >,
 	< 1083, 90, 5, 56, 72, 126, 5, 1082 >,
 	< 1084, 90, 10, 100, 40, 109, 1, 1083 >,
 	< 1085, 90, 2, 81, 0, 141, 9, 1084 >,
 	< 1086, 90, 10, 0, 56, 142, 8, 1085 >,
 	< 1087, 90, 2, 0, 79, 181, 6, 1086 >,
 	< 1088, 90, 7, 0, 0, 169, 4, 1087 >,
 	< 1089, 90, 5, 0, 0, 161, 2, 1088 >,
 	< 1090, 90, 3, 0, 62, 166, 0, 1089 >,
 	< 1091, 90, 1, 0, 0, 187, 3, 1090 >,
 	// order 91
 	< 1092, 91, 3, 80, 0, 192, 7, -1 >,
 	< 1093, 91, 7, 0, 0, 124, 5, 1092 >,
 	< 1094, 91, 7, 100, 95, 117, 1, 1093 >,
 	< 1095, 91, 10, 0, 0, 187, 9, 1094 >,
 	< 1096, 91, 7, 82, 85, 126, 8, 1095 >,
 	< 1097, 91, 6, 0, 65, 165, 6, 1096 >,
 	< 1098, 91, 7, 0, 0, 125, 4, 1097 >,
 	< 1099, 91, 3, 99, 84, 145, 2, 1098 >,
 	< 1100, 91, 10, 0, 0, 174, 0, 1099 >,
 	< 1101, 91, 5, 70, 0, 169, 3, 1100 >,
 	< 1102, 91, 6, 0, 61, 150, 7, 1101 >,
 	< 1103, 91, 10, 0, 0, 193, 5, 1102 >,
 	// order 92
 	< 1104, 92, 9, 0, 90, 188, 1, -1 >,
 	< 1105, 92, 6, 88, 57, 169, 9, 1104 >,
 	< 1106, 92, 4, 81, 0, 141, 8, 1105 >,
 	< 1107, 92, 8, 69, 53, 166, 6, 1106 >,
 	< 1108, 92, 10, 90, 60, 194, 4, 1107 >,
 	< 1109, 92, 7, 52, 70, 105, 2, 1108 >,
 	< 1110, 92, 10, 0, 34, 144, 0, 1109 >,
 	< 1111, 92, 6, 74, 42, 144, 3, 1110 >,
 	< 1112, 92, 4, 64, 0, 102, 7, 1111 >,
 	< 1113, 92, 8, 0, 49, 160, 5, 1112 >,
 	< 1114, 92, 2, 0, 30, 193, 1, 1113 >,
 	< 1115, 92, 2, 0, 0, 101, 9, 1114 >,
 	// order 93
 	< 1116, 93, 1, 85, 87, 112, 8, -1 >,
 	< 1117, 93, 6, 42, 42, 170, 6, 1116 >,
 	< 1118, 93, 8, 67, 53, 195, 4, 1117 >,
 	< 1119, 93, 7, 100, 86, 130, 2, 1118 >,
 	< 1120, 93, 5, 97, 0, 105, 0, 1119 >,
 	< 1121, 93, 6, 0, 60, 185, 3, 1120 >,
 	< 1122, 93, 2, 0, 82, 168, 7, 1121 >,
 	< 1123, 93, 2, 0, 0, 115, 5, 1122 >,
 	< 1124, 93, 10, 0, 55, 165, 1, 1123 >,
 	< 1125, 93, 1, 0, 45, 134, 9, 1124 >,
 	< 1126, 93, 6, 0, 0, 114, 8, 1125 >,
 	< 1127, 93, 5, 0, 0, 117, 6, 1126 >,
 	// order 94
 	< 1128, 94, 3, 77, 58, 127, 4, -1 >,
 	< 1129, 94, 10, 33, 72, 126, 2, 1128 >,
 	< 1130, 94, 6, 0, 89, 186, 0, 1129 >,
 	< 1131, 94, 3, 58, 0, 118, 3, 1130 >,
 	< 1132, 94, 6, 43, 0, 183, 7, 1131 >,
 	< 1133, 94, 9, 0, 0, 107, 5, 1132 >,
 	< 1134, 94, 4, 98, 0, 140, 1, 1133 >,
 	< 1135, 94, 5, 0, 74, 140, 9, 1134 >,
 	< 1136, 94, 10, 0, 100, 197, 8, 1135 >,
 	< 1137, 94, 9, 0, 0, 124, 6, 1136 >,
 	< 1138, 94, 3, 0, 76, 188, 4, 1137 >,
 	< 1139, 94, 1, 0, 57, 197, 2, 1138 >,
 	// order 95
 	< 1140, 95, 5, 0, 79, 189, 0, -1 >,
 	< 1141, 95, 3, 69, 69, 135, 3, 1140 >,
 	< 1142, 95, 5, 96, 53, 114, 7, 1141 >,
 	< 1143, 95, 1, 46, 54, 177, 5, 1142 >,
 	< 1144, 95, 8, 0, 64, 199, 1, 1143 >,
 	< 1145, 95, 1, 0, 0, 175, 9, 1144 >,
 	< 1146, 95, 10, 42, 0, 135, 8, 1145 >,
 	< 1147, 95, 4, 82, 0, 125, 6, 1146 >,
 	< 1148, 95, 6, 93, 84, 191, 4, 1147 >,
 	< 1149, 95, 7, 97, 0, 182, 2, 1148 >,
 	< 1150, 95, 2, 0, 0, 136, 0, 1149 >,
 	< 1151, 95, 9, 35, 75, 146, 3, 1150 >,
 	// order 96
 	< 1152, 96, 8, 0, 64, 179, 7, -1 >,
 	< 1153, 96, 8, 99, 60, 119, 5, 1152 >,
 	< 1154, 96, 9, 0, 48, 191, 1, 1153 >,
 	< 1155, 96, 3, 0, 52, 155, 9, 1154 >,
 	< 1156, 96, 2, 0, 89, 139, 8, 1155 >,
 	< 1157, 96, 1, 66, 69, 197, 6, 1156 >,
 	< 1158, 96, 7, 86, 0, 129, 4, 1157 >,
 	< 1159, 96, 4, 40, 70, 114, 2, 1158 >,
 	< 1160, 96, 6, 48, 52, 109, 0, 1159 >,
 	< 1161, 96, 10, 0, 0, 119, 3, 1160 >,
 	< 1162, 96, 4, 73, 77, 165, 7, 1161 >,
 	< 1163, 96, 4, 85, 0, 112, 5, 1162 >,
 	// order 97
 	< 1164, 97, 9, 0, 0, 157, 1, -1 >,
 	< 1165, 97, 10, 73, 34, 143, 9, 1164 >,
 	< 1166, 97, 4, 32, 52, 157, 8, 1165 >,
 	< 1167, 97, 5, 88, 48, 152, 6, 1166 >,
 	< 1168, 97, 8, 0, 43, 139, 4, 1167 >,
 	< 1169, 97, 7, 71, 0, 116, 2, 1168 >,
 	< 1170, 97, 2, 0, 57, 106, 0, 1169 >,
 	< 1171, 97, 4, 0, 0, 132, 3, 1170 >,
 	< 1172, 97, 6, 84, 95, 158, 7, 1171 >,
 	< 1173, 97, 2, 0, 0, 198, 5, 1172 >,
 	< 1174, 97, 10, 92, 55, 146, 1, 1173 >,
 	< 1175, 97, 9, 86, 100, 121, 9, 1174 >,
 	// order 98
 	< 1176, 98, 5, 45, 31, 103, 8, -1 >,
 	< 1177, 98, 10, 32, 0, 171, 6, 1176 >,
 	< 1178, 98, 3, 68, 0, 142, 4, 1177 >,
 	< 1179, 98, 10, 47, 0, 160, 2, 1178 >,
 	< 1180, 98, 7, 44, 0, 115, 0, 1179 >,
 	< 1181, 98, 4, 46, 68, 154, 3, 1180 >,
 	< 1182, 98, 4, 0, 86, 173, 7, 1181 >,
 	< 1183, 98, 1, 38, 0, 158, 5, 1182 >,
 	< 1184, 98, 10, 47, 39, 182, 1, 1183 >,
 	< 1185, 98, 5, 0, 43, 133, 9, 1184 >,
 	< 1186, 98, 8, 90, 0, 101, 8, 1185 >,
 	< 1187, 98, 7, 77, 49, 132, 6, 1186 >,
 	// order 99
 	< 1188, 99, 9, 0, 59, 103, 4, -1 >,
 	< 1189, 99, 3, 96, 0, 113, 2, 1188 >,
 	< 1190, 99, 9, 0, 32, 196, 0, 1189 >,
 	< 1191, 99, 7, 0, 63, 182, 3, 1190 >,
 	< 1192, 99, 1, 0, 0, 159, 7, 1191 >,
 	< 1193, 99, 8, 55, 57, 171, 5, 1192 >,
 	< 1194, 99, 5, 0, 0, 162, 1, 1193 >,
 	< 1195, 99, 7, 0, 81, 178, 9, 1194 >,
 	< 1196, 99, 3, 84, 0, 120, 8, 1195 >,
 	< 1197, 99, 10, 42, 0, 105, 6, 1196 >,
 	< 1198, 99, 1, 39, 63, 131, 4, 1197 >,
 	< 1199, 99, 6, 54, 57, 185, 2, 1198 >
 };
