/*********************************************
 * OPL 12.10.0.0 Data
 * Author: Kinast
 * Creation date: Aug 17, 2021 at 11:49:29 AM
 *********************************************/

 nOrders = 100;
 nTasks = 1200;

 nWorkgroups = 10;
 nWorkstations = 30;

 nCobots = 0;
 cobotTimeFactor = 0.7;

 workstations = {
 	< 0, "Workstation 0", 0, 1.05, 0.95, 1, 3 >,
 	< 1, "Workstation 1", 1, 0.79, 0.94, 1, 5 >,
 	< 2, "Workstation 2", 2, 1.09, 1.11, 1, 2 >,
 	< 3, "Workstation 3", 3, 0.87, 1.07, 1, 5 >,
 	< 4, "Workstation 4", 4, 1.02, 1.23, 1, 3 >,
 	< 5, "Workstation 5", 2, 1.11, 1.09, 1, 5 >,
 	< 6, "Workstation 6", 5, 0.99, 0.96, 1, 5 >,
 	< 7, "Workstation 7", 3, 0.79, 0.87, 1, 1 >,
 	< 8, "Workstation 8", 6, 1.23, 1.05, 1, 1 >,
 	< 9, "Workstation 9", 7, 1.1, 1.07, 1, 3 >,
 	< 10, "Workstation 10", 7, 1.08, 0.8, 1, 4 >,
 	< 11, "Workstation 11", 4, 1.22, 1.21, 1, 4 >,
 	< 12, "Workstation 12", 0, 0.85, 0.85, 1, 2 >,
 	< 13, "Workstation 13", 6, 1.16, 0.85, 1, 1 >,
 	< 14, "Workstation 14", 8, 1.11, 1.12, 1, 1 >,
 	< 15, "Workstation 15", 5, 0.76, 1.21, 1, 4 >,
 	< 16, "Workstation 16", 1, 1.14, 1.2, 1, 1 >,
 	< 17, "Workstation 17", 9, 0.96, 1.24, 1, 1 >,
 	< 18, "Workstation 18", 2, 1.19, 1.18, 1, 1 >,
 	< 19, "Workstation 19", 8, 1.19, 1.05, 1, 1 >,
 	< 20, "Workstation 20", 3, 0.76, 0.97, 1, 3 >,
 	< 21, "Workstation 21", 6, 1.15, 0.81, 1, 1 >,
 	< 22, "Workstation 22", 7, 0.89, 0.96, 1, 2 >,
 	< 23, "Workstation 23", 4, 1.2, 1.23, 1, 1 >,
 	< 24, "Workstation 24", 9, 0.87, 0.95, 1, 1 >,
 	< 25, "Workstation 25", 1, 1.23, 1.12, 1, 1 >,
 	< 26, "Workstation 26", 9, 0.85, 0.79, 1, 4 >,
 	< 27, "Workstation 27", 8, 0.99, 1.03, 1, 3 >,
 	< 28, "Workstation 28", 0, 1.22, 0.81, 1, 2 >,
 	< 29, "Workstation 29", 5, 0.96, 0.92, 1, 3 >
 };

 tasks = {
 	// order 0
 	< 0, 0, 5, 68, 0, 165, 7, -1 >,
 	< 1, 0, 6, 45, 0, 159, 3, 0 >,
 	< 2, 0, 5, 0, 41, 108, 5, 1 >,
 	< 3, 0, 5, 44, 0, 144, 8, 2 >,
 	< 4, 0, 5, 51, 35, 152, 9, 3 >,
 	< 5, 0, 6, 98, 52, 113, 4, 4 >,
 	< 6, 0, 8, 0, 0, 181, 0, 5 >,
 	< 7, 0, 6, 31, 0, 104, 1, 6 >,
 	< 8, 0, 4, 65, 50, 167, 2, 7 >,
 	< 9, 0, 10, 36, 77, 141, 6, 8 >,
 	< 10, 0, 9, 66, 0, 155, 7, 9 >,
 	< 11, 0, 10, 0, 89, 124, 3, 10 >,
 	// order 1
 	< 12, 1, 6, 0, 0, 129, 5, -1 >,
 	< 13, 1, 3, 49, 71, 117, 8, 12 >,
 	< 14, 1, 4, 0, 0, 141, 9, 13 >,
 	< 15, 1, 9, 0, 91, 155, 4, 14 >,
 	< 16, 1, 2, 83, 80, 191, 0, 15 >,
 	< 17, 1, 4, 68, 98, 191, 1, 16 >,
 	< 18, 1, 2, 0, 0, 102, 2, 17 >,
 	< 19, 1, 3, 100, 0, 105, 6, 18 >,
 	< 20, 1, 4, 0, 0, 150, 7, 19 >,
 	< 21, 1, 1, 0, 37, 145, 3, 20 >,
 	< 22, 1, 5, 0, 0, 144, 5, 21 >,
 	< 23, 1, 7, 0, 73, 164, 8, 22 >,
 	// order 2
 	< 24, 2, 4, 46, 95, 162, 9, -1 >,
 	< 25, 2, 3, 0, 0, 104, 4, 24 >,
 	< 26, 2, 4, 74, 64, 150, 0, 25 >,
 	< 27, 2, 9, 68, 0, 168, 1, 26 >,
 	< 28, 2, 5, 73, 0, 158, 2, 27 >,
 	< 29, 2, 9, 77, 79, 124, 6, 28 >,
 	< 30, 2, 7, 73, 0, 183, 7, 29 >,
 	< 31, 2, 7, 0, 45, 177, 3, 30 >,
 	< 32, 2, 3, 80, 86, 136, 5, 31 >,
 	< 33, 2, 8, 90, 47, 146, 8, 32 >,
 	< 34, 2, 10, 56, 75, 135, 9, 33 >,
 	< 35, 2, 9, 71, 54, 115, 4, 34 >,
 	// order 3
 	< 36, 3, 10, 43, 0, 167, 0, -1 >,
 	< 37, 3, 2, 0, 96, 192, 1, 36 >,
 	< 38, 3, 3, 93, 0, 178, 2, 37 >,
 	< 39, 3, 5, 82, 33, 200, 6, 38 >,
 	< 40, 3, 2, 78, 0, 121, 7, 39 >,
 	< 41, 3, 1, 85, 42, 162, 3, 40 >,
 	< 42, 3, 5, 94, 0, 117, 5, 41 >,
 	< 43, 3, 8, 0, 42, 129, 8, 42 >,
 	< 44, 3, 6, 0, 72, 172, 9, 43 >,
 	< 45, 3, 5, 55, 90, 195, 4, 44 >,
 	< 46, 3, 4, 0, 89, 151, 0, 45 >,
 	< 47, 3, 10, 0, 0, 158, 1, 46 >,
 	// order 4
 	< 48, 4, 2, 0, 71, 135, 2, -1 >,
 	< 49, 4, 4, 0, 49, 110, 6, 48 >,
 	< 50, 4, 5, 0, 80, 161, 7, 49 >,
 	< 51, 4, 9, 63, 0, 159, 3, 50 >,
 	< 52, 4, 4, 0, 53, 167, 5, 51 >,
 	< 53, 4, 2, 0, 0, 122, 8, 52 >,
 	< 54, 4, 7, 87, 72, 112, 9, 53 >,
 	< 55, 4, 2, 0, 0, 125, 4, 54 >,
 	< 56, 4, 4, 0, 35, 167, 0, 55 >,
 	< 57, 4, 4, 61, 0, 121, 1, 56 >,
 	< 58, 4, 10, 64, 70, 126, 2, 57 >,
 	< 59, 4, 8, 58, 47, 193, 6, 58 >,
 	// order 5
 	< 60, 5, 3, 73, 0, 166, 7, -1 >,
 	< 61, 5, 5, 0, 59, 155, 3, 60 >,
 	< 62, 5, 9, 0, 0, 148, 5, 61 >,
 	< 63, 5, 5, 0, 0, 194, 8, 62 >,
 	< 64, 5, 8, 98, 47, 111, 9, 63 >,
 	< 65, 5, 4, 99, 0, 137, 4, 64 >,
 	< 66, 5, 7, 45, 0, 145, 0, 65 >,
 	< 67, 5, 9, 0, 0, 135, 1, 66 >,
 	< 68, 5, 8, 0, 0, 187, 2, 67 >,
 	< 69, 5, 8, 0, 49, 185, 6, 68 >,
 	< 70, 5, 1, 59, 0, 147, 7, 69 >,
 	< 71, 5, 3, 98, 0, 125, 3, 70 >,
 	// order 6
 	< 72, 6, 6, 0, 64, 193, 5, -1 >,
 	< 73, 6, 3, 75, 45, 167, 8, 72 >,
 	< 74, 6, 6, 0, 86, 121, 9, 73 >,
 	< 75, 6, 3, 0, 0, 108, 4, 74 >,
 	< 76, 6, 9, 0, 0, 199, 0, 75 >,
 	< 77, 6, 9, 98, 0, 144, 1, 76 >,
 	< 78, 6, 1, 0, 0, 156, 2, 77 >,
 	< 79, 6, 1, 54, 100, 125, 6, 78 >,
 	< 80, 6, 7, 0, 40, 105, 7, 79 >,
 	< 81, 6, 2, 0, 68, 159, 3, 80 >,
 	< 82, 6, 3, 35, 47, 141, 5, 81 >,
 	< 83, 6, 2, 89, 56, 124, 8, 82 >,
 	// order 7
 	< 84, 7, 5, 0, 85, 118, 9, -1 >,
 	< 85, 7, 1, 0, 61, 131, 4, 84 >,
 	< 86, 7, 3, 0, 0, 103, 0, 85 >,
 	< 87, 7, 1, 0, 87, 139, 1, 86 >,
 	< 88, 7, 9, 0, 43, 104, 2, 87 >,
 	< 89, 7, 4, 51, 89, 135, 6, 88 >,
 	< 90, 7, 1, 0, 59, 159, 7, 89 >,
 	< 91, 7, 6, 49, 0, 146, 3, 90 >,
 	< 92, 7, 7, 40, 82, 185, 5, 91 >,
 	< 93, 7, 5, 0, 0, 189, 8, 92 >,
 	< 94, 7, 1, 0, 0, 150, 9, 93 >,
 	< 95, 7, 9, 30, 60, 155, 4, 94 >,
 	// order 8
 	< 96, 8, 8, 0, 0, 109, 0, -1 >,
 	< 97, 8, 3, 55, 0, 145, 1, 96 >,
 	< 98, 8, 6, 79, 95, 123, 2, 97 >,
 	< 99, 8, 8, 48, 0, 150, 6, 98 >,
 	< 100, 8, 3, 0, 0, 196, 7, 99 >,
 	< 101, 8, 4, 0, 0, 138, 3, 100 >,
 	< 102, 8, 6, 70, 0, 185, 5, 101 >,
 	< 103, 8, 5, 51, 33, 169, 8, 102 >,
 	< 104, 8, 9, 0, 0, 177, 9, 103 >,
 	< 105, 8, 9, 0, 0, 122, 4, 104 >,
 	< 106, 8, 3, 0, 0, 121, 0, 105 >,
 	< 107, 8, 8, 0, 54, 163, 1, 106 >,
 	// order 9
 	< 108, 9, 10, 0, 44, 165, 2, -1 >,
 	< 109, 9, 10, 0, 96, 162, 6, 108 >,
 	< 110, 9, 9, 0, 0, 194, 7, 109 >,
 	< 111, 9, 3, 70, 0, 101, 3, 110 >,
 	< 112, 9, 9, 0, 82, 104, 5, 111 >,
 	< 113, 9, 9, 38, 74, 183, 8, 112 >,
 	< 114, 9, 9, 37, 0, 131, 9, 113 >,
 	< 115, 9, 5, 0, 0, 124, 4, 114 >,
 	< 116, 9, 6, 40, 72, 146, 0, 115 >,
 	< 117, 9, 9, 0, 0, 181, 1, 116 >,
 	< 118, 9, 8, 0, 94, 151, 2, 117 >,
 	< 119, 9, 3, 0, 0, 171, 6, 118 >,
 	// order 10
 	< 120, 10, 4, 90, 100, 111, 7, -1 >,
 	< 121, 10, 8, 47, 0, 162, 3, 120 >,
 	< 122, 10, 8, 0, 0, 117, 5, 121 >,
 	< 123, 10, 5, 42, 40, 159, 8, 122 >,
 	< 124, 10, 10, 86, 95, 165, 9, 123 >,
 	< 125, 10, 1, 0, 88, 185, 4, 124 >,
 	< 126, 10, 2, 36, 77, 108, 0, 125 >,
 	< 127, 10, 2, 87, 74, 102, 1, 126 >,
 	< 128, 10, 8, 0, 36, 161, 2, 127 >,
 	< 129, 10, 5, 37, 45, 112, 6, 128 >,
 	< 130, 10, 5, 33, 0, 107, 7, 129 >,
 	< 131, 10, 5, 95, 47, 178, 3, 130 >,
 	// order 11
 	< 132, 11, 7, 100, 88, 181, 5, -1 >,
 	< 133, 11, 1, 53, 0, 132, 8, 132 >,
 	< 134, 11, 8, 0, 59, 156, 9, 133 >,
 	< 135, 11, 5, 99, 30, 189, 4, 134 >,
 	< 136, 11, 5, 71, 30, 109, 0, 135 >,
 	< 137, 11, 4, 0, 99, 178, 1, 136 >,
 	< 138, 11, 10, 0, 36, 194, 2, 137 >,
 	< 139, 11, 7, 36, 93, 106, 6, 138 >,
 	< 140, 11, 2, 0, 56, 165, 7, 139 >,
 	< 141, 11, 10, 0, 0, 168, 3, 140 >,
 	< 142, 11, 6, 83, 0, 135, 5, 141 >,
 	< 143, 11, 1, 0, 95, 153, 8, 142 >,
 	// order 12
 	< 144, 12, 3, 0, 0, 101, 9, -1 >,
 	< 145, 12, 2, 0, 63, 150, 4, 144 >,
 	< 146, 12, 10, 0, 30, 200, 0, 145 >,
 	< 147, 12, 5, 62, 75, 144, 1, 146 >,
 	< 148, 12, 5, 49, 0, 124, 2, 147 >,
 	< 149, 12, 2, 84, 89, 140, 6, 148 >,
 	< 150, 12, 1, 0, 0, 164, 7, 149 >,
 	< 151, 12, 7, 37, 34, 112, 3, 150 >,
 	< 152, 12, 5, 54, 94, 177, 5, 151 >,
 	< 153, 12, 8, 88, 68, 117, 8, 152 >,
 	< 154, 12, 5, 0, 0, 116, 9, 153 >,
 	< 155, 12, 1, 31, 83, 173, 4, 154 >,
 	// order 13
 	< 156, 13, 7, 39, 0, 155, 0, -1 >,
 	< 157, 13, 4, 84, 0, 187, 1, 156 >,
 	< 158, 13, 6, 0, 98, 194, 2, 157 >,
 	< 159, 13, 8, 0, 0, 191, 6, 158 >,
 	< 160, 13, 1, 44, 90, 168, 7, 159 >,
 	< 161, 13, 4, 0, 0, 171, 3, 160 >,
 	< 162, 13, 4, 60, 0, 170, 5, 161 >,
 	< 163, 13, 2, 57, 0, 122, 8, 162 >,
 	< 164, 13, 5, 33, 0, 168, 9, 163 >,
 	< 165, 13, 6, 0, 0, 151, 4, 164 >,
 	< 166, 13, 3, 0, 0, 165, 0, 165 >,
 	< 167, 13, 8, 87, 0, 174, 1, 166 >,
 	// order 14
 	< 168, 14, 3, 45, 0, 135, 2, -1 >,
 	< 169, 14, 1, 0, 0, 114, 6, 168 >,
 	< 170, 14, 10, 0, 42, 138, 7, 169 >,
 	< 171, 14, 9, 0, 39, 187, 3, 170 >,
 	< 172, 14, 10, 0, 0, 150, 5, 171 >,
 	< 173, 14, 2, 45, 0, 190, 8, 172 >,
 	< 174, 14, 2, 77, 79, 101, 9, 173 >,
 	< 175, 14, 2, 30, 0, 157, 4, 174 >,
 	< 176, 14, 1, 0, 62, 123, 0, 175 >,
 	< 177, 14, 9, 33, 69, 149, 1, 176 >,
 	< 178, 14, 3, 96, 70, 103, 2, 177 >,
 	< 179, 14, 3, 0, 38, 164, 6, 178 >,
 	// order 15
 	< 180, 15, 2, 61, 0, 138, 7, -1 >,
 	< 181, 15, 2, 0, 0, 120, 3, 180 >,
 	< 182, 15, 2, 0, 91, 164, 5, 181 >,
 	< 183, 15, 6, 48, 0, 196, 8, 182 >,
 	< 184, 15, 2, 53, 63, 110, 9, 183 >,
 	< 185, 15, 10, 0, 0, 107, 4, 184 >,
 	< 186, 15, 4, 75, 0, 137, 0, 185 >,
 	< 187, 15, 2, 31, 64, 156, 1, 186 >,
 	< 188, 15, 9, 55, 0, 192, 2, 187 >,
 	< 189, 15, 10, 0, 100, 124, 6, 188 >,
 	< 190, 15, 1, 73, 39, 179, 7, 189 >,
 	< 191, 15, 4, 42, 0, 197, 3, 190 >,
 	// order 16
 	< 192, 16, 8, 0, 42, 168, 5, -1 >,
 	< 193, 16, 2, 0, 0, 199, 8, 192 >,
 	< 194, 16, 8, 0, 58, 128, 9, 193 >,
 	< 195, 16, 9, 50, 37, 188, 4, 194 >,
 	< 196, 16, 3, 0, 55, 126, 0, 195 >,
 	< 197, 16, 1, 0, 0, 136, 1, 196 >,
 	< 198, 16, 3, 0, 34, 159, 2, 197 >,
 	< 199, 16, 2, 0, 41, 123, 6, 198 >,
 	< 200, 16, 9, 58, 0, 148, 7, 199 >,
 	< 201, 16, 8, 44, 48, 182, 3, 200 >,
 	< 202, 16, 1, 0, 0, 155, 5, 201 >,
 	< 203, 16, 7, 0, 0, 146, 8, 202 >,
 	// order 17
 	< 204, 17, 10, 75, 0, 112, 9, -1 >,
 	< 205, 17, 8, 66, 87, 111, 4, 204 >,
 	< 206, 17, 5, 0, 0, 133, 0, 205 >,
 	< 207, 17, 3, 0, 61, 135, 1, 206 >,
 	< 208, 17, 7, 0, 87, 198, 2, 207 >,
 	< 209, 17, 6, 0, 80, 152, 6, 208 >,
 	< 210, 17, 10, 34, 0, 124, 7, 209 >,
 	< 211, 17, 6, 0, 0, 128, 3, 210 >,
 	< 212, 17, 3, 44, 0, 140, 5, 211 >,
 	< 213, 17, 6, 56, 35, 184, 8, 212 >,
 	< 214, 17, 3, 88, 0, 183, 9, 213 >,
 	< 215, 17, 6, 88, 0, 157, 4, 214 >,
 	// order 18
 	< 216, 18, 6, 0, 47, 191, 0, -1 >,
 	< 217, 18, 3, 0, 0, 189, 1, 216 >,
 	< 218, 18, 8, 0, 72, 116, 2, 217 >,
 	< 219, 18, 6, 0, 0, 141, 6, 218 >,
 	< 220, 18, 3, 0, 0, 127, 7, 219 >,
 	< 221, 18, 6, 49, 0, 109, 3, 220 >,
 	< 222, 18, 1, 0, 84, 140, 5, 221 >,
 	< 223, 18, 1, 83, 57, 188, 8, 222 >,
 	< 224, 18, 6, 0, 0, 200, 9, 223 >,
 	< 225, 18, 1, 0, 48, 122, 4, 224 >,
 	< 226, 18, 7, 0, 0, 128, 0, 225 >,
 	< 227, 18, 5, 41, 0, 126, 1, 226 >,
 	// order 19
 	< 228, 19, 5, 99, 37, 132, 2, -1 >,
 	< 229, 19, 2, 0, 72, 195, 6, 228 >,
 	< 230, 19, 9, 0, 33, 138, 7, 229 >,
 	< 231, 19, 10, 74, 0, 124, 3, 230 >,
 	< 232, 19, 3, 0, 0, 187, 5, 231 >,
 	< 233, 19, 5, 91, 0, 135, 8, 232 >,
 	< 234, 19, 9, 53, 0, 121, 9, 233 >,
 	< 235, 19, 5, 78, 0, 117, 4, 234 >,
 	< 236, 19, 9, 55, 0, 132, 0, 235 >,
 	< 237, 19, 4, 0, 53, 191, 1, 236 >,
 	< 238, 19, 5, 67, 0, 101, 2, 237 >,
 	< 239, 19, 3, 98, 78, 173, 6, 238 >,
 	// order 20
 	< 240, 20, 3, 74, 34, 156, 7, -1 >,
 	< 241, 20, 10, 73, 0, 123, 3, 240 >,
 	< 242, 20, 7, 0, 0, 140, 5, 241 >,
 	< 243, 20, 9, 78, 43, 104, 8, 242 >,
 	< 244, 20, 6, 90, 0, 135, 9, 243 >,
 	< 245, 20, 2, 0, 68, 193, 4, 244 >,
 	< 246, 20, 8, 61, 36, 174, 0, 245 >,
 	< 247, 20, 5, 0, 52, 188, 1, 246 >,
 	< 248, 20, 8, 0, 0, 104, 2, 247 >,
 	< 249, 20, 1, 73, 0, 110, 6, 248 >,
 	< 250, 20, 3, 0, 0, 169, 7, 249 >,
 	< 251, 20, 8, 0, 74, 172, 3, 250 >,
 	// order 21
 	< 252, 21, 5, 0, 35, 156, 5, -1 >,
 	< 253, 21, 5, 0, 0, 172, 8, 252 >,
 	< 254, 21, 4, 0, 0, 144, 9, 253 >,
 	< 255, 21, 8, 42, 37, 159, 4, 254 >,
 	< 256, 21, 2, 0, 0, 186, 0, 255 >,
 	< 257, 21, 7, 0, 51, 108, 1, 256 >,
 	< 258, 21, 8, 89, 88, 154, 2, 257 >,
 	< 259, 21, 4, 42, 90, 177, 6, 258 >,
 	< 260, 21, 10, 0, 0, 130, 7, 259 >,
 	< 261, 21, 3, 89, 73, 152, 3, 260 >,
 	< 262, 21, 9, 0, 0, 153, 5, 261 >,
 	< 263, 21, 5, 0, 34, 165, 8, 262 >,
 	// order 22
 	< 264, 22, 10, 0, 46, 183, 9, -1 >,
 	< 265, 22, 5, 0, 93, 139, 4, 264 >,
 	< 266, 22, 10, 43, 0, 182, 0, 265 >,
 	< 267, 22, 2, 0, 0, 155, 1, 266 >,
 	< 268, 22, 5, 86, 63, 125, 2, 267 >,
 	< 269, 22, 10, 86, 0, 110, 6, 268 >,
 	< 270, 22, 2, 0, 0, 200, 7, 269 >,
 	< 271, 22, 10, 100, 52, 185, 3, 270 >,
 	< 272, 22, 1, 0, 50, 162, 5, 271 >,
 	< 273, 22, 6, 93, 0, 141, 8, 272 >,
 	< 274, 22, 3, 0, 0, 165, 9, 273 >,
 	< 275, 22, 10, 0, 66, 199, 4, 274 >,
 	// order 23
 	< 276, 23, 9, 56, 0, 180, 0, -1 >,
 	< 277, 23, 2, 93, 0, 130, 1, 276 >,
 	< 278, 23, 3, 0, 0, 180, 2, 277 >,
 	< 279, 23, 8, 0, 0, 186, 6, 278 >,
 	< 280, 23, 4, 81, 0, 181, 7, 279 >,
 	< 281, 23, 5, 91, 0, 125, 3, 280 >,
 	< 282, 23, 5, 0, 30, 148, 5, 281 >,
 	< 283, 23, 9, 0, 0, 167, 8, 282 >,
 	< 284, 23, 10, 0, 0, 191, 9, 283 >,
 	< 285, 23, 7, 72, 0, 129, 4, 284 >,
 	< 286, 23, 9, 0, 0, 127, 0, 285 >,
 	< 287, 23, 6, 0, 0, 167, 1, 286 >,
 	// order 24
 	< 288, 24, 3, 97, 54, 194, 2, -1 >,
 	< 289, 24, 1, 0, 0, 115, 6, 288 >,
 	< 290, 24, 5, 0, 67, 130, 7, 289 >,
 	< 291, 24, 7, 61, 47, 194, 3, 290 >,
 	< 292, 24, 1, 44, 0, 160, 5, 291 >,
 	< 293, 24, 1, 96, 0, 151, 8, 292 >,
 	< 294, 24, 6, 87, 97, 112, 9, 293 >,
 	< 295, 24, 8, 45, 0, 144, 4, 294 >,
 	< 296, 24, 2, 0, 0, 190, 0, 295 >,
 	< 297, 24, 7, 0, 78, 156, 1, 296 >,
 	< 298, 24, 1, 99, 41, 178, 2, 297 >,
 	< 299, 24, 8, 83, 38, 153, 6, 298 >,
 	// order 25
 	< 300, 25, 3, 92, 0, 183, 7, -1 >,
 	< 301, 25, 10, 0, 30, 180, 3, 300 >,
 	< 302, 25, 5, 0, 0, 191, 5, 301 >,
 	< 303, 25, 4, 0, 0, 195, 8, 302 >,
 	< 304, 25, 7, 47, 60, 103, 9, 303 >,
 	< 305, 25, 8, 0, 0, 118, 4, 304 >,
 	< 306, 25, 4, 0, 50, 193, 0, 305 >,
 	< 307, 25, 10, 81, 0, 143, 1, 306 >,
 	< 308, 25, 9, 0, 42, 156, 2, 307 >,
 	< 309, 25, 3, 0, 46, 126, 6, 308 >,
 	< 310, 25, 4, 48, 48, 114, 7, 309 >,
 	< 311, 25, 3, 45, 78, 175, 3, 310 >,
 	// order 26
 	< 312, 26, 6, 0, 0, 195, 5, -1 >,
 	< 313, 26, 10, 0, 0, 158, 8, 312 >,
 	< 314, 26, 10, 87, 39, 127, 9, 313 >,
 	< 315, 26, 4, 0, 0, 115, 4, 314 >,
 	< 316, 26, 10, 0, 42, 180, 0, 315 >,
 	< 317, 26, 7, 36, 0, 178, 1, 316 >,
 	< 318, 26, 7, 0, 0, 140, 2, 317 >,
 	< 319, 26, 8, 0, 60, 103, 6, 318 >,
 	< 320, 26, 7, 0, 65, 166, 7, 319 >,
 	< 321, 26, 4, 92, 0, 168, 3, 320 >,
 	< 322, 26, 10, 45, 35, 189, 5, 321 >,
 	< 323, 26, 7, 54, 0, 146, 8, 322 >,
 	// order 27
 	< 324, 27, 2, 41, 96, 163, 9, -1 >,
 	< 325, 27, 2, 0, 0, 105, 4, 324 >,
 	< 326, 27, 4, 32, 0, 177, 0, 325 >,
 	< 327, 27, 2, 42, 37, 180, 1, 326 >,
 	< 328, 27, 6, 0, 0, 101, 2, 327 >,
 	< 329, 27, 5, 60, 35, 116, 6, 328 >,
 	< 330, 27, 6, 0, 63, 157, 7, 329 >,
 	< 331, 27, 8, 0, 77, 152, 3, 330 >,
 	< 332, 27, 5, 0, 71, 181, 5, 331 >,
 	< 333, 27, 2, 0, 0, 178, 8, 332 >,
 	< 334, 27, 2, 63, 0, 166, 9, 333 >,
 	< 335, 27, 7, 0, 0, 149, 4, 334 >,
 	// order 28
 	< 336, 28, 6, 83, 39, 190, 0, -1 >,
 	< 337, 28, 9, 61, 44, 139, 1, 336 >,
 	< 338, 28, 6, 0, 0, 158, 2, 337 >,
 	< 339, 28, 4, 0, 63, 120, 6, 338 >,
 	< 340, 28, 3, 38, 95, 142, 7, 339 >,
 	< 341, 28, 1, 95, 41, 161, 3, 340 >,
 	< 342, 28, 6, 0, 84, 158, 5, 341 >,
 	< 343, 28, 10, 82, 82, 110, 8, 342 >,
 	< 344, 28, 1, 0, 49, 128, 9, 343 >,
 	< 345, 28, 7, 0, 0, 161, 4, 344 >,
 	< 346, 28, 7, 0, 0, 118, 0, 345 >,
 	< 347, 28, 7, 0, 0, 147, 1, 346 >,
 	// order 29
 	< 348, 29, 8, 0, 41, 104, 2, -1 >,
 	< 349, 29, 8, 48, 0, 182, 6, 348 >,
 	< 350, 29, 8, 34, 50, 149, 7, 349 >,
 	< 351, 29, 6, 0, 0, 126, 3, 350 >,
 	< 352, 29, 2, 37, 76, 155, 5, 351 >,
 	< 353, 29, 10, 0, 75, 113, 8, 352 >,
 	< 354, 29, 5, 47, 87, 121, 9, 353 >,
 	< 355, 29, 10, 0, 77, 101, 4, 354 >,
 	< 356, 29, 10, 70, 68, 191, 0, 355 >,
 	< 357, 29, 10, 73, 87, 196, 1, 356 >,
 	< 358, 29, 4, 100, 65, 149, 2, 357 >,
 	< 359, 29, 9, 55, 77, 133, 6, 358 >,
 	// order 30
 	< 360, 30, 8, 85, 0, 128, 7, -1 >,
 	< 361, 30, 7, 83, 39, 188, 3, 360 >,
 	< 362, 30, 3, 0, 30, 106, 5, 361 >,
 	< 363, 30, 3, 0, 0, 154, 8, 362 >,
 	< 364, 30, 7, 95, 87, 127, 9, 363 >,
 	< 365, 30, 5, 84, 75, 117, 4, 364 >,
 	< 366, 30, 2, 0, 80, 112, 0, 365 >,
 	< 367, 30, 6, 99, 33, 136, 1, 366 >,
 	< 368, 30, 2, 0, 94, 152, 2, 367 >,
 	< 369, 30, 5, 67, 0, 171, 6, 368 >,
 	< 370, 30, 2, 32, 88, 167, 7, 369 >,
 	< 371, 30, 1, 0, 0, 198, 3, 370 >,
 	// order 31
 	< 372, 31, 7, 0, 32, 178, 5, -1 >,
 	< 373, 31, 2, 0, 81, 159, 8, 372 >,
 	< 374, 31, 1, 69, 0, 173, 9, 373 >,
 	< 375, 31, 9, 0, 0, 193, 4, 374 >,
 	< 376, 31, 1, 0, 0, 138, 0, 375 >,
 	< 377, 31, 5, 0, 88, 182, 1, 376 >,
 	< 378, 31, 4, 66, 43, 107, 2, 377 >,
 	< 379, 31, 7, 60, 39, 139, 6, 378 >,
 	< 380, 31, 2, 86, 76, 121, 7, 379 >,
 	< 381, 31, 2, 42, 73, 165, 3, 380 >,
 	< 382, 31, 3, 0, 51, 110, 5, 381 >,
 	< 383, 31, 3, 48, 0, 148, 8, 382 >,
 	// order 32
 	< 384, 32, 7, 35, 0, 173, 9, -1 >,
 	< 385, 32, 5, 32, 0, 132, 4, 384 >,
 	< 386, 32, 3, 93, 0, 159, 0, 385 >,
 	< 387, 32, 8, 90, 0, 119, 1, 386 >,
 	< 388, 32, 7, 0, 0, 187, 2, 387 >,
 	< 389, 32, 6, 38, 0, 159, 6, 388 >,
 	< 390, 32, 3, 92, 0, 171, 7, 389 >,
 	< 391, 32, 2, 72, 0, 148, 3, 390 >,
 	< 392, 32, 7, 39, 51, 142, 5, 391 >,
 	< 393, 32, 8, 0, 80, 141, 8, 392 >,
 	< 394, 32, 5, 0, 37, 184, 9, 393 >,
 	< 395, 32, 4, 45, 92, 136, 4, 394 >,
 	// order 33
 	< 396, 33, 4, 0, 0, 157, 0, -1 >,
 	< 397, 33, 4, 0, 0, 104, 1, 396 >,
 	< 398, 33, 7, 0, 0, 137, 2, 397 >,
 	< 399, 33, 7, 0, 81, 193, 6, 398 >,
 	< 400, 33, 5, 58, 0, 167, 7, 399 >,
 	< 401, 33, 2, 74, 30, 188, 3, 400 >,
 	< 402, 33, 9, 0, 0, 165, 5, 401 >,
 	< 403, 33, 7, 0, 79, 138, 8, 402 >,
 	< 404, 33, 8, 0, 0, 128, 9, 403 >,
 	< 405, 33, 8, 0, 0, 198, 4, 404 >,
 	< 406, 33, 8, 0, 53, 159, 0, 405 >,
 	< 407, 33, 8, 97, 0, 199, 1, 406 >,
 	// order 34
 	< 408, 34, 7, 0, 0, 195, 2, -1 >,
 	< 409, 34, 4, 0, 0, 120, 6, 408 >,
 	< 410, 34, 5, 85, 52, 169, 7, 409 >,
 	< 411, 34, 9, 0, 0, 137, 3, 410 >,
 	< 412, 34, 5, 0, 74, 188, 5, 411 >,
 	< 413, 34, 9, 79, 0, 154, 8, 412 >,
 	< 414, 34, 3, 74, 38, 135, 9, 413 >,
 	< 415, 34, 10, 0, 85, 168, 4, 414 >,
 	< 416, 34, 9, 65, 72, 120, 0, 415 >,
 	< 417, 34, 10, 40, 47, 154, 1, 416 >,
 	< 418, 34, 5, 0, 0, 131, 2, 417 >,
 	< 419, 34, 1, 0, 34, 170, 6, 418 >,
 	// order 35
 	< 420, 35, 3, 97, 36, 107, 7, -1 >,
 	< 421, 35, 7, 84, 0, 137, 3, 420 >,
 	< 422, 35, 5, 73, 0, 116, 5, 421 >,
 	< 423, 35, 1, 0, 92, 175, 8, 422 >,
 	< 424, 35, 1, 0, 0, 198, 9, 423 >,
 	< 425, 35, 3, 0, 32, 187, 4, 424 >,
 	< 426, 35, 1, 0, 100, 163, 0, 425 >,
 	< 427, 35, 3, 80, 38, 135, 1, 426 >,
 	< 428, 35, 10, 0, 0, 188, 2, 427 >,
 	< 429, 35, 2, 89, 0, 114, 6, 428 >,
 	< 430, 35, 1, 0, 43, 196, 7, 429 >,
 	< 431, 35, 3, 97, 91, 183, 3, 430 >,
 	// order 36
 	< 432, 36, 9, 94, 0, 199, 5, -1 >,
 	< 433, 36, 7, 99, 73, 129, 8, 432 >,
 	< 434, 36, 8, 0, 83, 166, 9, 433 >,
 	< 435, 36, 9, 0, 65, 141, 4, 434 >,
 	< 436, 36, 6, 87, 58, 152, 0, 435 >,
 	< 437, 36, 1, 0, 0, 161, 1, 436 >,
 	< 438, 36, 8, 50, 0, 106, 2, 437 >,
 	< 439, 36, 5, 93, 0, 101, 6, 438 >,
 	< 440, 36, 9, 0, 83, 135, 7, 439 >,
 	< 441, 36, 5, 44, 91, 182, 3, 440 >,
 	< 442, 36, 1, 0, 0, 135, 5, 441 >,
 	< 443, 36, 1, 0, 0, 158, 8, 442 >,
 	// order 37
 	< 444, 37, 2, 71, 0, 100, 9, -1 >,
 	< 445, 37, 6, 0, 0, 105, 4, 444 >,
 	< 446, 37, 7, 0, 0, 123, 0, 445 >,
 	< 447, 37, 5, 0, 46, 136, 1, 446 >,
 	< 448, 37, 1, 95, 89, 184, 2, 447 >,
 	< 449, 37, 7, 77, 0, 187, 6, 448 >,
 	< 450, 37, 2, 0, 0, 143, 7, 449 >,
 	< 451, 37, 4, 0, 0, 127, 3, 450 >,
 	< 452, 37, 9, 45, 0, 127, 5, 451 >,
 	< 453, 37, 7, 57, 71, 169, 8, 452 >,
 	< 454, 37, 9, 38, 31, 181, 9, 453 >,
 	< 455, 37, 7, 0, 82, 183, 4, 454 >,
 	// order 38
 	< 456, 38, 3, 89, 0, 195, 0, -1 >,
 	< 457, 38, 7, 73, 40, 113, 1, 456 >,
 	< 458, 38, 3, 0, 89, 134, 2, 457 >,
 	< 459, 38, 7, 0, 0, 146, 6, 458 >,
 	< 460, 38, 8, 0, 57, 200, 7, 459 >,
 	< 461, 38, 10, 0, 0, 162, 3, 460 >,
 	< 462, 38, 7, 67, 32, 132, 5, 461 >,
 	< 463, 38, 4, 0, 77, 186, 8, 462 >,
 	< 464, 38, 6, 0, 68, 176, 9, 463 >,
 	< 465, 38, 6, 89, 0, 147, 4, 464 >,
 	< 466, 38, 10, 0, 0, 128, 0, 465 >,
 	< 467, 38, 1, 0, 62, 135, 1, 466 >,
 	// order 39
 	< 468, 39, 10, 0, 0, 200, 2, -1 >,
 	< 469, 39, 3, 0, 82, 134, 6, 468 >,
 	< 470, 39, 6, 0, 81, 158, 7, 469 >,
 	< 471, 39, 5, 71, 60, 163, 3, 470 >,
 	< 472, 39, 4, 0, 42, 115, 5, 471 >,
 	< 473, 39, 7, 32, 0, 200, 8, 472 >,
 	< 474, 39, 4, 0, 71, 172, 9, 473 >,
 	< 475, 39, 6, 0, 0, 140, 4, 474 >,
 	< 476, 39, 4, 0, 58, 132, 0, 475 >,
 	< 477, 39, 8, 49, 0, 102, 1, 476 >,
 	< 478, 39, 5, 0, 0, 145, 2, 477 >,
 	< 479, 39, 9, 79, 49, 185, 6, 478 >,
 	// order 40
 	< 480, 40, 6, 0, 63, 135, 7, -1 >,
 	< 481, 40, 3, 30, 0, 187, 3, 480 >,
 	< 482, 40, 9, 57, 0, 109, 5, 481 >,
 	< 483, 40, 5, 90, 0, 146, 8, 482 >,
 	< 484, 40, 7, 0, 0, 100, 9, 483 >,
 	< 485, 40, 9, 90, 0, 112, 4, 484 >,
 	< 486, 40, 7, 0, 91, 135, 0, 485 >,
 	< 487, 40, 9, 0, 57, 105, 1, 486 >,
 	< 488, 40, 2, 66, 0, 163, 2, 487 >,
 	< 489, 40, 2, 34, 0, 135, 6, 488 >,
 	< 490, 40, 4, 0, 67, 182, 7, 489 >,
 	< 491, 40, 3, 0, 70, 162, 3, 490 >,
 	// order 41
 	< 492, 41, 8, 0, 92, 152, 5, -1 >,
 	< 493, 41, 9, 0, 32, 133, 8, 492 >,
 	< 494, 41, 1, 40, 36, 174, 9, 493 >,
 	< 495, 41, 2, 0, 91, 118, 4, 494 >,
 	< 496, 41, 5, 78, 44, 118, 0, 495 >,
 	< 497, 41, 4, 0, 0, 160, 1, 496 >,
 	< 498, 41, 1, 0, 48, 177, 2, 497 >,
 	< 499, 41, 8, 72, 35, 179, 6, 498 >,
 	< 500, 41, 1, 48, 0, 126, 7, 499 >,
 	< 501, 41, 1, 0, 0, 111, 3, 500 >,
 	< 502, 41, 10, 0, 60, 130, 5, 501 >,
 	< 503, 41, 9, 0, 0, 132, 8, 502 >,
 	// order 42
 	< 504, 42, 7, 89, 81, 104, 9, -1 >,
 	< 505, 42, 9, 0, 53, 198, 4, 504 >,
 	< 506, 42, 5, 99, 58, 146, 0, 505 >,
 	< 507, 42, 6, 0, 0, 194, 1, 506 >,
 	< 508, 42, 2, 97, 0, 167, 2, 507 >,
 	< 509, 42, 9, 0, 0, 195, 6, 508 >,
 	< 510, 42, 10, 0, 49, 110, 7, 509 >,
 	< 511, 42, 4, 39, 0, 121, 3, 510 >,
 	< 512, 42, 6, 64, 0, 111, 5, 511 >,
 	< 513, 42, 7, 0, 0, 191, 8, 512 >,
 	< 514, 42, 1, 48, 85, 138, 9, 513 >,
 	< 515, 42, 6, 92, 34, 119, 4, 514 >,
 	// order 43
 	< 516, 43, 6, 0, 55, 149, 0, -1 >,
 	< 517, 43, 10, 0, 63, 144, 1, 516 >,
 	< 518, 43, 4, 0, 0, 174, 2, 517 >,
 	< 519, 43, 1, 84, 55, 139, 6, 518 >,
 	< 520, 43, 7, 0, 0, 110, 7, 519 >,
 	< 521, 43, 8, 83, 71, 142, 3, 520 >,
 	< 522, 43, 1, 0, 0, 101, 5, 521 >,
 	< 523, 43, 1, 93, 74, 172, 8, 522 >,
 	< 524, 43, 9, 0, 0, 160, 9, 523 >,
 	< 525, 43, 6, 75, 0, 132, 4, 524 >,
 	< 526, 43, 9, 0, 0, 152, 0, 525 >,
 	< 527, 43, 7, 40, 65, 166, 1, 526 >,
 	// order 44
 	< 528, 44, 9, 0, 0, 129, 2, -1 >,
 	< 529, 44, 1, 0, 0, 112, 6, 528 >,
 	< 530, 44, 2, 48, 31, 122, 7, 529 >,
 	< 531, 44, 7, 50, 78, 159, 3, 530 >,
 	< 532, 44, 8, 79, 80, 130, 5, 531 >,
 	< 533, 44, 1, 66, 0, 188, 8, 532 >,
 	< 534, 44, 1, 0, 0, 176, 9, 533 >,
 	< 535, 44, 6, 0, 0, 138, 4, 534 >,
 	< 536, 44, 3, 0, 62, 135, 0, 535 >,
 	< 537, 44, 1, 0, 0, 182, 1, 536 >,
 	< 538, 44, 9, 0, 0, 117, 2, 537 >,
 	< 539, 44, 1, 94, 63, 192, 6, 538 >,
 	// order 45
 	< 540, 45, 6, 53, 0, 161, 7, -1 >,
 	< 541, 45, 8, 47, 0, 195, 3, 540 >,
 	< 542, 45, 5, 0, 0, 124, 5, 541 >,
 	< 543, 45, 6, 0, 0, 193, 8, 542 >,
 	< 544, 45, 6, 0, 72, 120, 9, 543 >,
 	< 545, 45, 3, 54, 0, 171, 4, 544 >,
 	< 546, 45, 10, 0, 0, 188, 0, 545 >,
 	< 547, 45, 1, 0, 0, 163, 1, 546 >,
 	< 548, 45, 10, 0, 0, 172, 2, 547 >,
 	< 549, 45, 6, 82, 0, 136, 6, 548 >,
 	< 550, 45, 8, 0, 0, 158, 7, 549 >,
 	< 551, 45, 7, 99, 0, 112, 3, 550 >,
 	// order 46
 	< 552, 46, 5, 69, 0, 153, 5, -1 >,
 	< 553, 46, 3, 38, 0, 188, 8, 552 >,
 	< 554, 46, 8, 32, 85, 198, 9, 553 >,
 	< 555, 46, 6, 0, 87, 183, 4, 554 >,
 	< 556, 46, 8, 33, 34, 128, 0, 555 >,
 	< 557, 46, 2, 0, 0, 177, 1, 556 >,
 	< 558, 46, 3, 97, 0, 146, 2, 557 >,
 	< 559, 46, 1, 66, 40, 140, 6, 558 >,
 	< 560, 46, 5, 57, 83, 141, 7, 559 >,
 	< 561, 46, 3, 37, 48, 155, 3, 560 >,
 	< 562, 46, 3, 39, 47, 147, 5, 561 >,
 	< 563, 46, 10, 0, 34, 110, 8, 562 >,
 	// order 47
 	< 564, 47, 6, 0, 0, 157, 9, -1 >,
 	< 565, 47, 4, 82, 84, 166, 4, 564 >,
 	< 566, 47, 5, 0, 0, 167, 0, 565 >,
 	< 567, 47, 1, 0, 91, 153, 1, 566 >,
 	< 568, 47, 2, 0, 98, 165, 2, 567 >,
 	< 569, 47, 4, 0, 69, 104, 6, 568 >,
 	< 570, 47, 10, 59, 0, 175, 7, 569 >,
 	< 571, 47, 9, 77, 96, 170, 3, 570 >,
 	< 572, 47, 4, 64, 91, 147, 5, 571 >,
 	< 573, 47, 2, 41, 0, 112, 8, 572 >,
 	< 574, 47, 6, 0, 96, 162, 9, 573 >,
 	< 575, 47, 2, 0, 0, 200, 4, 574 >,
 	// order 48
 	< 576, 48, 4, 0, 88, 196, 0, -1 >,
 	< 577, 48, 1, 47, 55, 164, 1, 576 >,
 	< 578, 48, 1, 89, 42, 145, 2, 577 >,
 	< 579, 48, 1, 93, 0, 173, 6, 578 >,
 	< 580, 48, 4, 88, 0, 196, 7, 579 >,
 	< 581, 48, 6, 44, 46, 164, 3, 580 >,
 	< 582, 48, 10, 0, 0, 142, 5, 581 >,
 	< 583, 48, 7, 90, 92, 199, 8, 582 >,
 	< 584, 48, 9, 36, 74, 107, 9, 583 >,
 	< 585, 48, 8, 0, 0, 165, 4, 584 >,
 	< 586, 48, 4, 73, 79, 199, 0, 585 >,
 	< 587, 48, 9, 0, 0, 144, 1, 586 >,
 	// order 49
 	< 588, 49, 7, 58, 0, 200, 2, -1 >,
 	< 589, 49, 5, 83, 39, 193, 6, 588 >,
 	< 590, 49, 3, 0, 72, 135, 7, 589 >,
 	< 591, 49, 8, 53, 0, 105, 3, 590 >,
 	< 592, 49, 1, 71, 0, 114, 5, 591 >,
 	< 593, 49, 8, 0, 78, 112, 8, 592 >,
 	< 594, 49, 9, 0, 0, 134, 9, 593 >,
 	< 595, 49, 1, 0, 74, 115, 4, 594 >,
 	< 596, 49, 5, 0, 0, 189, 0, 595 >,
 	< 597, 49, 8, 0, 0, 188, 1, 596 >,
 	< 598, 49, 2, 0, 0, 130, 2, 597 >,
 	< 599, 49, 8, 57, 41, 182, 6, 598 >,
 	// order 50
 	< 600, 50, 1, 81, 0, 102, 7, -1 >,
 	< 601, 50, 2, 0, 0, 185, 3, 600 >,
 	< 602, 50, 9, 0, 46, 101, 5, 601 >,
 	< 603, 50, 9, 0, 0, 105, 8, 602 >,
 	< 604, 50, 7, 91, 0, 166, 9, 603 >,
 	< 605, 50, 9, 0, 0, 143, 4, 604 >,
 	< 606, 50, 9, 0, 34, 172, 0, 605 >,
 	< 607, 50, 9, 0, 85, 143, 1, 606 >,
 	< 608, 50, 3, 49, 72, 122, 2, 607 >,
 	< 609, 50, 7, 0, 36, 124, 6, 608 >,
 	< 610, 50, 5, 89, 0, 197, 7, 609 >,
 	< 611, 50, 5, 85, 0, 185, 3, 610 >,
 	// order 51
 	< 612, 51, 1, 78, 0, 104, 5, -1 >,
 	< 613, 51, 4, 78, 96, 134, 8, 612 >,
 	< 614, 51, 2, 85, 0, 137, 9, 613 >,
 	< 615, 51, 9, 0, 0, 104, 4, 614 >,
 	< 616, 51, 5, 51, 0, 141, 0, 615 >,
 	< 617, 51, 6, 81, 60, 134, 1, 616 >,
 	< 618, 51, 9, 70, 0, 133, 2, 617 >,
 	< 619, 51, 7, 68, 86, 180, 6, 618 >,
 	< 620, 51, 10, 0, 51, 179, 7, 619 >,
 	< 621, 51, 1, 0, 74, 169, 3, 620 >,
 	< 622, 51, 8, 0, 0, 142, 5, 621 >,
 	< 623, 51, 4, 0, 66, 159, 8, 622 >,
 	// order 52
 	< 624, 52, 1, 45, 61, 152, 9, -1 >,
 	< 625, 52, 2, 83, 41, 172, 4, 624 >,
 	< 626, 52, 2, 0, 72, 114, 0, 625 >,
 	< 627, 52, 3, 0, 77, 149, 1, 626 >,
 	< 628, 52, 2, 76, 0, 143, 2, 627 >,
 	< 629, 52, 2, 100, 0, 189, 6, 628 >,
 	< 630, 52, 1, 0, 92, 177, 7, 629 >,
 	< 631, 52, 6, 0, 73, 148, 3, 630 >,
 	< 632, 52, 5, 63, 73, 191, 5, 631 >,
 	< 633, 52, 9, 44, 0, 169, 8, 632 >,
 	< 634, 52, 8, 71, 59, 196, 9, 633 >,
 	< 635, 52, 3, 0, 0, 178, 4, 634 >,
 	// order 53
 	< 636, 53, 8, 48, 86, 152, 0, -1 >,
 	< 637, 53, 8, 72, 52, 114, 1, 636 >,
 	< 638, 53, 2, 54, 0, 169, 2, 637 >,
 	< 639, 53, 6, 50, 86, 192, 6, 638 >,
 	< 640, 53, 3, 0, 0, 113, 7, 639 >,
 	< 641, 53, 2, 0, 42, 169, 3, 640 >,
 	< 642, 53, 6, 82, 0, 120, 5, 641 >,
 	< 643, 53, 3, 57, 0, 198, 8, 642 >,
 	< 644, 53, 7, 0, 0, 162, 9, 643 >,
 	< 645, 53, 8, 58, 0, 126, 4, 644 >,
 	< 646, 53, 8, 83, 97, 175, 0, 645 >,
 	< 647, 53, 1, 0, 0, 139, 1, 646 >,
 	// order 54
 	< 648, 54, 7, 0, 77, 162, 2, -1 >,
 	< 649, 54, 6, 0, 0, 119, 6, 648 >,
 	< 650, 54, 2, 0, 40, 118, 7, 649 >,
 	< 651, 54, 10, 0, 89, 166, 3, 650 >,
 	< 652, 54, 7, 81, 0, 134, 5, 651 >,
 	< 653, 54, 5, 0, 93, 179, 8, 652 >,
 	< 654, 54, 5, 0, 58, 200, 9, 653 >,
 	< 655, 54, 6, 0, 79, 175, 4, 654 >,
 	< 656, 54, 1, 0, 0, 121, 0, 655 >,
 	< 657, 54, 10, 99, 0, 157, 1, 656 >,
 	< 658, 54, 9, 43, 0, 175, 2, 657 >,
 	< 659, 54, 8, 92, 0, 166, 6, 658 >,
 	// order 55
 	< 660, 55, 3, 0, 72, 145, 7, -1 >,
 	< 661, 55, 8, 68, 0, 115, 3, 660 >,
 	< 662, 55, 7, 71, 36, 161, 5, 661 >,
 	< 663, 55, 5, 0, 53, 149, 8, 662 >,
 	< 664, 55, 5, 46, 0, 102, 9, 663 >,
 	< 665, 55, 3, 38, 39, 162, 4, 664 >,
 	< 666, 55, 3, 63, 0, 127, 0, 665 >,
 	< 667, 55, 7, 61, 52, 165, 1, 666 >,
 	< 668, 55, 3, 51, 0, 134, 2, 667 >,
 	< 669, 55, 2, 0, 0, 169, 6, 668 >,
 	< 670, 55, 4, 42, 85, 153, 7, 669 >,
 	< 671, 55, 6, 0, 35, 141, 3, 670 >,
 	// order 56
 	< 672, 56, 7, 0, 0, 122, 5, -1 >,
 	< 673, 56, 7, 0, 53, 176, 8, 672 >,
 	< 674, 56, 3, 0, 0, 117, 9, 673 >,
 	< 675, 56, 9, 0, 0, 179, 4, 674 >,
 	< 676, 56, 9, 86, 52, 145, 0, 675 >,
 	< 677, 56, 3, 0, 78, 147, 1, 676 >,
 	< 678, 56, 8, 0, 0, 188, 2, 677 >,
 	< 679, 56, 9, 98, 0, 184, 6, 678 >,
 	< 680, 56, 1, 97, 0, 180, 7, 679 >,
 	< 681, 56, 6, 0, 0, 148, 3, 680 >,
 	< 682, 56, 1, 53, 0, 173, 5, 681 >,
 	< 683, 56, 6, 50, 0, 137, 8, 682 >,
 	// order 57
 	< 684, 57, 6, 87, 79, 137, 9, -1 >,
 	< 685, 57, 6, 85, 0, 153, 4, 684 >,
 	< 686, 57, 3, 43, 0, 170, 0, 685 >,
 	< 687, 57, 3, 65, 0, 174, 1, 686 >,
 	< 688, 57, 1, 96, 81, 113, 2, 687 >,
 	< 689, 57, 6, 0, 43, 158, 6, 688 >,
 	< 690, 57, 5, 78, 0, 127, 7, 689 >,
 	< 691, 57, 8, 0, 44, 197, 3, 690 >,
 	< 692, 57, 7, 0, 82, 111, 5, 691 >,
 	< 693, 57, 2, 31, 0, 176, 8, 692 >,
 	< 694, 57, 8, 0, 69, 187, 9, 693 >,
 	< 695, 57, 9, 0, 46, 105, 4, 694 >,
 	// order 58
 	< 696, 58, 3, 100, 85, 126, 0, -1 >,
 	< 697, 58, 6, 0, 0, 154, 1, 696 >,
 	< 698, 58, 7, 100, 56, 183, 2, 697 >,
 	< 699, 58, 10, 0, 100, 185, 6, 698 >,
 	< 700, 58, 4, 61, 47, 196, 7, 699 >,
 	< 701, 58, 2, 0, 0, 167, 3, 700 >,
 	< 702, 58, 3, 40, 82, 111, 5, 701 >,
 	< 703, 58, 10, 90, 46, 160, 8, 702 >,
 	< 704, 58, 8, 0, 0, 123, 9, 703 >,
 	< 705, 58, 9, 0, 0, 189, 4, 704 >,
 	< 706, 58, 1, 0, 0, 120, 0, 705 >,
 	< 707, 58, 9, 0, 40, 153, 1, 706 >,
 	// order 59
 	< 708, 59, 4, 0, 0, 103, 2, -1 >,
 	< 709, 59, 9, 0, 90, 101, 6, 708 >,
 	< 710, 59, 7, 100, 0, 175, 7, 709 >,
 	< 711, 59, 4, 86, 56, 162, 3, 710 >,
 	< 712, 59, 1, 0, 38, 151, 5, 711 >,
 	< 713, 59, 7, 60, 96, 137, 8, 712 >,
 	< 714, 59, 6, 59, 48, 192, 9, 713 >,
 	< 715, 59, 6, 76, 0, 139, 4, 714 >,
 	< 716, 59, 9, 53, 94, 163, 0, 715 >,
 	< 717, 59, 9, 31, 43, 153, 1, 716 >,
 	< 718, 59, 6, 0, 0, 119, 2, 717 >,
 	< 719, 59, 6, 0, 64, 191, 6, 718 >,
 	// order 60
 	< 720, 60, 1, 0, 0, 113, 7, -1 >,
 	< 721, 60, 7, 0, 0, 170, 3, 720 >,
 	< 722, 60, 3, 80, 0, 163, 5, 721 >,
 	< 723, 60, 3, 0, 73, 176, 8, 722 >,
 	< 724, 60, 3, 54, 84, 137, 9, 723 >,
 	< 725, 60, 4, 52, 81, 103, 4, 724 >,
 	< 726, 60, 8, 0, 64, 178, 0, 725 >,
 	< 727, 60, 3, 0, 45, 143, 1, 726 >,
 	< 728, 60, 8, 86, 64, 118, 2, 727 >,
 	< 729, 60, 9, 30, 0, 192, 6, 728 >,
 	< 730, 60, 5, 0, 69, 116, 7, 729 >,
 	< 731, 60, 5, 87, 93, 126, 3, 730 >,
 	// order 61
 	< 732, 61, 10, 0, 0, 157, 5, -1 >,
 	< 733, 61, 6, 0, 0, 114, 8, 732 >,
 	< 734, 61, 7, 68, 84, 146, 9, 733 >,
 	< 735, 61, 2, 92, 0, 100, 4, 734 >,
 	< 736, 61, 4, 52, 0, 127, 0, 735 >,
 	< 737, 61, 9, 96, 85, 140, 1, 736 >,
 	< 738, 61, 10, 0, 66, 192, 2, 737 >,
 	< 739, 61, 6, 94, 83, 153, 6, 738 >,
 	< 740, 61, 9, 35, 61, 115, 7, 739 >,
 	< 741, 61, 1, 0, 0, 190, 3, 740 >,
 	< 742, 61, 7, 70, 0, 166, 5, 741 >,
 	< 743, 61, 1, 80, 44, 186, 8, 742 >,
 	// order 62
 	< 744, 62, 4, 0, 37, 129, 9, -1 >,
 	< 745, 62, 3, 66, 0, 198, 4, 744 >,
 	< 746, 62, 6, 0, 99, 152, 0, 745 >,
 	< 747, 62, 1, 0, 0, 171, 1, 746 >,
 	< 748, 62, 9, 50, 48, 165, 2, 747 >,
 	< 749, 62, 10, 0, 0, 152, 6, 748 >,
 	< 750, 62, 9, 0, 68, 167, 7, 749 >,
 	< 751, 62, 6, 42, 40, 190, 3, 750 >,
 	< 752, 62, 6, 40, 42, 153, 5, 751 >,
 	< 753, 62, 8, 0, 0, 103, 8, 752 >,
 	< 754, 62, 5, 0, 55, 130, 9, 753 >,
 	< 755, 62, 1, 74, 0, 132, 4, 754 >,
 	// order 63
 	< 756, 63, 2, 0, 68, 177, 0, -1 >,
 	< 757, 63, 6, 39, 0, 193, 1, 756 >,
 	< 758, 63, 9, 49, 50, 101, 2, 757 >,
 	< 759, 63, 2, 36, 0, 120, 6, 758 >,
 	< 760, 63, 7, 0, 0, 132, 7, 759 >,
 	< 761, 63, 10, 43, 0, 143, 3, 760 >,
 	< 762, 63, 9, 53, 80, 127, 5, 761 >,
 	< 763, 63, 6, 41, 88, 164, 8, 762 >,
 	< 764, 63, 10, 0, 0, 192, 9, 763 >,
 	< 765, 63, 1, 0, 0, 129, 4, 764 >,
 	< 766, 63, 10, 0, 54, 112, 0, 765 >,
 	< 767, 63, 6, 0, 45, 184, 1, 766 >,
 	// order 64
 	< 768, 64, 7, 84, 0, 103, 2, -1 >,
 	< 769, 64, 4, 0, 0, 109, 6, 768 >,
 	< 770, 64, 1, 0, 60, 148, 7, 769 >,
 	< 771, 64, 3, 74, 51, 140, 3, 770 >,
 	< 772, 64, 10, 38, 0, 148, 5, 771 >,
 	< 773, 64, 8, 0, 80, 115, 8, 772 >,
 	< 774, 64, 2, 0, 0, 132, 9, 773 >,
 	< 775, 64, 1, 0, 97, 118, 4, 774 >,
 	< 776, 64, 9, 70, 0, 104, 0, 775 >,
 	< 777, 64, 9, 0, 34, 106, 1, 776 >,
 	< 778, 64, 6, 48, 0, 181, 2, 777 >,
 	< 779, 64, 10, 58, 69, 126, 6, 778 >,
 	// order 65
 	< 780, 65, 4, 0, 96, 192, 7, -1 >,
 	< 781, 65, 5, 0, 0, 148, 3, 780 >,
 	< 782, 65, 10, 78, 62, 171, 5, 781 >,
 	< 783, 65, 4, 35, 0, 104, 8, 782 >,
 	< 784, 65, 1, 95, 0, 123, 9, 783 >,
 	< 785, 65, 9, 72, 0, 117, 4, 784 >,
 	< 786, 65, 10, 0, 0, 193, 0, 785 >,
 	< 787, 65, 6, 0, 39, 112, 1, 786 >,
 	< 788, 65, 4, 0, 71, 108, 2, 787 >,
 	< 789, 65, 9, 0, 83, 110, 6, 788 >,
 	< 790, 65, 6, 0, 0, 144, 7, 789 >,
 	< 791, 65, 6, 0, 0, 132, 3, 790 >,
 	// order 66
 	< 792, 66, 6, 34, 66, 172, 5, -1 >,
 	< 793, 66, 4, 0, 49, 179, 8, 792 >,
 	< 794, 66, 10, 0, 70, 196, 9, 793 >,
 	< 795, 66, 9, 64, 0, 184, 4, 794 >,
 	< 796, 66, 3, 52, 0, 149, 0, 795 >,
 	< 797, 66, 8, 0, 83, 189, 1, 796 >,
 	< 798, 66, 8, 0, 0, 125, 2, 797 >,
 	< 799, 66, 5, 0, 87, 188, 6, 798 >,
 	< 800, 66, 3, 0, 0, 198, 7, 799 >,
 	< 801, 66, 8, 89, 0, 154, 3, 800 >,
 	< 802, 66, 4, 86, 30, 149, 5, 801 >,
 	< 803, 66, 3, 83, 31, 192, 8, 802 >,
 	// order 67
 	< 804, 67, 3, 0, 57, 104, 9, -1 >,
 	< 805, 67, 8, 0, 0, 115, 4, 804 >,
 	< 806, 67, 9, 0, 73, 109, 0, 805 >,
 	< 807, 67, 9, 30, 44, 166, 1, 806 >,
 	< 808, 67, 8, 45, 0, 109, 2, 807 >,
 	< 809, 67, 1, 0, 97, 169, 6, 808 >,
 	< 810, 67, 4, 0, 98, 103, 7, 809 >,
 	< 811, 67, 6, 71, 37, 169, 3, 810 >,
 	< 812, 67, 9, 0, 0, 141, 5, 811 >,
 	< 813, 67, 9, 0, 77, 138, 8, 812 >,
 	< 814, 67, 8, 0, 0, 136, 9, 813 >,
 	< 815, 67, 3, 47, 51, 100, 4, 814 >,
 	// order 68
 	< 816, 68, 6, 52, 0, 160, 0, -1 >,
 	< 817, 68, 10, 0, 33, 128, 1, 816 >,
 	< 818, 68, 3, 0, 36, 198, 2, 817 >,
 	< 819, 68, 9, 0, 85, 120, 6, 818 >,
 	< 820, 68, 10, 0, 70, 196, 7, 819 >,
 	< 821, 68, 2, 61, 51, 129, 3, 820 >,
 	< 822, 68, 1, 0, 68, 117, 5, 821 >,
 	< 823, 68, 6, 91, 0, 179, 8, 822 >,
 	< 824, 68, 5, 57, 0, 130, 9, 823 >,
 	< 825, 68, 4, 0, 0, 131, 4, 824 >,
 	< 826, 68, 7, 0, 36, 105, 0, 825 >,
 	< 827, 68, 4, 82, 65, 119, 1, 826 >,
 	// order 69
 	< 828, 69, 7, 83, 46, 114, 2, -1 >,
 	< 829, 69, 2, 87, 0, 118, 6, 828 >,
 	< 830, 69, 9, 0, 0, 151, 7, 829 >,
 	< 831, 69, 5, 64, 84, 151, 3, 830 >,
 	< 832, 69, 1, 0, 86, 130, 5, 831 >,
 	< 833, 69, 2, 46, 84, 143, 8, 832 >,
 	< 834, 69, 4, 0, 0, 155, 9, 833 >,
 	< 835, 69, 2, 0, 41, 117, 4, 834 >,
 	< 836, 69, 8, 95, 0, 161, 0, 835 >,
 	< 837, 69, 5, 68, 98, 126, 1, 836 >,
 	< 838, 69, 9, 78, 61, 105, 2, 837 >,
 	< 839, 69, 2, 98, 53, 118, 6, 838 >,
 	// order 70
 	< 840, 70, 7, 66, 0, 130, 7, -1 >,
 	< 841, 70, 10, 0, 0, 163, 3, 840 >,
 	< 842, 70, 5, 85, 0, 152, 5, 841 >,
 	< 843, 70, 3, 0, 66, 109, 8, 842 >,
 	< 844, 70, 4, 65, 76, 155, 9, 843 >,
 	< 845, 70, 6, 0, 0, 121, 4, 844 >,
 	< 846, 70, 10, 0, 58, 139, 0, 845 >,
 	< 847, 70, 4, 36, 0, 137, 1, 846 >,
 	< 848, 70, 6, 85, 55, 113, 2, 847 >,
 	< 849, 70, 10, 0, 85, 100, 6, 848 >,
 	< 850, 70, 1, 0, 0, 101, 7, 849 >,
 	< 851, 70, 6, 0, 0, 187, 3, 850 >,
 	// order 71
 	< 852, 71, 6, 90, 0, 198, 5, -1 >,
 	< 853, 71, 8, 0, 57, 110, 8, 852 >,
 	< 854, 71, 3, 36, 40, 150, 9, 853 >,
 	< 855, 71, 7, 91, 0, 151, 4, 854 >,
 	< 856, 71, 7, 0, 0, 127, 0, 855 >,
 	< 857, 71, 3, 82, 0, 138, 1, 856 >,
 	< 858, 71, 9, 0, 0, 123, 2, 857 >,
 	< 859, 71, 8, 82, 0, 182, 6, 858 >,
 	< 860, 71, 10, 0, 0, 152, 7, 859 >,
 	< 861, 71, 1, 42, 62, 131, 3, 860 >,
 	< 862, 71, 10, 0, 47, 196, 5, 861 >,
 	< 863, 71, 4, 58, 99, 176, 8, 862 >,
 	// order 72
 	< 864, 72, 9, 80, 0, 123, 9, -1 >,
 	< 865, 72, 10, 0, 91, 157, 4, 864 >,
 	< 866, 72, 8, 0, 0, 194, 0, 865 >,
 	< 867, 72, 2, 0, 0, 137, 1, 866 >,
 	< 868, 72, 5, 0, 0, 141, 2, 867 >,
 	< 869, 72, 5, 0, 0, 122, 6, 868 >,
 	< 870, 72, 10, 92, 42, 107, 7, 869 >,
 	< 871, 72, 4, 0, 0, 149, 3, 870 >,
 	< 872, 72, 5, 85, 33, 104, 5, 871 >,
 	< 873, 72, 6, 41, 71, 131, 8, 872 >,
 	< 874, 72, 8, 0, 31, 119, 9, 873 >,
 	< 875, 72, 9, 0, 0, 113, 4, 874 >,
 	// order 73
 	< 876, 73, 5, 30, 0, 159, 0, -1 >,
 	< 877, 73, 10, 0, 0, 169, 1, 876 >,
 	< 878, 73, 10, 0, 78, 182, 2, 877 >,
 	< 879, 73, 7, 82, 0, 126, 6, 878 >,
 	< 880, 73, 9, 40, 0, 165, 7, 879 >,
 	< 881, 73, 7, 90, 0, 114, 3, 880 >,
 	< 882, 73, 9, 72, 55, 108, 5, 881 >,
 	< 883, 73, 6, 79, 0, 106, 8, 882 >,
 	< 884, 73, 6, 0, 0, 107, 9, 883 >,
 	< 885, 73, 6, 0, 0, 122, 4, 884 >,
 	< 886, 73, 2, 0, 0, 183, 0, 885 >,
 	< 887, 73, 2, 61, 0, 189, 1, 886 >,
 	// order 74
 	< 888, 74, 4, 0, 39, 106, 2, -1 >,
 	< 889, 74, 3, 58, 0, 117, 6, 888 >,
 	< 890, 74, 4, 34, 32, 159, 7, 889 >,
 	< 891, 74, 2, 0, 0, 168, 3, 890 >,
 	< 892, 74, 10, 0, 0, 165, 5, 891 >,
 	< 893, 74, 7, 80, 0, 170, 8, 892 >,
 	< 894, 74, 4, 0, 88, 168, 9, 893 >,
 	< 895, 74, 5, 0, 96, 147, 4, 894 >,
 	< 896, 74, 1, 78, 0, 129, 0, 895 >,
 	< 897, 74, 8, 0, 0, 162, 1, 896 >,
 	< 898, 74, 5, 0, 0, 133, 2, 897 >,
 	< 899, 74, 1, 93, 0, 117, 6, 898 >,
 	// order 75
 	< 900, 75, 2, 47, 56, 170, 7, -1 >,
 	< 901, 75, 1, 0, 0, 191, 3, 900 >,
 	< 902, 75, 4, 0, 97, 126, 5, 901 >,
 	< 903, 75, 9, 0, 0, 131, 8, 902 >,
 	< 904, 75, 10, 90, 0, 170, 9, 903 >,
 	< 905, 75, 1, 0, 0, 139, 4, 904 >,
 	< 906, 75, 8, 46, 39, 117, 0, 905 >,
 	< 907, 75, 5, 0, 0, 155, 1, 906 >,
 	< 908, 75, 3, 38, 0, 140, 2, 907 >,
 	< 909, 75, 6, 45, 50, 174, 6, 908 >,
 	< 910, 75, 6, 70, 54, 127, 7, 909 >,
 	< 911, 75, 4, 0, 61, 136, 3, 910 >,
 	// order 76
 	< 912, 76, 3, 57, 77, 161, 5, -1 >,
 	< 913, 76, 3, 66, 71, 172, 8, 912 >,
 	< 914, 76, 8, 0, 81, 145, 9, 913 >,
 	< 915, 76, 6, 92, 0, 118, 4, 914 >,
 	< 916, 76, 7, 0, 0, 167, 0, 915 >,
 	< 917, 76, 2, 93, 0, 106, 1, 916 >,
 	< 918, 76, 7, 0, 83, 149, 2, 917 >,
 	< 919, 76, 8, 94, 0, 194, 6, 918 >,
 	< 920, 76, 2, 93, 38, 183, 7, 919 >,
 	< 921, 76, 3, 69, 87, 159, 3, 920 >,
 	< 922, 76, 6, 0, 0, 198, 5, 921 >,
 	< 923, 76, 2, 100, 0, 150, 8, 922 >,
 	// order 77
 	< 924, 77, 7, 0, 93, 162, 9, -1 >,
 	< 925, 77, 9, 52, 72, 164, 4, 924 >,
 	< 926, 77, 9, 38, 0, 176, 0, 925 >,
 	< 927, 77, 3, 89, 46, 134, 1, 926 >,
 	< 928, 77, 3, 0, 0, 153, 2, 927 >,
 	< 929, 77, 9, 67, 51, 192, 6, 928 >,
 	< 930, 77, 8, 0, 56, 112, 7, 929 >,
 	< 931, 77, 1, 30, 45, 162, 3, 930 >,
 	< 932, 77, 3, 0, 74, 193, 5, 931 >,
 	< 933, 77, 7, 0, 76, 115, 8, 932 >,
 	< 934, 77, 6, 0, 0, 116, 9, 933 >,
 	< 935, 77, 6, 36, 90, 180, 4, 934 >,
 	// order 78
 	< 936, 78, 4, 0, 38, 150, 0, -1 >,
 	< 937, 78, 6, 0, 47, 139, 1, 936 >,
 	< 938, 78, 9, 0, 0, 173, 2, 937 >,
 	< 939, 78, 10, 0, 0, 191, 6, 938 >,
 	< 940, 78, 10, 0, 0, 169, 7, 939 >,
 	< 941, 78, 7, 44, 0, 128, 3, 940 >,
 	< 942, 78, 3, 46, 0, 105, 5, 941 >,
 	< 943, 78, 9, 0, 0, 100, 8, 942 >,
 	< 944, 78, 5, 38, 0, 162, 9, 943 >,
 	< 945, 78, 6, 48, 0, 130, 4, 944 >,
 	< 946, 78, 3, 46, 0, 146, 0, 945 >,
 	< 947, 78, 2, 0, 64, 164, 1, 946 >,
 	// order 79
 	< 948, 79, 7, 94, 0, 127, 2, -1 >,
 	< 949, 79, 9, 0, 0, 198, 6, 948 >,
 	< 950, 79, 8, 0, 61, 194, 7, 949 >,
 	< 951, 79, 7, 85, 61, 173, 3, 950 >,
 	< 952, 79, 1, 0, 0, 191, 5, 951 >,
 	< 953, 79, 10, 100, 0, 178, 8, 952 >,
 	< 954, 79, 3, 0, 0, 195, 9, 953 >,
 	< 955, 79, 7, 0, 0, 174, 4, 954 >,
 	< 956, 79, 8, 0, 69, 165, 0, 955 >,
 	< 957, 79, 3, 96, 37, 129, 1, 956 >,
 	< 958, 79, 8, 58, 0, 135, 2, 957 >,
 	< 959, 79, 8, 46, 30, 139, 6, 958 >,
 	// order 80
 	< 960, 80, 6, 90, 0, 175, 7, -1 >,
 	< 961, 80, 8, 0, 86, 156, 3, 960 >,
 	< 962, 80, 2, 99, 0, 164, 5, 961 >,
 	< 963, 80, 2, 0, 0, 192, 8, 962 >,
 	< 964, 80, 10, 0, 79, 139, 9, 963 >,
 	< 965, 80, 1, 72, 43, 103, 4, 964 >,
 	< 966, 80, 2, 82, 0, 157, 0, 965 >,
 	< 967, 80, 10, 59, 86, 163, 1, 966 >,
 	< 968, 80, 1, 0, 74, 181, 2, 967 >,
 	< 969, 80, 5, 80, 46, 113, 6, 968 >,
 	< 970, 80, 7, 0, 0, 191, 7, 969 >,
 	< 971, 80, 2, 0, 0, 194, 3, 970 >,
 	// order 81
 	< 972, 81, 2, 61, 60, 119, 5, -1 >,
 	< 973, 81, 3, 93, 63, 196, 8, 972 >,
 	< 974, 81, 6, 0, 0, 122, 9, 973 >,
 	< 975, 81, 4, 84, 0, 139, 4, 974 >,
 	< 976, 81, 7, 74, 30, 137, 0, 975 >,
 	< 977, 81, 8, 0, 90, 124, 1, 976 >,
 	< 978, 81, 3, 77, 0, 160, 2, 977 >,
 	< 979, 81, 6, 0, 0, 159, 6, 978 >,
 	< 980, 81, 9, 0, 0, 110, 7, 979 >,
 	< 981, 81, 3, 64, 94, 160, 3, 980 >,
 	< 982, 81, 2, 30, 65, 161, 5, 981 >,
 	< 983, 81, 9, 59, 66, 130, 8, 982 >,
 	// order 82
 	< 984, 82, 3, 46, 98, 144, 9, -1 >,
 	< 985, 82, 4, 84, 53, 162, 4, 984 >,
 	< 986, 82, 6, 96, 66, 144, 0, 985 >,
 	< 987, 82, 9, 0, 0, 106, 1, 986 >,
 	< 988, 82, 7, 44, 0, 116, 2, 987 >,
 	< 989, 82, 5, 71, 73, 107, 6, 988 >,
 	< 990, 82, 6, 47, 67, 159, 7, 989 >,
 	< 991, 82, 1, 0, 0, 184, 3, 990 >,
 	< 992, 82, 6, 0, 0, 100, 5, 991 >,
 	< 993, 82, 10, 51, 0, 198, 8, 992 >,
 	< 994, 82, 10, 0, 42, 112, 9, 993 >,
 	< 995, 82, 7, 94, 0, 192, 4, 994 >,
 	// order 83
 	< 996, 83, 9, 0, 80, 155, 0, -1 >,
 	< 997, 83, 10, 78, 100, 186, 1, 996 >,
 	< 998, 83, 9, 35, 0, 118, 2, 997 >,
 	< 999, 83, 2, 34, 0, 174, 6, 998 >,
 	< 1000, 83, 5, 0, 77, 158, 7, 999 >,
 	< 1001, 83, 7, 39, 0, 199, 3, 1000 >,
 	< 1002, 83, 7, 61, 0, 165, 5, 1001 >,
 	< 1003, 83, 8, 88, 0, 128, 8, 1002 >,
 	< 1004, 83, 10, 62, 0, 111, 9, 1003 >,
 	< 1005, 83, 9, 97, 65, 173, 4, 1004 >,
 	< 1006, 83, 9, 0, 0, 137, 0, 1005 >,
 	< 1007, 83, 1, 32, 57, 100, 1, 1006 >,
 	// order 84
 	< 1008, 84, 6, 0, 0, 117, 2, -1 >,
 	< 1009, 84, 1, 0, 71, 145, 6, 1008 >,
 	< 1010, 84, 6, 33, 83, 183, 7, 1009 >,
 	< 1011, 84, 7, 69, 81, 174, 3, 1010 >,
 	< 1012, 84, 2, 48, 79, 125, 5, 1011 >,
 	< 1013, 84, 1, 90, 91, 161, 8, 1012 >,
 	< 1014, 84, 3, 0, 0, 146, 9, 1013 >,
 	< 1015, 84, 10, 0, 46, 136, 4, 1014 >,
 	< 1016, 84, 5, 82, 40, 143, 0, 1015 >,
 	< 1017, 84, 6, 0, 0, 148, 1, 1016 >,
 	< 1018, 84, 3, 49, 0, 175, 2, 1017 >,
 	< 1019, 84, 8, 0, 0, 198, 6, 1018 >,
 	// order 85
 	< 1020, 85, 6, 72, 39, 144, 7, -1 >,
 	< 1021, 85, 7, 0, 44, 184, 3, 1020 >,
 	< 1022, 85, 5, 0, 0, 137, 5, 1021 >,
 	< 1023, 85, 8, 67, 0, 155, 8, 1022 >,
 	< 1024, 85, 9, 43, 39, 165, 9, 1023 >,
 	< 1025, 85, 10, 0, 0, 146, 4, 1024 >,
 	< 1026, 85, 8, 80, 77, 137, 0, 1025 >,
 	< 1027, 85, 9, 0, 55, 151, 1, 1026 >,
 	< 1028, 85, 1, 43, 0, 199, 2, 1027 >,
 	< 1029, 85, 1, 0, 77, 101, 6, 1028 >,
 	< 1030, 85, 3, 0, 40, 103, 7, 1029 >,
 	< 1031, 85, 9, 84, 0, 149, 3, 1030 >,
 	// order 86
 	< 1032, 86, 7, 0, 0, 149, 5, -1 >,
 	< 1033, 86, 3, 67, 30, 182, 8, 1032 >,
 	< 1034, 86, 7, 77, 0, 173, 9, 1033 >,
 	< 1035, 86, 7, 0, 41, 160, 4, 1034 >,
 	< 1036, 86, 8, 0, 0, 144, 0, 1035 >,
 	< 1037, 86, 6, 0, 63, 163, 1, 1036 >,
 	< 1038, 86, 6, 0, 0, 112, 2, 1037 >,
 	< 1039, 86, 9, 87, 79, 101, 6, 1038 >,
 	< 1040, 86, 2, 55, 89, 134, 7, 1039 >,
 	< 1041, 86, 3, 84, 0, 144, 3, 1040 >,
 	< 1042, 86, 8, 0, 92, 172, 5, 1041 >,
 	< 1043, 86, 6, 81, 97, 188, 8, 1042 >,
 	// order 87
 	< 1044, 87, 1, 0, 0, 176, 9, -1 >,
 	< 1045, 87, 4, 86, 0, 192, 4, 1044 >,
 	< 1046, 87, 9, 0, 98, 107, 0, 1045 >,
 	< 1047, 87, 5, 0, 37, 122, 1, 1046 >,
 	< 1048, 87, 7, 0, 0, 119, 2, 1047 >,
 	< 1049, 87, 8, 77, 0, 115, 6, 1048 >,
 	< 1050, 87, 4, 32, 34, 132, 7, 1049 >,
 	< 1051, 87, 5, 0, 0, 108, 3, 1050 >,
 	< 1052, 87, 10, 0, 73, 151, 5, 1051 >,
 	< 1053, 87, 6, 0, 76, 181, 8, 1052 >,
 	< 1054, 87, 4, 0, 0, 162, 9, 1053 >,
 	< 1055, 87, 8, 0, 100, 200, 4, 1054 >,
 	// order 88
 	< 1056, 88, 7, 80, 75, 179, 0, -1 >,
 	< 1057, 88, 10, 71, 0, 164, 1, 1056 >,
 	< 1058, 88, 7, 0, 62, 115, 2, 1057 >,
 	< 1059, 88, 8, 68, 72, 127, 6, 1058 >,
 	< 1060, 88, 10, 0, 0, 186, 7, 1059 >,
 	< 1061, 88, 1, 60, 82, 160, 3, 1060 >,
 	< 1062, 88, 5, 0, 37, 124, 5, 1061 >,
 	< 1063, 88, 10, 0, 66, 179, 8, 1062 >,
 	< 1064, 88, 10, 0, 0, 119, 9, 1063 >,
 	< 1065, 88, 1, 93, 0, 102, 4, 1064 >,
 	< 1066, 88, 6, 0, 0, 139, 0, 1065 >,
 	< 1067, 88, 4, 78, 0, 178, 1, 1066 >,
 	// order 89
 	< 1068, 89, 8, 0, 0, 162, 2, -1 >,
 	< 1069, 89, 8, 0, 0, 107, 6, 1068 >,
 	< 1070, 89, 10, 0, 87, 153, 7, 1069 >,
 	< 1071, 89, 8, 0, 55, 165, 3, 1070 >,
 	< 1072, 89, 1, 0, 65, 167, 5, 1071 >,
 	< 1073, 89, 10, 41, 0, 102, 8, 1072 >,
 	< 1074, 89, 8, 0, 0, 156, 9, 1073 >,
 	< 1075, 89, 9, 0, 0, 108, 4, 1074 >,
 	< 1076, 89, 5, 0, 99, 104, 0, 1075 >,
 	< 1077, 89, 10, 68, 45, 104, 1, 1076 >,
 	< 1078, 89, 5, 0, 31, 135, 2, 1077 >,
 	< 1079, 89, 7, 99, 0, 177, 6, 1078 >,
 	// order 90
 	< 1080, 90, 5, 68, 38, 128, 7, -1 >,
 	< 1081, 90, 6, 0, 0, 100, 3, 1080 >,
 	< 1082, 90, 1, 98, 0, 107, 5, 1081 >,
 	< 1083, 90, 1, 0, 0, 182, 8, 1082 >,
 	< 1084, 90, 9, 0, 0, 172, 9, 1083 >,
 	< 1085, 90, 2, 73, 0, 137, 4, 1084 >,
 	< 1086, 90, 8, 95, 0, 184, 0, 1085 >,
 	< 1087, 90, 4, 73, 0, 136, 1, 1086 >,
 	< 1088, 90, 10, 34, 0, 120, 2, 1087 >,
 	< 1089, 90, 3, 87, 0, 118, 6, 1088 >,
 	< 1090, 90, 10, 0, 79, 115, 7, 1089 >,
 	< 1091, 90, 4, 31, 59, 165, 3, 1090 >,
 	// order 91
 	< 1092, 91, 6, 0, 0, 149, 5, -1 >,
 	< 1093, 91, 5, 0, 87, 165, 8, 1092 >,
 	< 1094, 91, 5, 0, 77, 126, 9, 1093 >,
 	< 1095, 91, 2, 89, 0, 150, 4, 1094 >,
 	< 1096, 91, 2, 0, 0, 102, 0, 1095 >,
 	< 1097, 91, 5, 0, 0, 121, 1, 1096 >,
 	< 1098, 91, 4, 0, 99, 165, 2, 1097 >,
 	< 1099, 91, 7, 59, 92, 180, 6, 1098 >,
 	< 1100, 91, 8, 0, 0, 100, 7, 1099 >,
 	< 1101, 91, 8, 64, 0, 199, 3, 1100 >,
 	< 1102, 91, 5, 0, 87, 182, 5, 1101 >,
 	< 1103, 91, 5, 0, 0, 134, 8, 1102 >,
 	// order 92
 	< 1104, 92, 1, 34, 0, 187, 9, -1 >,
 	< 1105, 92, 3, 0, 60, 182, 4, 1104 >,
 	< 1106, 92, 3, 90, 0, 195, 0, 1105 >,
 	< 1107, 92, 1, 0, 0, 180, 1, 1106 >,
 	< 1108, 92, 2, 0, 0, 194, 2, 1107 >,
 	< 1109, 92, 1, 0, 49, 197, 6, 1108 >,
 	< 1110, 92, 9, 0, 0, 142, 7, 1109 >,
 	< 1111, 92, 3, 0, 39, 173, 3, 1110 >,
 	< 1112, 92, 5, 0, 0, 168, 5, 1111 >,
 	< 1113, 92, 9, 0, 39, 103, 8, 1112 >,
 	< 1114, 92, 6, 70, 54, 109, 9, 1113 >,
 	< 1115, 92, 5, 0, 86, 182, 4, 1114 >,
 	// order 93
 	< 1116, 93, 1, 0, 0, 100, 0, -1 >,
 	< 1117, 93, 4, 0, 0, 164, 1, 1116 >,
 	< 1118, 93, 9, 84, 87, 130, 2, 1117 >,
 	< 1119, 93, 10, 0, 64, 154, 6, 1118 >,
 	< 1120, 93, 9, 0, 44, 120, 7, 1119 >,
 	< 1121, 93, 8, 0, 0, 181, 3, 1120 >,
 	< 1122, 93, 1, 93, 0, 179, 5, 1121 >,
 	< 1123, 93, 4, 62, 0, 106, 8, 1122 >,
 	< 1124, 93, 4, 35, 0, 129, 9, 1123 >,
 	< 1125, 93, 4, 75, 63, 135, 4, 1124 >,
 	< 1126, 93, 1, 90, 0, 190, 0, 1125 >,
 	< 1127, 93, 6, 0, 92, 127, 1, 1126 >,
 	// order 94
 	< 1128, 94, 10, 0, 0, 155, 2, -1 >,
 	< 1129, 94, 9, 76, 0, 149, 6, 1128 >,
 	< 1130, 94, 6, 94, 41, 182, 7, 1129 >,
 	< 1131, 94, 9, 0, 92, 139, 3, 1130 >,
 	< 1132, 94, 1, 73, 0, 108, 5, 1131 >,
 	< 1133, 94, 3, 0, 92, 178, 8, 1132 >,
 	< 1134, 94, 6, 51, 54, 172, 9, 1133 >,
 	< 1135, 94, 7, 0, 0, 149, 4, 1134 >,
 	< 1136, 94, 2, 48, 88, 108, 0, 1135 >,
 	< 1137, 94, 1, 72, 0, 130, 1, 1136 >,
 	< 1138, 94, 6, 65, 0, 134, 2, 1137 >,
 	< 1139, 94, 4, 0, 0, 165, 6, 1138 >,
 	// order 95
 	< 1140, 95, 8, 47, 30, 189, 7, -1 >,
 	< 1141, 95, 7, 88, 0, 122, 3, 1140 >,
 	< 1142, 95, 8, 0, 0, 123, 5, 1141 >,
 	< 1143, 95, 6, 0, 74, 200, 8, 1142 >,
 	< 1144, 95, 2, 0, 0, 182, 9, 1143 >,
 	< 1145, 95, 5, 0, 87, 162, 4, 1144 >,
 	< 1146, 95, 10, 0, 31, 177, 0, 1145 >,
 	< 1147, 95, 8, 0, 0, 155, 1, 1146 >,
 	< 1148, 95, 9, 63, 0, 186, 2, 1147 >,
 	< 1149, 95, 6, 68, 0, 154, 6, 1148 >,
 	< 1150, 95, 3, 99, 57, 147, 7, 1149 >,
 	< 1151, 95, 5, 0, 60, 125, 3, 1150 >,
 	// order 96
 	< 1152, 96, 10, 0, 47, 184, 5, -1 >,
 	< 1153, 96, 8, 82, 0, 167, 8, 1152 >,
 	< 1154, 96, 1, 0, 91, 171, 9, 1153 >,
 	< 1155, 96, 6, 65, 98, 193, 4, 1154 >,
 	< 1156, 96, 8, 0, 32, 101, 0, 1155 >,
 	< 1157, 96, 7, 0, 50, 130, 1, 1156 >,
 	< 1158, 96, 4, 50, 84, 167, 2, 1157 >,
 	< 1159, 96, 10, 0, 45, 180, 6, 1158 >,
 	< 1160, 96, 9, 44, 0, 116, 7, 1159 >,
 	< 1161, 96, 8, 97, 94, 129, 3, 1160 >,
 	< 1162, 96, 5, 0, 0, 199, 5, 1161 >,
 	< 1163, 96, 3, 0, 38, 144, 8, 1162 >,
 	// order 97
 	< 1164, 97, 2, 0, 0, 174, 9, -1 >,
 	< 1165, 97, 5, 95, 90, 199, 4, 1164 >,
 	< 1166, 97, 5, 82, 0, 195, 0, 1165 >,
 	< 1167, 97, 4, 0, 90, 188, 1, 1166 >,
 	< 1168, 97, 6, 83, 0, 102, 2, 1167 >,
 	< 1169, 97, 4, 87, 59, 175, 6, 1168 >,
 	< 1170, 97, 3, 85, 78, 149, 7, 1169 >,
 	< 1171, 97, 5, 75, 82, 109, 3, 1170 >,
 	< 1172, 97, 6, 0, 0, 173, 5, 1171 >,
 	< 1173, 97, 3, 0, 95, 144, 8, 1172 >,
 	< 1174, 97, 10, 0, 71, 141, 9, 1173 >,
 	< 1175, 97, 10, 37, 38, 116, 4, 1174 >,
 	// order 98
 	< 1176, 98, 5, 0, 0, 125, 0, -1 >,
 	< 1177, 98, 10, 48, 91, 199, 1, 1176 >,
 	< 1178, 98, 3, 0, 66, 120, 2, 1177 >,
 	< 1179, 98, 10, 76, 74, 111, 6, 1178 >,
 	< 1180, 98, 5, 0, 0, 136, 7, 1179 >,
 	< 1181, 98, 9, 0, 0, 150, 3, 1180 >,
 	< 1182, 98, 8, 36, 71, 165, 5, 1181 >,
 	< 1183, 98, 4, 0, 0, 177, 8, 1182 >,
 	< 1184, 98, 7, 89, 0, 145, 9, 1183 >,
 	< 1185, 98, 8, 0, 0, 107, 4, 1184 >,
 	< 1186, 98, 3, 0, 0, 146, 0, 1185 >,
 	< 1187, 98, 8, 0, 0, 195, 1, 1186 >,
 	// order 99
 	< 1188, 99, 10, 0, 37, 150, 2, -1 >,
 	< 1189, 99, 10, 0, 0, 131, 6, 1188 >,
 	< 1190, 99, 2, 0, 0, 186, 7, 1189 >,
 	< 1191, 99, 10, 59, 35, 169, 3, 1190 >,
 	< 1192, 99, 3, 0, 63, 114, 5, 1191 >,
 	< 1193, 99, 8, 35, 0, 163, 8, 1192 >,
 	< 1194, 99, 3, 0, 0, 153, 9, 1193 >,
 	< 1195, 99, 8, 0, 0, 128, 4, 1194 >,
 	< 1196, 99, 7, 0, 66, 195, 0, 1195 >,
 	< 1197, 99, 2, 97, 45, 130, 1, 1196 >,
 	< 1198, 99, 3, 70, 87, 178, 2, 1197 >,
 	< 1199, 99, 6, 0, 83, 139, 6, 1198 >
 };
