/*********************************************
 * OPL 12.10.0.0 Data
 * Author: Kinast
 * Creation date: Aug 17, 2021 at 11:49:34 AM
 *********************************************/

 nOrders = 100;
 nTasks = 1200;

 nWorkgroups = 10;
 nWorkstations = 30;

 nCobots = 0;
 cobotTimeFactor = 0.7;

 workstations = {
 	< 0, "Workstation 0", 0, 0.77, 1, 1, 1 >,
 	< 1, "Workstation 1", 1, 1.22, 1.25, 1, 4 >,
 	< 2, "Workstation 2", 1, 1.17, 1.07, 1, 4 >,
 	< 3, "Workstation 3", 2, 1.2, 1.04, 1, 1 >,
 	< 4, "Workstation 4", 3, 0.84, 0.97, 1, 2 >,
 	< 5, "Workstation 5", 4, 1.2, 1.22, 1, 1 >,
 	< 6, "Workstation 6", 5, 1.19, 1.21, 1, 4 >,
 	< 7, "Workstation 7", 3, 0.9, 0.96, 1, 1 >,
 	< 8, "Workstation 8", 5, 1.02, 0.87, 1, 1 >,
 	< 9, "Workstation 9", 2, 1.02, 1.02, 1, 2 >,
 	< 10, "Workstation 10", 6, 1.25, 1.07, 1, 1 >,
 	< 11, "Workstation 11", 7, 1.02, 0.96, 1, 4 >,
 	< 12, "Workstation 12", 6, 1.16, 0.85, 1, 1 >,
 	< 13, "Workstation 13", 4, 0.81, 1.25, 1, 1 >,
 	< 14, "Workstation 14", 8, 0.77, 0.87, 1, 1 >,
 	< 15, "Workstation 15", 8, 0.82, 0.98, 1, 5 >,
 	< 16, "Workstation 16", 2, 1.07, 0.8, 1, 5 >,
 	< 17, "Workstation 17", 9, 1.08, 1.03, 1, 1 >,
 	< 18, "Workstation 18", 1, 0.8, 0.96, 1, 1 >,
 	< 19, "Workstation 19", 5, 0.78, 1.23, 1, 1 >,
 	< 20, "Workstation 20", 6, 1.05, 0.97, 1, 1 >,
 	< 21, "Workstation 21", 8, 1.11, 1.06, 1, 1 >,
 	< 22, "Workstation 22", 9, 0.94, 0.82, 1, 3 >,
 	< 23, "Workstation 23", 4, 0.89, 0.96, 1, 1 >,
 	< 24, "Workstation 24", 3, 0.82, 0.79, 1, 1 >,
 	< 25, "Workstation 25", 0, 1.15, 1.08, 1, 1 >,
 	< 26, "Workstation 26", 0, 0.92, 0.77, 1, 3 >,
 	< 27, "Workstation 27", 7, 0.75, 0.85, 1, 3 >,
 	< 28, "Workstation 28", 7, 0.8, 0.78, 1, 2 >,
 	< 29, "Workstation 29", 9, 1.12, 1.22, 1, 4 >
 };

 tasks = {
 	// order 0
 	< 0, 0, 4, 53, 51, 148, 4, -1 >,
 	< 1, 0, 7, 0, 75, 163, 1, 0 >,
 	< 2, 0, 7, 66, 0, 112, 2, 1 >,
 	< 3, 0, 8, 0, 0, 184, 5, 2 >,
 	< 4, 0, 7, 40, 0, 142, 3, 3 >,
 	< 5, 0, 7, 66, 68, 119, 7, 4 >,
 	< 6, 0, 7, 0, 0, 169, 9, 5 >,
 	< 7, 0, 4, 78, 0, 170, 6, 6 >,
 	< 8, 0, 7, 0, 81, 103, 8, 7 >,
 	< 9, 0, 7, 0, 97, 129, 0, 8 >,
 	< 10, 0, 10, 35, 0, 163, 4, 9 >,
 	< 11, 0, 8, 32, 0, 164, 1, 10 >,
 	// order 1
 	< 12, 1, 9, 0, 100, 144, 2, -1 >,
 	< 13, 1, 10, 0, 89, 181, 5, 12 >,
 	< 14, 1, 4, 0, 55, 123, 3, 13 >,
 	< 15, 1, 7, 60, 0, 175, 7, 14 >,
 	< 16, 1, 4, 0, 68, 157, 9, 15 >,
 	< 17, 1, 7, 32, 93, 159, 6, 16 >,
 	< 18, 1, 8, 74, 66, 143, 8, 17 >,
 	< 19, 1, 8, 0, 0, 127, 0, 18 >,
 	< 20, 1, 8, 40, 94, 163, 4, 19 >,
 	< 21, 1, 8, 0, 99, 131, 1, 20 >,
 	< 22, 1, 8, 0, 0, 183, 2, 21 >,
 	< 23, 1, 6, 0, 0, 181, 5, 22 >,
 	// order 2
 	< 24, 2, 5, 0, 96, 121, 3, -1 >,
 	< 25, 2, 7, 51, 80, 121, 7, 24 >,
 	< 26, 2, 1, 0, 0, 148, 9, 25 >,
 	< 27, 2, 6, 0, 0, 163, 6, 26 >,
 	< 28, 2, 7, 0, 30, 166, 8, 27 >,
 	< 29, 2, 10, 0, 39, 135, 0, 28 >,
 	< 30, 2, 10, 57, 0, 148, 4, 29 >,
 	< 31, 2, 7, 93, 95, 126, 1, 30 >,
 	< 32, 2, 4, 0, 0, 130, 2, 31 >,
 	< 33, 2, 8, 42, 95, 168, 5, 32 >,
 	< 34, 2, 5, 0, 0, 175, 3, 33 >,
 	< 35, 2, 8, 55, 0, 102, 7, 34 >,
 	// order 3
 	< 36, 3, 10, 57, 69, 175, 9, -1 >,
 	< 37, 3, 9, 76, 70, 170, 6, 36 >,
 	< 38, 3, 6, 0, 0, 130, 8, 37 >,
 	< 39, 3, 7, 80, 31, 110, 0, 38 >,
 	< 40, 3, 4, 0, 65, 185, 4, 39 >,
 	< 41, 3, 10, 78, 0, 155, 1, 40 >,
 	< 42, 3, 7, 100, 99, 136, 2, 41 >,
 	< 43, 3, 7, 96, 0, 151, 5, 42 >,
 	< 44, 3, 1, 0, 94, 164, 3, 43 >,
 	< 45, 3, 1, 0, 0, 188, 7, 44 >,
 	< 46, 3, 7, 0, 88, 132, 9, 45 >,
 	< 47, 3, 2, 0, 0, 191, 6, 46 >,
 	// order 4
 	< 48, 4, 9, 0, 62, 102, 8, -1 >,
 	< 49, 4, 1, 65, 52, 133, 0, 48 >,
 	< 50, 4, 1, 0, 96, 160, 4, 49 >,
 	< 51, 4, 4, 79, 44, 191, 1, 50 >,
 	< 52, 4, 1, 46, 53, 175, 2, 51 >,
 	< 53, 4, 2, 0, 34, 157, 5, 52 >,
 	< 54, 4, 7, 0, 67, 156, 3, 53 >,
 	< 55, 4, 4, 36, 0, 125, 7, 54 >,
 	< 56, 4, 2, 88, 0, 138, 9, 55 >,
 	< 57, 4, 1, 0, 50, 160, 6, 56 >,
 	< 58, 4, 5, 97, 0, 140, 8, 57 >,
 	< 59, 4, 3, 0, 35, 133, 0, 58 >,
 	// order 5
 	< 60, 5, 6, 48, 0, 151, 4, -1 >,
 	< 61, 5, 9, 0, 0, 182, 1, 60 >,
 	< 62, 5, 6, 64, 0, 166, 2, 61 >,
 	< 63, 5, 10, 58, 0, 195, 5, 62 >,
 	< 64, 5, 7, 50, 63, 108, 3, 63 >,
 	< 65, 5, 10, 0, 39, 133, 7, 64 >,
 	< 66, 5, 3, 0, 0, 182, 9, 65 >,
 	< 67, 5, 7, 67, 0, 198, 6, 66 >,
 	< 68, 5, 5, 41, 0, 174, 8, 67 >,
 	< 69, 5, 9, 75, 0, 118, 0, 68 >,
 	< 70, 5, 7, 78, 58, 139, 4, 69 >,
 	< 71, 5, 3, 0, 58, 157, 1, 70 >,
 	// order 6
 	< 72, 6, 8, 0, 64, 134, 2, -1 >,
 	< 73, 6, 6, 0, 0, 198, 5, 72 >,
 	< 74, 6, 4, 0, 0, 145, 3, 73 >,
 	< 75, 6, 5, 84, 0, 177, 7, 74 >,
 	< 76, 6, 7, 0, 0, 183, 9, 75 >,
 	< 77, 6, 6, 65, 61, 162, 6, 76 >,
 	< 78, 6, 5, 0, 82, 195, 8, 77 >,
 	< 79, 6, 5, 70, 0, 164, 0, 78 >,
 	< 80, 6, 5, 0, 58, 132, 4, 79 >,
 	< 81, 6, 9, 0, 46, 132, 1, 80 >,
 	< 82, 6, 7, 38, 0, 116, 2, 81 >,
 	< 83, 6, 3, 0, 93, 141, 5, 82 >,
 	// order 7
 	< 84, 7, 10, 36, 88, 157, 3, -1 >,
 	< 85, 7, 8, 37, 0, 171, 7, 84 >,
 	< 86, 7, 2, 66, 0, 131, 9, 85 >,
 	< 87, 7, 6, 65, 43, 173, 6, 86 >,
 	< 88, 7, 3, 0, 86, 127, 8, 87 >,
 	< 89, 7, 4, 76, 0, 180, 0, 88 >,
 	< 90, 7, 7, 75, 45, 165, 4, 89 >,
 	< 91, 7, 6, 37, 77, 119, 1, 90 >,
 	< 92, 7, 7, 36, 91, 185, 2, 91 >,
 	< 93, 7, 7, 0, 0, 122, 5, 92 >,
 	< 94, 7, 3, 0, 98, 194, 3, 93 >,
 	< 95, 7, 1, 0, 0, 197, 7, 94 >,
 	// order 8
 	< 96, 8, 5, 94, 0, 171, 9, -1 >,
 	< 97, 8, 9, 36, 52, 176, 6, 96 >,
 	< 98, 8, 6, 0, 0, 109, 8, 97 >,
 	< 99, 8, 6, 0, 77, 152, 0, 98 >,
 	< 100, 8, 8, 83, 0, 145, 4, 99 >,
 	< 101, 8, 6, 0, 0, 125, 1, 100 >,
 	< 102, 8, 8, 61, 89, 120, 2, 101 >,
 	< 103, 8, 3, 37, 0, 174, 5, 102 >,
 	< 104, 8, 1, 82, 0, 168, 3, 103 >,
 	< 105, 8, 7, 44, 0, 146, 7, 104 >,
 	< 106, 8, 6, 0, 88, 124, 9, 105 >,
 	< 107, 8, 6, 0, 100, 111, 6, 106 >,
 	// order 9
 	< 108, 9, 5, 89, 0, 178, 8, -1 >,
 	< 109, 9, 4, 68, 88, 180, 0, 108 >,
 	< 110, 9, 3, 0, 61, 198, 4, 109 >,
 	< 111, 9, 3, 78, 83, 116, 1, 110 >,
 	< 112, 9, 7, 40, 0, 182, 2, 111 >,
 	< 113, 9, 10, 79, 0, 115, 5, 112 >,
 	< 114, 9, 2, 0, 0, 137, 3, 113 >,
 	< 115, 9, 10, 50, 0, 187, 7, 114 >,
 	< 116, 9, 3, 0, 77, 129, 9, 115 >,
 	< 117, 9, 1, 57, 0, 130, 6, 116 >,
 	< 118, 9, 5, 44, 0, 132, 8, 117 >,
 	< 119, 9, 1, 0, 0, 157, 0, 118 >,
 	// order 10
 	< 120, 10, 5, 97, 0, 171, 4, -1 >,
 	< 121, 10, 7, 0, 0, 168, 1, 120 >,
 	< 122, 10, 1, 0, 58, 132, 2, 121 >,
 	< 123, 10, 10, 0, 31, 112, 5, 122 >,
 	< 124, 10, 9, 0, 0, 155, 3, 123 >,
 	< 125, 10, 4, 0, 50, 191, 7, 124 >,
 	< 126, 10, 10, 50, 59, 172, 9, 125 >,
 	< 127, 10, 9, 0, 0, 118, 6, 126 >,
 	< 128, 10, 10, 0, 0, 199, 8, 127 >,
 	< 129, 10, 1, 0, 0, 160, 0, 128 >,
 	< 130, 10, 1, 49, 66, 105, 4, 129 >,
 	< 131, 10, 10, 0, 0, 139, 1, 130 >,
 	// order 11
 	< 132, 11, 4, 84, 0, 135, 2, -1 >,
 	< 133, 11, 3, 0, 84, 120, 5, 132 >,
 	< 134, 11, 3, 61, 38, 163, 3, 133 >,
 	< 135, 11, 2, 0, 44, 107, 7, 134 >,
 	< 136, 11, 3, 0, 70, 175, 9, 135 >,
 	< 137, 11, 7, 0, 0, 123, 6, 136 >,
 	< 138, 11, 10, 0, 0, 149, 8, 137 >,
 	< 139, 11, 7, 59, 77, 187, 0, 138 >,
 	< 140, 11, 9, 0, 30, 132, 4, 139 >,
 	< 141, 11, 4, 0, 0, 178, 1, 140 >,
 	< 142, 11, 9, 89, 0, 117, 2, 141 >,
 	< 143, 11, 4, 0, 0, 199, 5, 142 >,
 	// order 12
 	< 144, 12, 5, 75, 0, 135, 3, -1 >,
 	< 145, 12, 6, 0, 0, 134, 7, 144 >,
 	< 146, 12, 10, 0, 0, 121, 9, 145 >,
 	< 147, 12, 3, 0, 53, 181, 6, 146 >,
 	< 148, 12, 7, 0, 0, 119, 8, 147 >,
 	< 149, 12, 7, 0, 0, 153, 0, 148 >,
 	< 150, 12, 3, 0, 42, 118, 4, 149 >,
 	< 151, 12, 7, 0, 0, 135, 1, 150 >,
 	< 152, 12, 1, 0, 95, 101, 2, 151 >,
 	< 153, 12, 8, 0, 0, 115, 5, 152 >,
 	< 154, 12, 2, 0, 76, 141, 3, 153 >,
 	< 155, 12, 7, 65, 0, 138, 7, 154 >,
 	// order 13
 	< 156, 13, 6, 0, 56, 182, 9, -1 >,
 	< 157, 13, 9, 0, 0, 137, 6, 156 >,
 	< 158, 13, 2, 74, 0, 179, 8, 157 >,
 	< 159, 13, 10, 0, 68, 189, 0, 158 >,
 	< 160, 13, 7, 0, 0, 115, 4, 159 >,
 	< 161, 13, 5, 0, 91, 164, 1, 160 >,
 	< 162, 13, 7, 0, 0, 168, 2, 161 >,
 	< 163, 13, 3, 95, 0, 110, 5, 162 >,
 	< 164, 13, 9, 37, 67, 186, 3, 163 >,
 	< 165, 13, 9, 0, 0, 124, 7, 164 >,
 	< 166, 13, 9, 33, 50, 162, 9, 165 >,
 	< 167, 13, 8, 48, 0, 147, 6, 166 >,
 	// order 14
 	< 168, 14, 3, 97, 66, 126, 8, -1 >,
 	< 169, 14, 9, 0, 0, 130, 0, 168 >,
 	< 170, 14, 9, 48, 71, 178, 4, 169 >,
 	< 171, 14, 9, 57, 0, 111, 1, 170 >,
 	< 172, 14, 7, 100, 74, 115, 2, 171 >,
 	< 173, 14, 1, 0, 0, 186, 5, 172 >,
 	< 174, 14, 7, 75, 30, 116, 3, 173 >,
 	< 175, 14, 2, 0, 33, 128, 7, 174 >,
 	< 176, 14, 1, 31, 86, 117, 9, 175 >,
 	< 177, 14, 8, 89, 0, 189, 6, 176 >,
 	< 178, 14, 9, 0, 53, 196, 8, 177 >,
 	< 179, 14, 7, 37, 32, 194, 0, 178 >,
 	// order 15
 	< 180, 15, 5, 0, 73, 114, 4, -1 >,
 	< 181, 15, 6, 80, 85, 123, 1, 180 >,
 	< 182, 15, 9, 79, 32, 184, 2, 181 >,
 	< 183, 15, 10, 0, 0, 164, 5, 182 >,
 	< 184, 15, 8, 35, 0, 107, 3, 183 >,
 	< 185, 15, 7, 0, 39, 149, 7, 184 >,
 	< 186, 15, 3, 0, 0, 148, 9, 185 >,
 	< 187, 15, 9, 42, 0, 113, 6, 186 >,
 	< 188, 15, 3, 0, 0, 110, 8, 187 >,
 	< 189, 15, 7, 100, 99, 164, 0, 188 >,
 	< 190, 15, 1, 0, 0, 182, 4, 189 >,
 	< 191, 15, 4, 60, 53, 107, 1, 190 >,
 	// order 16
 	< 192, 16, 9, 0, 0, 171, 2, -1 >,
 	< 193, 16, 3, 72, 0, 121, 5, 192 >,
 	< 194, 16, 2, 0, 96, 121, 3, 193 >,
 	< 195, 16, 10, 0, 0, 167, 7, 194 >,
 	< 196, 16, 5, 35, 0, 122, 9, 195 >,
 	< 197, 16, 9, 0, 0, 186, 6, 196 >,
 	< 198, 16, 5, 83, 0, 107, 8, 197 >,
 	< 199, 16, 9, 48, 96, 159, 0, 198 >,
 	< 200, 16, 9, 95, 59, 183, 4, 199 >,
 	< 201, 16, 6, 0, 0, 121, 1, 200 >,
 	< 202, 16, 9, 51, 57, 156, 2, 201 >,
 	< 203, 16, 10, 42, 0, 163, 5, 202 >,
 	// order 17
 	< 204, 17, 10, 0, 0, 159, 3, -1 >,
 	< 205, 17, 5, 32, 99, 196, 7, 204 >,
 	< 206, 17, 2, 89, 87, 186, 9, 205 >,
 	< 207, 17, 6, 58, 0, 168, 6, 206 >,
 	< 208, 17, 2, 71, 0, 145, 8, 207 >,
 	< 209, 17, 7, 49, 60, 165, 0, 208 >,
 	< 210, 17, 6, 92, 83, 197, 4, 209 >,
 	< 211, 17, 10, 0, 71, 121, 1, 210 >,
 	< 212, 17, 3, 47, 0, 190, 2, 211 >,
 	< 213, 17, 6, 62, 0, 178, 5, 212 >,
 	< 214, 17, 1, 84, 0, 158, 3, 213 >,
 	< 215, 17, 6, 0, 0, 135, 7, 214 >,
 	// order 18
 	< 216, 18, 6, 0, 66, 198, 9, -1 >,
 	< 217, 18, 9, 49, 0, 156, 6, 216 >,
 	< 218, 18, 7, 0, 36, 196, 8, 217 >,
 	< 219, 18, 4, 86, 82, 110, 0, 218 >,
 	< 220, 18, 6, 47, 70, 100, 4, 219 >,
 	< 221, 18, 2, 0, 0, 141, 1, 220 >,
 	< 222, 18, 10, 41, 0, 119, 2, 221 >,
 	< 223, 18, 8, 0, 0, 159, 5, 222 >,
 	< 224, 18, 10, 0, 94, 152, 3, 223 >,
 	< 225, 18, 5, 0, 87, 107, 7, 224 >,
 	< 226, 18, 7, 31, 0, 124, 9, 225 >,
 	< 227, 18, 10, 50, 58, 188, 6, 226 >,
 	// order 19
 	< 228, 19, 9, 0, 40, 171, 8, -1 >,
 	< 229, 19, 5, 33, 77, 175, 0, 228 >,
 	< 230, 19, 6, 0, 87, 197, 4, 229 >,
 	< 231, 19, 7, 61, 0, 114, 1, 230 >,
 	< 232, 19, 3, 65, 96, 151, 2, 231 >,
 	< 233, 19, 10, 0, 60, 151, 5, 232 >,
 	< 234, 19, 9, 33, 0, 167, 3, 233 >,
 	< 235, 19, 8, 100, 87, 105, 7, 234 >,
 	< 236, 19, 4, 47, 71, 143, 9, 235 >,
 	< 237, 19, 1, 70, 0, 103, 6, 236 >,
 	< 238, 19, 8, 44, 0, 150, 8, 237 >,
 	< 239, 19, 8, 83, 34, 124, 0, 238 >,
 	// order 20
 	< 240, 20, 3, 78, 80, 129, 4, -1 >,
 	< 241, 20, 9, 61, 53, 124, 1, 240 >,
 	< 242, 20, 7, 57, 0, 192, 2, 241 >,
 	< 243, 20, 5, 0, 91, 130, 5, 242 >,
 	< 244, 20, 9, 63, 45, 125, 3, 243 >,
 	< 245, 20, 1, 0, 90, 199, 7, 244 >,
 	< 246, 20, 2, 72, 88, 171, 9, 245 >,
 	< 247, 20, 8, 0, 84, 119, 6, 246 >,
 	< 248, 20, 5, 0, 91, 111, 8, 247 >,
 	< 249, 20, 5, 0, 0, 189, 0, 248 >,
 	< 250, 20, 3, 0, 88, 171, 4, 249 >,
 	< 251, 20, 3, 35, 93, 139, 1, 250 >,
 	// order 21
 	< 252, 21, 1, 0, 0, 145, 2, -1 >,
 	< 253, 21, 9, 55, 0, 178, 5, 252 >,
 	< 254, 21, 4, 45, 75, 156, 3, 253 >,
 	< 255, 21, 2, 0, 0, 114, 7, 254 >,
 	< 256, 21, 6, 0, 98, 170, 9, 255 >,
 	< 257, 21, 8, 84, 0, 153, 6, 256 >,
 	< 258, 21, 9, 63, 56, 113, 8, 257 >,
 	< 259, 21, 10, 0, 0, 198, 0, 258 >,
 	< 260, 21, 4, 0, 64, 152, 4, 259 >,
 	< 261, 21, 6, 0, 0, 119, 1, 260 >,
 	< 262, 21, 2, 0, 80, 144, 2, 261 >,
 	< 263, 21, 4, 0, 66, 155, 5, 262 >,
 	// order 22
 	< 264, 22, 7, 0, 0, 111, 3, -1 >,
 	< 265, 22, 6, 81, 0, 148, 7, 264 >,
 	< 266, 22, 2, 74, 0, 111, 9, 265 >,
 	< 267, 22, 4, 62, 0, 102, 6, 266 >,
 	< 268, 22, 5, 0, 54, 158, 8, 267 >,
 	< 269, 22, 2, 0, 0, 193, 0, 268 >,
 	< 270, 22, 1, 0, 0, 158, 4, 269 >,
 	< 271, 22, 5, 64, 49, 200, 1, 270 >,
 	< 272, 22, 4, 86, 0, 168, 2, 271 >,
 	< 273, 22, 3, 66, 0, 144, 5, 272 >,
 	< 274, 22, 4, 92, 0, 152, 3, 273 >,
 	< 275, 22, 1, 0, 0, 180, 7, 274 >,
 	// order 23
 	< 276, 23, 5, 0, 0, 159, 9, -1 >,
 	< 277, 23, 9, 0, 0, 113, 6, 276 >,
 	< 278, 23, 10, 0, 75, 154, 8, 277 >,
 	< 279, 23, 6, 0, 61, 164, 0, 278 >,
 	< 280, 23, 9, 37, 71, 128, 4, 279 >,
 	< 281, 23, 9, 60, 88, 105, 1, 280 >,
 	< 282, 23, 4, 0, 0, 103, 2, 281 >,
 	< 283, 23, 9, 41, 0, 200, 5, 282 >,
 	< 284, 23, 1, 37, 51, 156, 3, 283 >,
 	< 285, 23, 9, 33, 0, 143, 7, 284 >,
 	< 286, 23, 1, 0, 38, 169, 9, 285 >,
 	< 287, 23, 6, 0, 80, 122, 6, 286 >,
 	// order 24
 	< 288, 24, 8, 52, 91, 140, 8, -1 >,
 	< 289, 24, 3, 81, 0, 162, 0, 288 >,
 	< 290, 24, 5, 85, 0, 100, 4, 289 >,
 	< 291, 24, 2, 0, 34, 179, 1, 290 >,
 	< 292, 24, 4, 0, 0, 198, 2, 291 >,
 	< 293, 24, 10, 51, 0, 126, 5, 292 >,
 	< 294, 24, 6, 0, 0, 178, 3, 293 >,
 	< 295, 24, 3, 0, 93, 144, 7, 294 >,
 	< 296, 24, 2, 51, 0, 195, 9, 295 >,
 	< 297, 24, 9, 86, 86, 168, 6, 296 >,
 	< 298, 24, 5, 0, 0, 164, 8, 297 >,
 	< 299, 24, 5, 0, 0, 193, 0, 298 >,
 	// order 25
 	< 300, 25, 9, 88, 40, 147, 4, -1 >,
 	< 301, 25, 10, 0, 0, 186, 1, 300 >,
 	< 302, 25, 5, 0, 0, 122, 2, 301 >,
 	< 303, 25, 9, 63, 0, 105, 5, 302 >,
 	< 304, 25, 2, 54, 0, 180, 3, 303 >,
 	< 305, 25, 6, 87, 0, 107, 7, 304 >,
 	< 306, 25, 7, 0, 81, 187, 9, 305 >,
 	< 307, 25, 1, 0, 0, 169, 6, 306 >,
 	< 308, 25, 2, 33, 0, 149, 8, 307 >,
 	< 309, 25, 10, 0, 63, 122, 0, 308 >,
 	< 310, 25, 3, 42, 56, 119, 4, 309 >,
 	< 311, 25, 4, 91, 0, 140, 1, 310 >,
 	// order 26
 	< 312, 26, 5, 63, 0, 151, 2, -1 >,
 	< 313, 26, 6, 63, 0, 121, 5, 312 >,
 	< 314, 26, 4, 0, 53, 120, 3, 313 >,
 	< 315, 26, 2, 0, 41, 153, 7, 314 >,
 	< 316, 26, 10, 0, 40, 145, 9, 315 >,
 	< 317, 26, 5, 0, 0, 154, 6, 316 >,
 	< 318, 26, 6, 0, 52, 129, 8, 317 >,
 	< 319, 26, 7, 0, 41, 199, 0, 318 >,
 	< 320, 26, 5, 38, 0, 100, 4, 319 >,
 	< 321, 26, 10, 0, 0, 161, 1, 320 >,
 	< 322, 26, 2, 0, 0, 169, 2, 321 >,
 	< 323, 26, 7, 0, 0, 128, 5, 322 >,
 	// order 27
 	< 324, 27, 1, 0, 32, 111, 3, -1 >,
 	< 325, 27, 2, 89, 84, 192, 7, 324 >,
 	< 326, 27, 5, 30, 98, 188, 9, 325 >,
 	< 327, 27, 8, 86, 0, 159, 6, 326 >,
 	< 328, 27, 3, 0, 0, 179, 8, 327 >,
 	< 329, 27, 4, 0, 0, 178, 0, 328 >,
 	< 330, 27, 10, 87, 0, 112, 4, 329 >,
 	< 331, 27, 3, 0, 51, 147, 1, 330 >,
 	< 332, 27, 2, 0, 0, 115, 2, 331 >,
 	< 333, 27, 5, 97, 0, 148, 5, 332 >,
 	< 334, 27, 3, 97, 79, 121, 3, 333 >,
 	< 335, 27, 5, 0, 97, 133, 7, 334 >,
 	// order 28
 	< 336, 28, 9, 0, 99, 185, 9, -1 >,
 	< 337, 28, 2, 49, 53, 164, 6, 336 >,
 	< 338, 28, 10, 0, 0, 161, 8, 337 >,
 	< 339, 28, 8, 0, 0, 158, 0, 338 >,
 	< 340, 28, 2, 41, 100, 196, 4, 339 >,
 	< 341, 28, 10, 0, 0, 118, 1, 340 >,
 	< 342, 28, 7, 0, 30, 198, 2, 341 >,
 	< 343, 28, 7, 81, 0, 130, 5, 342 >,
 	< 344, 28, 4, 0, 48, 115, 3, 343 >,
 	< 345, 28, 7, 65, 0, 107, 7, 344 >,
 	< 346, 28, 5, 0, 0, 120, 9, 345 >,
 	< 347, 28, 8, 0, 62, 157, 6, 346 >,
 	// order 29
 	< 348, 29, 1, 93, 36, 123, 8, -1 >,
 	< 349, 29, 2, 0, 63, 181, 0, 348 >,
 	< 350, 29, 9, 0, 0, 178, 4, 349 >,
 	< 351, 29, 3, 42, 89, 137, 1, 350 >,
 	< 352, 29, 1, 0, 0, 104, 2, 351 >,
 	< 353, 29, 8, 37, 0, 123, 5, 352 >,
 	< 354, 29, 5, 48, 0, 127, 3, 353 >,
 	< 355, 29, 5, 0, 70, 103, 7, 354 >,
 	< 356, 29, 10, 99, 0, 137, 9, 355 >,
 	< 357, 29, 2, 0, 0, 125, 6, 356 >,
 	< 358, 29, 10, 52, 73, 120, 8, 357 >,
 	< 359, 29, 10, 0, 65, 136, 0, 358 >,
 	// order 30
 	< 360, 30, 8, 0, 78, 199, 4, -1 >,
 	< 361, 30, 9, 92, 55, 173, 1, 360 >,
 	< 362, 30, 3, 91, 89, 107, 2, 361 >,
 	< 363, 30, 5, 90, 0, 141, 5, 362 >,
 	< 364, 30, 9, 0, 0, 116, 3, 363 >,
 	< 365, 30, 2, 98, 0, 200, 7, 364 >,
 	< 366, 30, 7, 0, 0, 132, 9, 365 >,
 	< 367, 30, 9, 51, 0, 151, 6, 366 >,
 	< 368, 30, 6, 53, 49, 160, 8, 367 >,
 	< 369, 30, 8, 82, 0, 189, 0, 368 >,
 	< 370, 30, 10, 0, 31, 130, 4, 369 >,
 	< 371, 30, 3, 0, 0, 183, 1, 370 >,
 	// order 31
 	< 372, 31, 7, 95, 0, 136, 2, -1 >,
 	< 373, 31, 1, 0, 0, 154, 5, 372 >,
 	< 374, 31, 1, 0, 56, 116, 3, 373 >,
 	< 375, 31, 4, 36, 34, 180, 7, 374 >,
 	< 376, 31, 5, 0, 72, 143, 9, 375 >,
 	< 377, 31, 1, 0, 44, 102, 6, 376 >,
 	< 378, 31, 7, 0, 0, 122, 8, 377 >,
 	< 379, 31, 9, 71, 68, 118, 0, 378 >,
 	< 380, 31, 6, 0, 0, 173, 4, 379 >,
 	< 381, 31, 3, 0, 31, 134, 1, 380 >,
 	< 382, 31, 2, 0, 0, 135, 2, 381 >,
 	< 383, 31, 5, 0, 0, 108, 5, 382 >,
 	// order 32
 	< 384, 32, 4, 0, 0, 165, 3, -1 >,
 	< 385, 32, 5, 0, 55, 174, 7, 384 >,
 	< 386, 32, 8, 0, 0, 174, 9, 385 >,
 	< 387, 32, 3, 0, 0, 189, 6, 386 >,
 	< 388, 32, 3, 0, 42, 132, 8, 387 >,
 	< 389, 32, 4, 0, 0, 120, 0, 388 >,
 	< 390, 32, 1, 58, 68, 184, 4, 389 >,
 	< 391, 32, 4, 0, 0, 183, 1, 390 >,
 	< 392, 32, 2, 34, 0, 187, 2, 391 >,
 	< 393, 32, 4, 55, 0, 168, 5, 392 >,
 	< 394, 32, 7, 99, 62, 123, 3, 393 >,
 	< 395, 32, 4, 94, 0, 172, 7, 394 >,
 	// order 33
 	< 396, 33, 10, 0, 0, 115, 9, -1 >,
 	< 397, 33, 7, 83, 0, 132, 6, 396 >,
 	< 398, 33, 10, 0, 58, 124, 8, 397 >,
 	< 399, 33, 4, 0, 30, 182, 0, 398 >,
 	< 400, 33, 8, 96, 72, 106, 4, 399 >,
 	< 401, 33, 9, 67, 0, 154, 1, 400 >,
 	< 402, 33, 9, 49, 0, 122, 2, 401 >,
 	< 403, 33, 4, 32, 0, 140, 5, 402 >,
 	< 404, 33, 8, 0, 0, 173, 3, 403 >,
 	< 405, 33, 4, 71, 37, 103, 7, 404 >,
 	< 406, 33, 5, 36, 0, 176, 9, 405 >,
 	< 407, 33, 1, 0, 36, 187, 6, 406 >,
 	// order 34
 	< 408, 34, 4, 0, 85, 113, 8, -1 >,
 	< 409, 34, 7, 50, 0, 103, 0, 408 >,
 	< 410, 34, 5, 89, 0, 200, 4, 409 >,
 	< 411, 34, 9, 31, 0, 108, 1, 410 >,
 	< 412, 34, 3, 59, 0, 113, 2, 411 >,
 	< 413, 34, 3, 0, 0, 135, 5, 412 >,
 	< 414, 34, 2, 34, 51, 101, 3, 413 >,
 	< 415, 34, 6, 0, 0, 159, 7, 414 >,
 	< 416, 34, 7, 0, 0, 155, 9, 415 >,
 	< 417, 34, 1, 68, 78, 122, 6, 416 >,
 	< 418, 34, 10, 0, 0, 147, 8, 417 >,
 	< 419, 34, 1, 57, 72, 165, 0, 418 >,
 	// order 35
 	< 420, 35, 9, 0, 96, 183, 4, -1 >,
 	< 421, 35, 2, 0, 68, 139, 1, 420 >,
 	< 422, 35, 5, 61, 0, 154, 2, 421 >,
 	< 423, 35, 8, 61, 0, 167, 5, 422 >,
 	< 424, 35, 6, 87, 58, 197, 3, 423 >,
 	< 425, 35, 5, 96, 74, 174, 7, 424 >,
 	< 426, 35, 7, 79, 75, 134, 9, 425 >,
 	< 427, 35, 8, 47, 43, 128, 6, 426 >,
 	< 428, 35, 8, 0, 30, 193, 8, 427 >,
 	< 429, 35, 3, 96, 0, 194, 0, 428 >,
 	< 430, 35, 1, 0, 0, 182, 4, 429 >,
 	< 431, 35, 6, 84, 99, 186, 1, 430 >,
 	// order 36
 	< 432, 36, 8, 91, 82, 102, 2, -1 >,
 	< 433, 36, 2, 81, 0, 142, 5, 432 >,
 	< 434, 36, 10, 0, 34, 200, 3, 433 >,
 	< 435, 36, 2, 0, 81, 102, 7, 434 >,
 	< 436, 36, 7, 0, 75, 134, 9, 435 >,
 	< 437, 36, 2, 87, 37, 148, 6, 436 >,
 	< 438, 36, 7, 0, 34, 156, 8, 437 >,
 	< 439, 36, 1, 0, 34, 103, 0, 438 >,
 	< 440, 36, 3, 66, 0, 103, 4, 439 >,
 	< 441, 36, 9, 68, 55, 109, 1, 440 >,
 	< 442, 36, 3, 35, 0, 112, 2, 441 >,
 	< 443, 36, 1, 0, 53, 181, 5, 442 >,
 	// order 37
 	< 444, 37, 9, 0, 52, 200, 3, -1 >,
 	< 445, 37, 1, 0, 0, 112, 7, 444 >,
 	< 446, 37, 2, 77, 63, 127, 9, 445 >,
 	< 447, 37, 3, 51, 0, 106, 6, 446 >,
 	< 448, 37, 3, 0, 57, 140, 8, 447 >,
 	< 449, 37, 6, 0, 60, 195, 0, 448 >,
 	< 450, 37, 9, 0, 45, 136, 4, 449 >,
 	< 451, 37, 7, 84, 0, 183, 1, 450 >,
 	< 452, 37, 8, 0, 45, 132, 2, 451 >,
 	< 453, 37, 6, 73, 0, 190, 5, 452 >,
 	< 454, 37, 6, 0, 48, 154, 3, 453 >,
 	< 455, 37, 7, 69, 64, 155, 7, 454 >,
 	// order 38
 	< 456, 38, 4, 0, 0, 128, 9, -1 >,
 	< 457, 38, 8, 85, 0, 163, 6, 456 >,
 	< 458, 38, 7, 49, 51, 116, 8, 457 >,
 	< 459, 38, 7, 34, 78, 185, 0, 458 >,
 	< 460, 38, 5, 59, 64, 147, 4, 459 >,
 	< 461, 38, 7, 32, 0, 185, 1, 460 >,
 	< 462, 38, 6, 0, 0, 110, 2, 461 >,
 	< 463, 38, 4, 71, 33, 150, 5, 462 >,
 	< 464, 38, 6, 0, 87, 104, 3, 463 >,
 	< 465, 38, 10, 0, 0, 107, 7, 464 >,
 	< 466, 38, 5, 0, 80, 196, 9, 465 >,
 	< 467, 38, 5, 65, 0, 146, 6, 466 >,
 	// order 39
 	< 468, 39, 1, 0, 74, 194, 8, -1 >,
 	< 469, 39, 8, 0, 34, 120, 0, 468 >,
 	< 470, 39, 7, 0, 0, 162, 4, 469 >,
 	< 471, 39, 4, 51, 98, 145, 1, 470 >,
 	< 472, 39, 6, 0, 98, 154, 2, 471 >,
 	< 473, 39, 8, 70, 0, 165, 5, 472 >,
 	< 474, 39, 7, 0, 0, 118, 3, 473 >,
 	< 475, 39, 10, 0, 72, 181, 7, 474 >,
 	< 476, 39, 1, 31, 0, 189, 9, 475 >,
 	< 477, 39, 5, 0, 43, 136, 6, 476 >,
 	< 478, 39, 1, 0, 0, 154, 8, 477 >,
 	< 479, 39, 9, 86, 75, 109, 0, 478 >,
 	// order 40
 	< 480, 40, 2, 76, 59, 158, 4, -1 >,
 	< 481, 40, 2, 0, 76, 129, 1, 480 >,
 	< 482, 40, 10, 90, 74, 150, 2, 481 >,
 	< 483, 40, 10, 64, 90, 155, 5, 482 >,
 	< 484, 40, 3, 0, 0, 152, 3, 483 >,
 	< 485, 40, 9, 46, 0, 118, 7, 484 >,
 	< 486, 40, 4, 74, 0, 116, 9, 485 >,
 	< 487, 40, 5, 51, 0, 187, 6, 486 >,
 	< 488, 40, 10, 34, 0, 145, 8, 487 >,
 	< 489, 40, 3, 42, 0, 181, 0, 488 >,
 	< 490, 40, 2, 0, 53, 143, 4, 489 >,
 	< 491, 40, 5, 0, 34, 130, 1, 490 >,
 	// order 41
 	< 492, 41, 7, 64, 0, 162, 2, -1 >,
 	< 493, 41, 2, 0, 63, 101, 5, 492 >,
 	< 494, 41, 1, 0, 0, 167, 3, 493 >,
 	< 495, 41, 10, 0, 0, 119, 7, 494 >,
 	< 496, 41, 1, 0, 0, 136, 9, 495 >,
 	< 497, 41, 8, 0, 0, 116, 6, 496 >,
 	< 498, 41, 10, 0, 80, 129, 8, 497 >,
 	< 499, 41, 10, 0, 48, 116, 0, 498 >,
 	< 500, 41, 1, 67, 0, 103, 4, 499 >,
 	< 501, 41, 10, 60, 87, 195, 1, 500 >,
 	< 502, 41, 9, 0, 0, 130, 2, 501 >,
 	< 503, 41, 10, 85, 0, 125, 5, 502 >,
 	// order 42
 	< 504, 42, 10, 0, 0, 145, 3, -1 >,
 	< 505, 42, 3, 36, 81, 109, 7, 504 >,
 	< 506, 42, 2, 0, 0, 177, 9, 505 >,
 	< 507, 42, 10, 0, 86, 123, 6, 506 >,
 	< 508, 42, 3, 55, 44, 122, 8, 507 >,
 	< 509, 42, 1, 48, 0, 129, 0, 508 >,
 	< 510, 42, 2, 0, 30, 120, 4, 509 >,
 	< 511, 42, 10, 35, 0, 112, 1, 510 >,
 	< 512, 42, 9, 80, 77, 173, 2, 511 >,
 	< 513, 42, 5, 61, 0, 133, 5, 512 >,
 	< 514, 42, 1, 86, 73, 149, 3, 513 >,
 	< 515, 42, 10, 0, 0, 200, 7, 514 >,
 	// order 43
 	< 516, 43, 9, 0, 0, 196, 9, -1 >,
 	< 517, 43, 7, 0, 0, 157, 6, 516 >,
 	< 518, 43, 1, 0, 86, 111, 8, 517 >,
 	< 519, 43, 5, 75, 0, 152, 0, 518 >,
 	< 520, 43, 5, 51, 50, 197, 4, 519 >,
 	< 521, 43, 1, 37, 0, 159, 1, 520 >,
 	< 522, 43, 5, 90, 39, 198, 2, 521 >,
 	< 523, 43, 6, 0, 30, 141, 5, 522 >,
 	< 524, 43, 1, 0, 0, 181, 3, 523 >,
 	< 525, 43, 8, 0, 0, 131, 7, 524 >,
 	< 526, 43, 9, 64, 0, 174, 9, 525 >,
 	< 527, 43, 7, 31, 0, 146, 6, 526 >,
 	// order 44
 	< 528, 44, 9, 45, 99, 164, 8, -1 >,
 	< 529, 44, 4, 99, 66, 112, 0, 528 >,
 	< 530, 44, 4, 0, 35, 149, 4, 529 >,
 	< 531, 44, 3, 0, 0, 121, 1, 530 >,
 	< 532, 44, 9, 0, 68, 163, 2, 531 >,
 	< 533, 44, 10, 38, 0, 143, 5, 532 >,
 	< 534, 44, 10, 88, 47, 119, 3, 533 >,
 	< 535, 44, 1, 0, 62, 102, 7, 534 >,
 	< 536, 44, 3, 0, 82, 161, 9, 535 >,
 	< 537, 44, 2, 76, 0, 145, 6, 536 >,
 	< 538, 44, 6, 47, 0, 128, 8, 537 >,
 	< 539, 44, 5, 0, 0, 169, 0, 538 >,
 	// order 45
 	< 540, 45, 8, 87, 70, 160, 4, -1 >,
 	< 541, 45, 6, 49, 58, 117, 1, 540 >,
 	< 542, 45, 8, 0, 0, 152, 2, 541 >,
 	< 543, 45, 1, 86, 0, 179, 5, 542 >,
 	< 544, 45, 8, 0, 0, 199, 3, 543 >,
 	< 545, 45, 4, 70, 98, 176, 7, 544 >,
 	< 546, 45, 7, 33, 59, 148, 9, 545 >,
 	< 547, 45, 9, 0, 0, 107, 6, 546 >,
 	< 548, 45, 7, 84, 49, 188, 8, 547 >,
 	< 549, 45, 6, 0, 48, 144, 0, 548 >,
 	< 550, 45, 7, 0, 34, 113, 4, 549 >,
 	< 551, 45, 8, 44, 98, 184, 1, 550 >,
 	// order 46
 	< 552, 46, 4, 0, 62, 166, 2, -1 >,
 	< 553, 46, 4, 32, 0, 176, 5, 552 >,
 	< 554, 46, 7, 42, 0, 171, 3, 553 >,
 	< 555, 46, 3, 64, 0, 152, 7, 554 >,
 	< 556, 46, 2, 53, 58, 114, 9, 555 >,
 	< 557, 46, 7, 0, 52, 103, 6, 556 >,
 	< 558, 46, 5, 0, 50, 163, 8, 557 >,
 	< 559, 46, 10, 45, 0, 128, 0, 558 >,
 	< 560, 46, 6, 0, 30, 137, 4, 559 >,
 	< 561, 46, 8, 60, 0, 186, 1, 560 >,
 	< 562, 46, 8, 0, 0, 170, 2, 561 >,
 	< 563, 46, 7, 86, 0, 152, 5, 562 >,
 	// order 47
 	< 564, 47, 8, 0, 0, 181, 3, -1 >,
 	< 565, 47, 8, 0, 58, 183, 7, 564 >,
 	< 566, 47, 1, 0, 49, 112, 9, 565 >,
 	< 567, 47, 3, 70, 99, 102, 6, 566 >,
 	< 568, 47, 5, 90, 0, 147, 8, 567 >,
 	< 569, 47, 4, 0, 35, 169, 0, 568 >,
 	< 570, 47, 9, 0, 79, 154, 4, 569 >,
 	< 571, 47, 8, 0, 0, 196, 1, 570 >,
 	< 572, 47, 9, 53, 0, 135, 2, 571 >,
 	< 573, 47, 2, 61, 0, 120, 5, 572 >,
 	< 574, 47, 1, 0, 0, 182, 3, 573 >,
 	< 575, 47, 1, 0, 0, 164, 7, 574 >,
 	// order 48
 	< 576, 48, 1, 0, 0, 198, 9, -1 >,
 	< 577, 48, 2, 0, 0, 124, 6, 576 >,
 	< 578, 48, 2, 0, 71, 144, 8, 577 >,
 	< 579, 48, 5, 0, 39, 148, 0, 578 >,
 	< 580, 48, 1, 65, 0, 151, 4, 579 >,
 	< 581, 48, 9, 0, 0, 100, 1, 580 >,
 	< 582, 48, 7, 55, 72, 152, 2, 581 >,
 	< 583, 48, 2, 0, 69, 187, 5, 582 >,
 	< 584, 48, 4, 0, 37, 102, 3, 583 >,
 	< 585, 48, 9, 71, 77, 181, 7, 584 >,
 	< 586, 48, 5, 69, 0, 144, 9, 585 >,
 	< 587, 48, 2, 0, 67, 195, 6, 586 >,
 	// order 49
 	< 588, 49, 8, 0, 0, 157, 8, -1 >,
 	< 589, 49, 8, 0, 35, 128, 0, 588 >,
 	< 590, 49, 4, 0, 0, 127, 4, 589 >,
 	< 591, 49, 2, 0, 58, 104, 1, 590 >,
 	< 592, 49, 7, 61, 53, 186, 2, 591 >,
 	< 593, 49, 3, 42, 35, 102, 5, 592 >,
 	< 594, 49, 1, 0, 0, 192, 3, 593 >,
 	< 595, 49, 7, 65, 47, 141, 7, 594 >,
 	< 596, 49, 10, 63, 0, 157, 9, 595 >,
 	< 597, 49, 4, 0, 0, 192, 6, 596 >,
 	< 598, 49, 9, 99, 0, 153, 8, 597 >,
 	< 599, 49, 6, 0, 74, 136, 0, 598 >,
 	// order 50
 	< 600, 50, 1, 0, 0, 200, 4, -1 >,
 	< 601, 50, 3, 0, 0, 111, 1, 600 >,
 	< 602, 50, 4, 0, 0, 110, 2, 601 >,
 	< 603, 50, 9, 48, 0, 194, 5, 602 >,
 	< 604, 50, 3, 50, 48, 175, 3, 603 >,
 	< 605, 50, 7, 0, 0, 110, 7, 604 >,
 	< 606, 50, 1, 0, 0, 165, 9, 605 >,
 	< 607, 50, 8, 42, 0, 118, 6, 606 >,
 	< 608, 50, 6, 45, 0, 150, 8, 607 >,
 	< 609, 50, 3, 0, 67, 175, 0, 608 >,
 	< 610, 50, 9, 0, 61, 157, 4, 609 >,
 	< 611, 50, 8, 0, 0, 147, 1, 610 >,
 	// order 51
 	< 612, 51, 9, 0, 84, 197, 2, -1 >,
 	< 613, 51, 2, 0, 96, 182, 5, 612 >,
 	< 614, 51, 7, 0, 75, 108, 3, 613 >,
 	< 615, 51, 6, 0, 0, 184, 7, 614 >,
 	< 616, 51, 8, 44, 41, 148, 9, 615 >,
 	< 617, 51, 5, 38, 0, 186, 6, 616 >,
 	< 618, 51, 9, 67, 53, 169, 8, 617 >,
 	< 619, 51, 9, 47, 0, 144, 0, 618 >,
 	< 620, 51, 6, 0, 0, 184, 4, 619 >,
 	< 621, 51, 6, 0, 87, 191, 1, 620 >,
 	< 622, 51, 2, 42, 86, 163, 2, 621 >,
 	< 623, 51, 8, 50, 44, 193, 5, 622 >,
 	// order 52
 	< 624, 52, 6, 0, 100, 170, 3, -1 >,
 	< 625, 52, 10, 0, 0, 168, 7, 624 >,
 	< 626, 52, 7, 88, 0, 108, 9, 625 >,
 	< 627, 52, 1, 52, 44, 137, 6, 626 >,
 	< 628, 52, 4, 0, 34, 152, 8, 627 >,
 	< 629, 52, 10, 79, 54, 145, 0, 628 >,
 	< 630, 52, 7, 66, 0, 104, 4, 629 >,
 	< 631, 52, 3, 88, 0, 124, 1, 630 >,
 	< 632, 52, 5, 0, 0, 103, 2, 631 >,
 	< 633, 52, 4, 0, 69, 111, 5, 632 >,
 	< 634, 52, 3, 0, 0, 184, 3, 633 >,
 	< 635, 52, 7, 0, 0, 189, 7, 634 >,
 	// order 53
 	< 636, 53, 5, 34, 59, 134, 9, -1 >,
 	< 637, 53, 3, 0, 0, 183, 6, 636 >,
 	< 638, 53, 1, 0, 0, 147, 8, 637 >,
 	< 639, 53, 2, 39, 94, 125, 0, 638 >,
 	< 640, 53, 1, 0, 43, 114, 4, 639 >,
 	< 641, 53, 9, 0, 0, 133, 1, 640 >,
 	< 642, 53, 10, 71, 52, 138, 2, 641 >,
 	< 643, 53, 1, 0, 100, 189, 5, 642 >,
 	< 644, 53, 3, 55, 0, 165, 3, 643 >,
 	< 645, 53, 6, 82, 0, 139, 7, 644 >,
 	< 646, 53, 8, 67, 0, 185, 9, 645 >,
 	< 647, 53, 4, 91, 0, 156, 6, 646 >,
 	// order 54
 	< 648, 54, 3, 0, 31, 193, 8, -1 >,
 	< 649, 54, 5, 0, 0, 108, 0, 648 >,
 	< 650, 54, 1, 65, 31, 101, 4, 649 >,
 	< 651, 54, 1, 56, 73, 115, 1, 650 >,
 	< 652, 54, 5, 97, 0, 120, 2, 651 >,
 	< 653, 54, 1, 63, 0, 112, 5, 652 >,
 	< 654, 54, 4, 0, 0, 169, 3, 653 >,
 	< 655, 54, 2, 0, 0, 146, 7, 654 >,
 	< 656, 54, 2, 0, 76, 112, 9, 655 >,
 	< 657, 54, 7, 0, 66, 110, 6, 656 >,
 	< 658, 54, 8, 72, 0, 187, 8, 657 >,
 	< 659, 54, 5, 40, 83, 173, 0, 658 >,
 	// order 55
 	< 660, 55, 5, 73, 0, 193, 4, -1 >,
 	< 661, 55, 5, 0, 0, 133, 1, 660 >,
 	< 662, 55, 9, 62, 56, 143, 2, 661 >,
 	< 663, 55, 6, 88, 0, 106, 5, 662 >,
 	< 664, 55, 5, 62, 69, 153, 3, 663 >,
 	< 665, 55, 10, 0, 0, 189, 7, 664 >,
 	< 666, 55, 10, 0, 81, 173, 9, 665 >,
 	< 667, 55, 4, 0, 44, 113, 6, 666 >,
 	< 668, 55, 9, 0, 0, 122, 8, 667 >,
 	< 669, 55, 10, 0, 97, 144, 0, 668 >,
 	< 670, 55, 9, 0, 0, 143, 4, 669 >,
 	< 671, 55, 7, 0, 53, 193, 1, 670 >,
 	// order 56
 	< 672, 56, 5, 0, 0, 106, 2, -1 >,
 	< 673, 56, 5, 0, 55, 188, 5, 672 >,
 	< 674, 56, 2, 32, 38, 163, 3, 673 >,
 	< 675, 56, 3, 0, 0, 136, 7, 674 >,
 	< 676, 56, 3, 64, 32, 186, 9, 675 >,
 	< 677, 56, 2, 77, 0, 191, 6, 676 >,
 	< 678, 56, 5, 34, 0, 117, 8, 677 >,
 	< 679, 56, 8, 85, 81, 132, 0, 678 >,
 	< 680, 56, 6, 0, 51, 141, 4, 679 >,
 	< 681, 56, 4, 79, 0, 146, 1, 680 >,
 	< 682, 56, 3, 37, 0, 198, 2, 681 >,
 	< 683, 56, 6, 0, 0, 127, 5, 682 >,
 	// order 57
 	< 684, 57, 7, 0, 0, 198, 3, -1 >,
 	< 685, 57, 8, 98, 0, 195, 7, 684 >,
 	< 686, 57, 9, 60, 0, 163, 9, 685 >,
 	< 687, 57, 10, 0, 0, 134, 6, 686 >,
 	< 688, 57, 8, 0, 94, 198, 8, 687 >,
 	< 689, 57, 9, 0, 0, 128, 0, 688 >,
 	< 690, 57, 10, 43, 0, 122, 4, 689 >,
 	< 691, 57, 6, 38, 0, 126, 1, 690 >,
 	< 692, 57, 3, 64, 0, 193, 2, 691 >,
 	< 693, 57, 10, 77, 0, 107, 5, 692 >,
 	< 694, 57, 10, 0, 0, 167, 3, 693 >,
 	< 695, 57, 3, 84, 0, 170, 7, 694 >,
 	// order 58
 	< 696, 58, 3, 67, 67, 101, 9, -1 >,
 	< 697, 58, 6, 71, 0, 186, 6, 696 >,
 	< 698, 58, 6, 87, 35, 161, 8, 697 >,
 	< 699, 58, 3, 0, 96, 110, 0, 698 >,
 	< 700, 58, 2, 0, 0, 137, 4, 699 >,
 	< 701, 58, 8, 67, 0, 152, 1, 700 >,
 	< 702, 58, 9, 0, 0, 184, 2, 701 >,
 	< 703, 58, 8, 38, 59, 136, 5, 702 >,
 	< 704, 58, 3, 0, 0, 118, 3, 703 >,
 	< 705, 58, 6, 0, 0, 122, 7, 704 >,
 	< 706, 58, 6, 62, 72, 176, 9, 705 >,
 	< 707, 58, 2, 0, 0, 151, 6, 706 >,
 	// order 59
 	< 708, 59, 2, 0, 46, 156, 8, -1 >,
 	< 709, 59, 9, 0, 0, 109, 0, 708 >,
 	< 710, 59, 10, 0, 0, 148, 4, 709 >,
 	< 711, 59, 3, 66, 88, 181, 1, 710 >,
 	< 712, 59, 3, 99, 0, 156, 2, 711 >,
 	< 713, 59, 10, 0, 0, 106, 5, 712 >,
 	< 714, 59, 6, 79, 0, 155, 3, 713 >,
 	< 715, 59, 7, 40, 100, 173, 7, 714 >,
 	< 716, 59, 6, 0, 0, 130, 9, 715 >,
 	< 717, 59, 5, 0, 0, 112, 6, 716 >,
 	< 718, 59, 2, 0, 0, 105, 8, 717 >,
 	< 719, 59, 4, 94, 42, 191, 0, 718 >,
 	// order 60
 	< 720, 60, 3, 0, 0, 176, 4, -1 >,
 	< 721, 60, 10, 61, 0, 180, 1, 720 >,
 	< 722, 60, 9, 63, 0, 194, 2, 721 >,
 	< 723, 60, 8, 0, 0, 107, 5, 722 >,
 	< 724, 60, 5, 96, 0, 175, 3, 723 >,
 	< 725, 60, 3, 94, 0, 161, 7, 724 >,
 	< 726, 60, 4, 75, 75, 124, 9, 725 >,
 	< 727, 60, 4, 72, 42, 128, 6, 726 >,
 	< 728, 60, 9, 0, 0, 134, 8, 727 >,
 	< 729, 60, 3, 80, 0, 133, 0, 728 >,
 	< 730, 60, 3, 0, 64, 150, 4, 729 >,
 	< 731, 60, 10, 68, 92, 106, 1, 730 >,
 	// order 61
 	< 732, 61, 4, 94, 0, 120, 2, -1 >,
 	< 733, 61, 2, 43, 30, 150, 5, 732 >,
 	< 734, 61, 6, 41, 86, 116, 3, 733 >,
 	< 735, 61, 5, 0, 0, 119, 7, 734 >,
 	< 736, 61, 4, 0, 0, 145, 9, 735 >,
 	< 737, 61, 9, 0, 0, 128, 6, 736 >,
 	< 738, 61, 7, 0, 92, 110, 8, 737 >,
 	< 739, 61, 10, 0, 0, 126, 0, 738 >,
 	< 740, 61, 2, 0, 66, 158, 4, 739 >,
 	< 741, 61, 4, 83, 52, 170, 1, 740 >,
 	< 742, 61, 2, 39, 80, 187, 2, 741 >,
 	< 743, 61, 1, 86, 58, 100, 5, 742 >,
 	// order 62
 	< 744, 62, 8, 97, 83, 167, 3, -1 >,
 	< 745, 62, 8, 0, 70, 191, 7, 744 >,
 	< 746, 62, 3, 50, 82, 196, 9, 745 >,
 	< 747, 62, 4, 91, 60, 111, 6, 746 >,
 	< 748, 62, 1, 0, 41, 123, 8, 747 >,
 	< 749, 62, 9, 0, 0, 167, 0, 748 >,
 	< 750, 62, 8, 0, 0, 161, 4, 749 >,
 	< 751, 62, 7, 0, 35, 114, 1, 750 >,
 	< 752, 62, 1, 72, 91, 182, 2, 751 >,
 	< 753, 62, 5, 0, 0, 161, 5, 752 >,
 	< 754, 62, 5, 67, 0, 127, 3, 753 >,
 	< 755, 62, 9, 88, 65, 155, 7, 754 >,
 	// order 63
 	< 756, 63, 5, 0, 0, 123, 9, -1 >,
 	< 757, 63, 6, 37, 0, 110, 6, 756 >,
 	< 758, 63, 5, 0, 81, 181, 8, 757 >,
 	< 759, 63, 5, 54, 0, 113, 0, 758 >,
 	< 760, 63, 8, 0, 92, 103, 4, 759 >,
 	< 761, 63, 8, 0, 94, 181, 1, 760 >,
 	< 762, 63, 8, 43, 72, 166, 2, 761 >,
 	< 763, 63, 7, 0, 0, 134, 5, 762 >,
 	< 764, 63, 9, 0, 0, 122, 3, 763 >,
 	< 765, 63, 2, 0, 0, 181, 7, 764 >,
 	< 766, 63, 4, 50, 78, 166, 9, 765 >,
 	< 767, 63, 8, 91, 0, 108, 6, 766 >,
 	// order 64
 	< 768, 64, 5, 0, 0, 119, 8, -1 >,
 	< 769, 64, 3, 0, 44, 103, 0, 768 >,
 	< 770, 64, 2, 0, 31, 189, 4, 769 >,
 	< 771, 64, 9, 0, 0, 192, 1, 770 >,
 	< 772, 64, 4, 32, 0, 140, 2, 771 >,
 	< 773, 64, 6, 0, 39, 196, 5, 772 >,
 	< 774, 64, 6, 35, 47, 139, 3, 773 >,
 	< 775, 64, 10, 0, 38, 186, 7, 774 >,
 	< 776, 64, 9, 0, 47, 168, 9, 775 >,
 	< 777, 64, 2, 48, 92, 141, 6, 776 >,
 	< 778, 64, 4, 69, 33, 198, 8, 777 >,
 	< 779, 64, 10, 0, 0, 176, 0, 778 >,
 	// order 65
 	< 780, 65, 3, 77, 0, 104, 4, -1 >,
 	< 781, 65, 4, 74, 84, 136, 1, 780 >,
 	< 782, 65, 4, 0, 0, 147, 2, 781 >,
 	< 783, 65, 3, 0, 58, 119, 5, 782 >,
 	< 784, 65, 3, 0, 0, 112, 3, 783 >,
 	< 785, 65, 5, 0, 0, 160, 7, 784 >,
 	< 786, 65, 4, 0, 0, 147, 9, 785 >,
 	< 787, 65, 1, 0, 58, 112, 6, 786 >,
 	< 788, 65, 1, 89, 0, 163, 8, 787 >,
 	< 789, 65, 8, 0, 0, 102, 0, 788 >,
 	< 790, 65, 6, 0, 0, 181, 4, 789 >,
 	< 791, 65, 8, 0, 0, 188, 1, 790 >,
 	// order 66
 	< 792, 66, 6, 86, 81, 157, 2, -1 >,
 	< 793, 66, 2, 50, 76, 189, 5, 792 >,
 	< 794, 66, 3, 94, 0, 111, 3, 793 >,
 	< 795, 66, 3, 0, 89, 161, 7, 794 >,
 	< 796, 66, 7, 35, 0, 195, 9, 795 >,
 	< 797, 66, 2, 0, 50, 192, 6, 796 >,
 	< 798, 66, 5, 0, 83, 161, 8, 797 >,
 	< 799, 66, 6, 0, 0, 171, 0, 798 >,
 	< 800, 66, 4, 0, 61, 116, 4, 799 >,
 	< 801, 66, 8, 42, 0, 170, 1, 800 >,
 	< 802, 66, 5, 0, 0, 103, 2, 801 >,
 	< 803, 66, 9, 0, 62, 127, 5, 802 >,
 	// order 67
 	< 804, 67, 7, 70, 73, 175, 3, -1 >,
 	< 805, 67, 5, 0, 0, 115, 7, 804 >,
 	< 806, 67, 5, 96, 0, 186, 9, 805 >,
 	< 807, 67, 5, 0, 67, 192, 6, 806 >,
 	< 808, 67, 7, 0, 50, 184, 8, 807 >,
 	< 809, 67, 8, 31, 0, 170, 0, 808 >,
 	< 810, 67, 6, 39, 0, 145, 4, 809 >,
 	< 811, 67, 8, 71, 0, 170, 1, 810 >,
 	< 812, 67, 8, 46, 0, 168, 2, 811 >,
 	< 813, 67, 2, 36, 69, 163, 5, 812 >,
 	< 814, 67, 5, 0, 71, 126, 3, 813 >,
 	< 815, 67, 10, 0, 87, 195, 7, 814 >,
 	// order 68
 	< 816, 68, 5, 76, 76, 139, 9, -1 >,
 	< 817, 68, 10, 37, 78, 148, 6, 816 >,
 	< 818, 68, 9, 0, 38, 197, 8, 817 >,
 	< 819, 68, 7, 46, 60, 160, 0, 818 >,
 	< 820, 68, 1, 0, 0, 158, 4, 819 >,
 	< 821, 68, 5, 0, 64, 166, 1, 820 >,
 	< 822, 68, 5, 53, 70, 146, 2, 821 >,
 	< 823, 68, 1, 76, 64, 186, 5, 822 >,
 	< 824, 68, 10, 61, 0, 161, 3, 823 >,
 	< 825, 68, 2, 0, 49, 159, 7, 824 >,
 	< 826, 68, 3, 52, 56, 116, 9, 825 >,
 	< 827, 68, 9, 0, 0, 134, 6, 826 >,
 	// order 69
 	< 828, 69, 3, 0, 0, 108, 8, -1 >,
 	< 829, 69, 9, 0, 66, 158, 0, 828 >,
 	< 830, 69, 9, 43, 82, 112, 4, 829 >,
 	< 831, 69, 3, 0, 0, 182, 1, 830 >,
 	< 832, 69, 1, 86, 0, 189, 2, 831 >,
 	< 833, 69, 6, 0, 0, 199, 5, 832 >,
 	< 834, 69, 1, 98, 0, 113, 3, 833 >,
 	< 835, 69, 2, 95, 55, 154, 7, 834 >,
 	< 836, 69, 5, 65, 0, 139, 9, 835 >,
 	< 837, 69, 1, 0, 0, 158, 6, 836 >,
 	< 838, 69, 5, 0, 0, 162, 8, 837 >,
 	< 839, 69, 7, 0, 58, 163, 0, 838 >,
 	// order 70
 	< 840, 70, 2, 64, 69, 141, 4, -1 >,
 	< 841, 70, 8, 58, 0, 181, 1, 840 >,
 	< 842, 70, 1, 0, 0, 169, 2, 841 >,
 	< 843, 70, 7, 0, 0, 125, 5, 842 >,
 	< 844, 70, 7, 91, 0, 131, 3, 843 >,
 	< 845, 70, 9, 100, 54, 150, 7, 844 >,
 	< 846, 70, 9, 47, 0, 179, 9, 845 >,
 	< 847, 70, 8, 0, 31, 109, 6, 846 >,
 	< 848, 70, 4, 0, 30, 123, 8, 847 >,
 	< 849, 70, 5, 0, 60, 197, 0, 848 >,
 	< 850, 70, 3, 53, 75, 126, 4, 849 >,
 	< 851, 70, 2, 0, 32, 142, 1, 850 >,
 	// order 71
 	< 852, 71, 10, 94, 0, 125, 2, -1 >,
 	< 853, 71, 9, 70, 72, 175, 5, 852 >,
 	< 854, 71, 5, 0, 0, 151, 3, 853 >,
 	< 855, 71, 3, 0, 0, 140, 7, 854 >,
 	< 856, 71, 3, 0, 0, 138, 9, 855 >,
 	< 857, 71, 3, 45, 76, 153, 6, 856 >,
 	< 858, 71, 7, 87, 77, 140, 8, 857 >,
 	< 859, 71, 10, 84, 74, 134, 0, 858 >,
 	< 860, 71, 2, 55, 60, 116, 4, 859 >,
 	< 861, 71, 5, 0, 0, 167, 1, 860 >,
 	< 862, 71, 2, 0, 41, 166, 2, 861 >,
 	< 863, 71, 2, 51, 0, 132, 5, 862 >,
 	// order 72
 	< 864, 72, 3, 0, 0, 174, 3, -1 >,
 	< 865, 72, 10, 0, 0, 191, 7, 864 >,
 	< 866, 72, 6, 78, 0, 178, 9, 865 >,
 	< 867, 72, 10, 0, 32, 175, 6, 866 >,
 	< 868, 72, 6, 0, 0, 153, 8, 867 >,
 	< 869, 72, 6, 84, 0, 123, 0, 868 >,
 	< 870, 72, 6, 83, 0, 146, 4, 869 >,
 	< 871, 72, 10, 0, 0, 113, 1, 870 >,
 	< 872, 72, 3, 69, 78, 149, 2, 871 >,
 	< 873, 72, 6, 0, 30, 168, 5, 872 >,
 	< 874, 72, 9, 0, 40, 191, 3, 873 >,
 	< 875, 72, 9, 43, 66, 123, 7, 874 >,
 	// order 73
 	< 876, 73, 10, 45, 41, 184, 9, -1 >,
 	< 877, 73, 6, 0, 0, 147, 6, 876 >,
 	< 878, 73, 9, 65, 0, 119, 8, 877 >,
 	< 879, 73, 6, 0, 100, 107, 0, 878 >,
 	< 880, 73, 1, 77, 0, 142, 4, 879 >,
 	< 881, 73, 9, 40, 98, 111, 1, 880 >,
 	< 882, 73, 4, 34, 97, 177, 2, 881 >,
 	< 883, 73, 7, 0, 97, 176, 5, 882 >,
 	< 884, 73, 9, 0, 40, 135, 3, 883 >,
 	< 885, 73, 8, 50, 69, 175, 7, 884 >,
 	< 886, 73, 5, 0, 0, 193, 9, 885 >,
 	< 887, 73, 9, 49, 0, 135, 6, 886 >,
 	// order 74
 	< 888, 74, 6, 0, 0, 154, 8, -1 >,
 	< 889, 74, 4, 0, 47, 175, 0, 888 >,
 	< 890, 74, 7, 0, 0, 113, 4, 889 >,
 	< 891, 74, 3, 63, 0, 127, 1, 890 >,
 	< 892, 74, 6, 61, 0, 136, 2, 891 >,
 	< 893, 74, 6, 42, 59, 103, 5, 892 >,
 	< 894, 74, 10, 0, 0, 147, 3, 893 >,
 	< 895, 74, 6, 0, 90, 142, 7, 894 >,
 	< 896, 74, 9, 98, 0, 155, 9, 895 >,
 	< 897, 74, 10, 0, 0, 130, 6, 896 >,
 	< 898, 74, 10, 0, 0, 137, 8, 897 >,
 	< 899, 74, 3, 55, 45, 183, 0, 898 >,
 	// order 75
 	< 900, 75, 8, 40, 54, 120, 4, -1 >,
 	< 901, 75, 8, 48, 68, 108, 1, 900 >,
 	< 902, 75, 3, 31, 0, 163, 2, 901 >,
 	< 903, 75, 10, 87, 0, 132, 5, 902 >,
 	< 904, 75, 2, 92, 0, 159, 3, 903 >,
 	< 905, 75, 6, 51, 0, 169, 7, 904 >,
 	< 906, 75, 10, 33, 0, 167, 9, 905 >,
 	< 907, 75, 3, 48, 54, 199, 6, 906 >,
 	< 908, 75, 7, 92, 0, 182, 8, 907 >,
 	< 909, 75, 4, 38, 0, 193, 0, 908 >,
 	< 910, 75, 5, 0, 0, 185, 4, 909 >,
 	< 911, 75, 3, 48, 43, 173, 1, 910 >,
 	// order 76
 	< 912, 76, 10, 90, 0, 140, 2, -1 >,
 	< 913, 76, 6, 85, 0, 130, 5, 912 >,
 	< 914, 76, 8, 0, 0, 134, 3, 913 >,
 	< 915, 76, 5, 0, 30, 177, 7, 914 >,
 	< 916, 76, 3, 43, 84, 155, 9, 915 >,
 	< 917, 76, 5, 74, 0, 156, 6, 916 >,
 	< 918, 76, 4, 69, 32, 194, 8, 917 >,
 	< 919, 76, 10, 78, 0, 180, 0, 918 >,
 	< 920, 76, 1, 40, 0, 135, 4, 919 >,
 	< 921, 76, 3, 0, 0, 116, 1, 920 >,
 	< 922, 76, 8, 0, 97, 174, 2, 921 >,
 	< 923, 76, 8, 0, 0, 158, 5, 922 >,
 	// order 77
 	< 924, 77, 10, 96, 0, 177, 3, -1 >,
 	< 925, 77, 10, 0, 0, 148, 7, 924 >,
 	< 926, 77, 4, 43, 0, 133, 9, 925 >,
 	< 927, 77, 6, 0, 59, 152, 6, 926 >,
 	< 928, 77, 6, 0, 0, 147, 8, 927 >,
 	< 929, 77, 3, 0, 38, 181, 0, 928 >,
 	< 930, 77, 7, 49, 89, 117, 4, 929 >,
 	< 931, 77, 8, 0, 76, 101, 1, 930 >,
 	< 932, 77, 3, 0, 86, 181, 2, 931 >,
 	< 933, 77, 9, 65, 52, 152, 5, 932 >,
 	< 934, 77, 8, 0, 66, 139, 3, 933 >,
 	< 935, 77, 8, 78, 0, 195, 7, 934 >,
 	// order 78
 	< 936, 78, 9, 0, 72, 103, 9, -1 >,
 	< 937, 78, 7, 0, 0, 158, 6, 936 >,
 	< 938, 78, 3, 50, 0, 131, 8, 937 >,
 	< 939, 78, 5, 0, 0, 166, 0, 938 >,
 	< 940, 78, 5, 0, 0, 120, 4, 939 >,
 	< 941, 78, 5, 0, 0, 194, 1, 940 >,
 	< 942, 78, 5, 0, 100, 174, 2, 941 >,
 	< 943, 78, 2, 0, 0, 138, 5, 942 >,
 	< 944, 78, 9, 44, 44, 163, 3, 943 >,
 	< 945, 78, 5, 0, 0, 194, 7, 944 >,
 	< 946, 78, 6, 43, 0, 106, 9, 945 >,
 	< 947, 78, 4, 48, 73, 162, 6, 946 >,
 	// order 79
 	< 948, 79, 8, 65, 0, 122, 8, -1 >,
 	< 949, 79, 1, 0, 68, 139, 0, 948 >,
 	< 950, 79, 8, 0, 69, 134, 4, 949 >,
 	< 951, 79, 2, 44, 92, 187, 1, 950 >,
 	< 952, 79, 5, 0, 100, 120, 2, 951 >,
 	< 953, 79, 3, 74, 95, 160, 5, 952 >,
 	< 954, 79, 5, 36, 0, 171, 3, 953 >,
 	< 955, 79, 7, 73, 0, 175, 7, 954 >,
 	< 956, 79, 5, 80, 48, 153, 9, 955 >,
 	< 957, 79, 8, 0, 33, 128, 6, 956 >,
 	< 958, 79, 8, 52, 94, 109, 8, 957 >,
 	< 959, 79, 1, 69, 77, 147, 0, 958 >,
 	// order 80
 	< 960, 80, 2, 41, 0, 115, 4, -1 >,
 	< 961, 80, 5, 0, 0, 101, 1, 960 >,
 	< 962, 80, 8, 0, 73, 188, 2, 961 >,
 	< 963, 80, 4, 79, 61, 188, 5, 962 >,
 	< 964, 80, 9, 0, 31, 178, 3, 963 >,
 	< 965, 80, 6, 71, 88, 161, 7, 964 >,
 	< 966, 80, 9, 35, 82, 110, 9, 965 >,
 	< 967, 80, 1, 81, 88, 126, 6, 966 >,
 	< 968, 80, 1, 55, 0, 102, 8, 967 >,
 	< 969, 80, 8, 0, 0, 156, 0, 968 >,
 	< 970, 80, 6, 72, 39, 115, 4, 969 >,
 	< 971, 80, 7, 77, 48, 120, 1, 970 >,
 	// order 81
 	< 972, 81, 2, 0, 0, 154, 2, -1 >,
 	< 973, 81, 4, 89, 59, 172, 5, 972 >,
 	< 974, 81, 1, 0, 0, 173, 3, 973 >,
 	< 975, 81, 4, 0, 84, 188, 7, 974 >,
 	< 976, 81, 9, 33, 0, 102, 9, 975 >,
 	< 977, 81, 5, 72, 56, 199, 6, 976 >,
 	< 978, 81, 1, 0, 34, 190, 8, 977 >,
 	< 979, 81, 4, 0, 0, 167, 0, 978 >,
 	< 980, 81, 1, 0, 0, 114, 4, 979 >,
 	< 981, 81, 8, 69, 59, 177, 1, 980 >,
 	< 982, 81, 3, 0, 82, 137, 2, 981 >,
 	< 983, 81, 5, 0, 0, 110, 5, 982 >,
 	// order 82
 	< 984, 82, 1, 32, 48, 143, 3, -1 >,
 	< 985, 82, 7, 64, 88, 107, 7, 984 >,
 	< 986, 82, 2, 0, 0, 181, 9, 985 >,
 	< 987, 82, 7, 0, 64, 132, 6, 986 >,
 	< 988, 82, 10, 43, 0, 109, 8, 987 >,
 	< 989, 82, 10, 0, 0, 119, 0, 988 >,
 	< 990, 82, 7, 49, 0, 143, 4, 989 >,
 	< 991, 82, 10, 0, 0, 118, 1, 990 >,
 	< 992, 82, 8, 0, 34, 186, 2, 991 >,
 	< 993, 82, 6, 36, 0, 179, 5, 992 >,
 	< 994, 82, 10, 42, 0, 154, 3, 993 >,
 	< 995, 82, 8, 0, 90, 169, 7, 994 >,
 	// order 83
 	< 996, 83, 2, 64, 0, 129, 9, -1 >,
 	< 997, 83, 4, 86, 0, 161, 6, 996 >,
 	< 998, 83, 2, 49, 0, 120, 8, 997 >,
 	< 999, 83, 4, 91, 72, 150, 0, 998 >,
 	< 1000, 83, 10, 57, 0, 146, 4, 999 >,
 	< 1001, 83, 5, 82, 0, 129, 1, 1000 >,
 	< 1002, 83, 1, 0, 30, 118, 2, 1001 >,
 	< 1003, 83, 7, 0, 63, 161, 5, 1002 >,
 	< 1004, 83, 9, 0, 0, 162, 3, 1003 >,
 	< 1005, 83, 2, 0, 0, 194, 7, 1004 >,
 	< 1006, 83, 2, 0, 0, 198, 9, 1005 >,
 	< 1007, 83, 3, 0, 0, 166, 6, 1006 >,
 	// order 84
 	< 1008, 84, 2, 89, 50, 106, 8, -1 >,
 	< 1009, 84, 8, 0, 0, 161, 0, 1008 >,
 	< 1010, 84, 7, 0, 0, 170, 4, 1009 >,
 	< 1011, 84, 3, 0, 0, 199, 1, 1010 >,
 	< 1012, 84, 7, 61, 53, 100, 2, 1011 >,
 	< 1013, 84, 4, 68, 0, 101, 5, 1012 >,
 	< 1014, 84, 1, 64, 67, 154, 3, 1013 >,
 	< 1015, 84, 4, 66, 0, 183, 7, 1014 >,
 	< 1016, 84, 4, 0, 0, 155, 9, 1015 >,
 	< 1017, 84, 9, 94, 30, 118, 6, 1016 >,
 	< 1018, 84, 5, 0, 45, 121, 8, 1017 >,
 	< 1019, 84, 4, 88, 67, 152, 0, 1018 >,
 	// order 85
 	< 1020, 85, 7, 0, 0, 170, 4, -1 >,
 	< 1021, 85, 2, 0, 0, 115, 1, 1020 >,
 	< 1022, 85, 10, 0, 77, 178, 2, 1021 >,
 	< 1023, 85, 7, 0, 0, 179, 5, 1022 >,
 	< 1024, 85, 2, 0, 32, 107, 3, 1023 >,
 	< 1025, 85, 9, 75, 74, 131, 7, 1024 >,
 	< 1026, 85, 2, 37, 86, 130, 9, 1025 >,
 	< 1027, 85, 7, 56, 81, 174, 6, 1026 >,
 	< 1028, 85, 5, 0, 0, 102, 8, 1027 >,
 	< 1029, 85, 6, 86, 93, 104, 0, 1028 >,
 	< 1030, 85, 9, 49, 64, 158, 4, 1029 >,
 	< 1031, 85, 5, 33, 0, 163, 1, 1030 >,
 	// order 86
 	< 1032, 86, 2, 49, 0, 105, 2, -1 >,
 	< 1033, 86, 9, 0, 66, 193, 5, 1032 >,
 	< 1034, 86, 10, 0, 60, 169, 3, 1033 >,
 	< 1035, 86, 10, 30, 0, 110, 7, 1034 >,
 	< 1036, 86, 1, 0, 0, 179, 9, 1035 >,
 	< 1037, 86, 5, 38, 36, 132, 6, 1036 >,
 	< 1038, 86, 9, 66, 0, 122, 8, 1037 >,
 	< 1039, 86, 4, 98, 0, 174, 0, 1038 >,
 	< 1040, 86, 4, 56, 0, 193, 4, 1039 >,
 	< 1041, 86, 3, 47, 71, 168, 1, 1040 >,
 	< 1042, 86, 6, 0, 0, 156, 2, 1041 >,
 	< 1043, 86, 8, 64, 60, 174, 5, 1042 >,
 	// order 87
 	< 1044, 87, 7, 44, 0, 113, 3, -1 >,
 	< 1045, 87, 10, 44, 0, 117, 7, 1044 >,
 	< 1046, 87, 9, 51, 66, 104, 9, 1045 >,
 	< 1047, 87, 1, 43, 92, 102, 6, 1046 >,
 	< 1048, 87, 5, 49, 58, 155, 8, 1047 >,
 	< 1049, 87, 5, 52, 0, 106, 0, 1048 >,
 	< 1050, 87, 10, 76, 0, 100, 4, 1049 >,
 	< 1051, 87, 9, 0, 0, 103, 1, 1050 >,
 	< 1052, 87, 6, 0, 31, 170, 2, 1051 >,
 	< 1053, 87, 4, 0, 84, 164, 5, 1052 >,
 	< 1054, 87, 5, 0, 74, 141, 3, 1053 >,
 	< 1055, 87, 6, 53, 97, 176, 7, 1054 >,
 	// order 88
 	< 1056, 88, 7, 64, 0, 130, 9, -1 >,
 	< 1057, 88, 2, 92, 0, 105, 6, 1056 >,
 	< 1058, 88, 9, 90, 36, 179, 8, 1057 >,
 	< 1059, 88, 3, 0, 0, 151, 0, 1058 >,
 	< 1060, 88, 8, 78, 73, 114, 4, 1059 >,
 	< 1061, 88, 1, 0, 42, 147, 1, 1060 >,
 	< 1062, 88, 9, 0, 0, 181, 2, 1061 >,
 	< 1063, 88, 6, 0, 58, 121, 5, 1062 >,
 	< 1064, 88, 2, 82, 69, 163, 3, 1063 >,
 	< 1065, 88, 1, 0, 0, 177, 7, 1064 >,
 	< 1066, 88, 6, 0, 0, 144, 9, 1065 >,
 	< 1067, 88, 1, 42, 89, 116, 6, 1066 >,
 	// order 89
 	< 1068, 89, 1, 48, 71, 106, 8, -1 >,
 	< 1069, 89, 7, 80, 59, 168, 0, 1068 >,
 	< 1070, 89, 8, 53, 36, 110, 4, 1069 >,
 	< 1071, 89, 4, 39, 94, 185, 1, 1070 >,
 	< 1072, 89, 7, 0, 0, 176, 2, 1071 >,
 	< 1073, 89, 3, 56, 82, 123, 5, 1072 >,
 	< 1074, 89, 2, 71, 100, 149, 3, 1073 >,
 	< 1075, 89, 1, 0, 0, 179, 7, 1074 >,
 	< 1076, 89, 4, 67, 38, 116, 9, 1075 >,
 	< 1077, 89, 8, 0, 0, 185, 6, 1076 >,
 	< 1078, 89, 1, 0, 59, 124, 8, 1077 >,
 	< 1079, 89, 4, 90, 0, 178, 0, 1078 >,
 	// order 90
 	< 1080, 90, 2, 96, 0, 171, 4, -1 >,
 	< 1081, 90, 8, 0, 0, 111, 1, 1080 >,
 	< 1082, 90, 9, 79, 38, 149, 2, 1081 >,
 	< 1083, 90, 8, 85, 35, 115, 5, 1082 >,
 	< 1084, 90, 3, 93, 0, 100, 3, 1083 >,
 	< 1085, 90, 9, 0, 76, 179, 7, 1084 >,
 	< 1086, 90, 2, 0, 74, 175, 9, 1085 >,
 	< 1087, 90, 10, 0, 54, 188, 6, 1086 >,
 	< 1088, 90, 6, 51, 52, 161, 8, 1087 >,
 	< 1089, 90, 6, 68, 94, 121, 0, 1088 >,
 	< 1090, 90, 3, 91, 33, 125, 4, 1089 >,
 	< 1091, 90, 8, 38, 62, 109, 1, 1090 >,
 	// order 91
 	< 1092, 91, 9, 94, 0, 175, 2, -1 >,
 	< 1093, 91, 8, 94, 0, 120, 5, 1092 >,
 	< 1094, 91, 6, 0, 0, 101, 3, 1093 >,
 	< 1095, 91, 9, 0, 0, 123, 7, 1094 >,
 	< 1096, 91, 1, 0, 97, 183, 9, 1095 >,
 	< 1097, 91, 10, 84, 87, 116, 6, 1096 >,
 	< 1098, 91, 5, 32, 45, 106, 8, 1097 >,
 	< 1099, 91, 8, 37, 0, 181, 0, 1098 >,
 	< 1100, 91, 10, 95, 0, 106, 4, 1099 >,
 	< 1101, 91, 6, 32, 0, 130, 1, 1100 >,
 	< 1102, 91, 7, 62, 0, 121, 2, 1101 >,
 	< 1103, 91, 9, 95, 99, 182, 5, 1102 >,
 	// order 92
 	< 1104, 92, 9, 91, 0, 153, 3, -1 >,
 	< 1105, 92, 9, 0, 42, 171, 7, 1104 >,
 	< 1106, 92, 2, 0, 0, 105, 9, 1105 >,
 	< 1107, 92, 9, 0, 96, 123, 6, 1106 >,
 	< 1108, 92, 2, 61, 84, 186, 8, 1107 >,
 	< 1109, 92, 6, 0, 0, 119, 0, 1108 >,
 	< 1110, 92, 10, 56, 0, 200, 4, 1109 >,
 	< 1111, 92, 2, 0, 0, 161, 1, 1110 >,
 	< 1112, 92, 6, 70, 0, 119, 2, 1111 >,
 	< 1113, 92, 6, 89, 0, 138, 5, 1112 >,
 	< 1114, 92, 4, 31, 65, 188, 3, 1113 >,
 	< 1115, 92, 10, 0, 36, 160, 7, 1114 >,
 	// order 93
 	< 1116, 93, 10, 36, 48, 193, 9, -1 >,
 	< 1117, 93, 8, 50, 74, 198, 6, 1116 >,
 	< 1118, 93, 2, 0, 68, 180, 8, 1117 >,
 	< 1119, 93, 3, 0, 0, 102, 0, 1118 >,
 	< 1120, 93, 5, 77, 0, 190, 4, 1119 >,
 	< 1121, 93, 8, 53, 0, 173, 1, 1120 >,
 	< 1122, 93, 4, 30, 97, 147, 2, 1121 >,
 	< 1123, 93, 4, 77, 100, 188, 5, 1122 >,
 	< 1124, 93, 5, 91, 71, 197, 3, 1123 >,
 	< 1125, 93, 4, 0, 0, 162, 7, 1124 >,
 	< 1126, 93, 9, 68, 0, 143, 9, 1125 >,
 	< 1127, 93, 5, 0, 0, 189, 6, 1126 >,
 	// order 94
 	< 1128, 94, 6, 0, 0, 126, 8, -1 >,
 	< 1129, 94, 1, 0, 71, 106, 0, 1128 >,
 	< 1130, 94, 5, 0, 64, 104, 4, 1129 >,
 	< 1131, 94, 6, 0, 64, 102, 1, 1130 >,
 	< 1132, 94, 3, 100, 70, 175, 2, 1131 >,
 	< 1133, 94, 2, 0, 0, 189, 5, 1132 >,
 	< 1134, 94, 1, 70, 91, 147, 3, 1133 >,
 	< 1135, 94, 7, 0, 0, 185, 7, 1134 >,
 	< 1136, 94, 8, 57, 0, 166, 9, 1135 >,
 	< 1137, 94, 9, 0, 0, 153, 6, 1136 >,
 	< 1138, 94, 1, 62, 54, 192, 8, 1137 >,
 	< 1139, 94, 10, 50, 66, 192, 0, 1138 >,
 	// order 95
 	< 1140, 95, 7, 79, 0, 155, 4, -1 >,
 	< 1141, 95, 8, 0, 70, 188, 1, 1140 >,
 	< 1142, 95, 10, 75, 0, 145, 2, 1141 >,
 	< 1143, 95, 6, 49, 81, 174, 5, 1142 >,
 	< 1144, 95, 10, 0, 0, 159, 3, 1143 >,
 	< 1145, 95, 10, 0, 92, 194, 7, 1144 >,
 	< 1146, 95, 4, 95, 33, 200, 9, 1145 >,
 	< 1147, 95, 7, 0, 0, 110, 6, 1146 >,
 	< 1148, 95, 10, 97, 0, 185, 8, 1147 >,
 	< 1149, 95, 10, 0, 0, 146, 0, 1148 >,
 	< 1150, 95, 5, 30, 85, 118, 4, 1149 >,
 	< 1151, 95, 8, 75, 0, 156, 1, 1150 >,
 	// order 96
 	< 1152, 96, 5, 0, 75, 151, 2, -1 >,
 	< 1153, 96, 4, 79, 0, 145, 5, 1152 >,
 	< 1154, 96, 9, 0, 0, 164, 3, 1153 >,
 	< 1155, 96, 8, 98, 45, 166, 7, 1154 >,
 	< 1156, 96, 8, 0, 0, 143, 9, 1155 >,
 	< 1157, 96, 2, 0, 39, 176, 6, 1156 >,
 	< 1158, 96, 3, 0, 0, 181, 8, 1157 >,
 	< 1159, 96, 6, 67, 0, 132, 0, 1158 >,
 	< 1160, 96, 7, 51, 87, 101, 4, 1159 >,
 	< 1161, 96, 7, 0, 47, 101, 1, 1160 >,
 	< 1162, 96, 2, 87, 0, 178, 2, 1161 >,
 	< 1163, 96, 9, 0, 0, 130, 5, 1162 >,
 	// order 97
 	< 1164, 97, 6, 0, 64, 195, 3, -1 >,
 	< 1165, 97, 10, 0, 77, 163, 7, 1164 >,
 	< 1166, 97, 1, 0, 75, 129, 9, 1165 >,
 	< 1167, 97, 8, 0, 0, 137, 6, 1166 >,
 	< 1168, 97, 2, 85, 67, 112, 8, 1167 >,
 	< 1169, 97, 6, 0, 0, 164, 0, 1168 >,
 	< 1170, 97, 1, 50, 0, 171, 4, 1169 >,
 	< 1171, 97, 9, 0, 88, 164, 1, 1170 >,
 	< 1172, 97, 9, 89, 44, 121, 2, 1171 >,
 	< 1173, 97, 8, 0, 0, 152, 5, 1172 >,
 	< 1174, 97, 8, 0, 97, 112, 3, 1173 >,
 	< 1175, 97, 6, 76, 0, 136, 7, 1174 >,
 	// order 98
 	< 1176, 98, 4, 81, 0, 165, 9, -1 >,
 	< 1177, 98, 10, 99, 0, 185, 6, 1176 >,
 	< 1178, 98, 9, 67, 0, 153, 8, 1177 >,
 	< 1179, 98, 4, 36, 0, 131, 0, 1178 >,
 	< 1180, 98, 4, 0, 0, 194, 4, 1179 >,
 	< 1181, 98, 10, 99, 0, 114, 1, 1180 >,
 	< 1182, 98, 3, 0, 93, 146, 2, 1181 >,
 	< 1183, 98, 3, 0, 0, 170, 5, 1182 >,
 	< 1184, 98, 1, 0, 0, 180, 3, 1183 >,
 	< 1185, 98, 10, 0, 96, 190, 7, 1184 >,
 	< 1186, 98, 3, 0, 68, 165, 9, 1185 >,
 	< 1187, 98, 4, 31, 0, 122, 6, 1186 >,
 	// order 99
 	< 1188, 99, 8, 0, 0, 195, 8, -1 >,
 	< 1189, 99, 5, 33, 32, 187, 0, 1188 >,
 	< 1190, 99, 1, 0, 0, 119, 4, 1189 >,
 	< 1191, 99, 3, 0, 0, 186, 1, 1190 >,
 	< 1192, 99, 6, 0, 47, 200, 2, 1191 >,
 	< 1193, 99, 8, 95, 0, 166, 5, 1192 >,
 	< 1194, 99, 5, 0, 0, 145, 3, 1193 >,
 	< 1195, 99, 2, 0, 0, 148, 7, 1194 >,
 	< 1196, 99, 10, 0, 0, 198, 9, 1195 >,
 	< 1197, 99, 10, 76, 0, 183, 6, 1196 >,
 	< 1198, 99, 1, 0, 49, 159, 8, 1197 >,
 	< 1199, 99, 4, 63, 47, 155, 0, 1198 >
 };
