/*********************************************
 * OPL 12.10.0.0 Data
 * Author: Kinast
 * Creation date: Aug 17, 2021 at 11:49:38 AM
 *********************************************/

 nOrders = 100;
 nTasks = 1200;

 nWorkgroups = 10;
 nWorkstations = 30;

 nCobots = 0;
 cobotTimeFactor = 0.7;

 workstations = {
 	< 0, "Workstation 0", 0, 0.93, 1.05, 1, 3 >,
 	< 1, "Workstation 1", 1, 0.77, 0.9, 1, 1 >,
 	< 2, "Workstation 2", 2, 1.24, 0.84, 1, 1 >,
 	< 3, "Workstation 3", 3, 0.88, 0.95, 1, 1 >,
 	< 4, "Workstation 4", 0, 0.89, 1.19, 1, 1 >,
 	< 5, "Workstation 5", 4, 0.91, 0.87, 1, 1 >,
 	< 6, "Workstation 6", 5, 1.12, 0.79, 1, 1 >,
 	< 7, "Workstation 7", 6, 1.17, 0.77, 1, 4 >,
 	< 8, "Workstation 8", 2, 0.87, 0.91, 1, 1 >,
 	< 9, "Workstation 9", 3, 0.79, 1.19, 1, 5 >,
 	< 10, "Workstation 10", 7, 1.08, 1.05, 1, 1 >,
 	< 11, "Workstation 11", 4, 1.17, 0.86, 1, 2 >,
 	< 12, "Workstation 12", 3, 0.96, 0.83, 1, 3 >,
 	< 13, "Workstation 13", 0, 1.22, 1.19, 1, 3 >,
 	< 14, "Workstation 14", 8, 1.21, 0.82, 1, 1 >,
 	< 15, "Workstation 15", 8, 0.84, 1.24, 1, 5 >,
 	< 16, "Workstation 16", 1, 0.77, 1.12, 1, 1 >,
 	< 17, "Workstation 17", 6, 0.81, 1.01, 1, 1 >,
 	< 18, "Workstation 18", 9, 0.82, 1.04, 1, 5 >,
 	< 19, "Workstation 19", 7, 0.98, 1.17, 1, 3 >,
 	< 20, "Workstation 20", 7, 1.17, 0.91, 1, 1 >,
 	< 21, "Workstation 21", 1, 1.14, 1, 1, 1 >,
 	< 22, "Workstation 22", 5, 1.06, 0.9, 1, 4 >,
 	< 23, "Workstation 23", 4, 0.84, 0.87, 1, 5 >,
 	< 24, "Workstation 24", 6, 0.92, 1.09, 1, 1 >,
 	< 25, "Workstation 25", 9, 0.92, 0.88, 1, 2 >,
 	< 26, "Workstation 26", 9, 1.1, 1.18, 1, 5 >,
 	< 27, "Workstation 27", 2, 1.04, 1.07, 1, 5 >,
 	< 28, "Workstation 28", 5, 0.76, 0.95, 1, 1 >,
 	< 29, "Workstation 29", 8, 1.2, 0.99, 1, 1 >
 };

 tasks = {
 	// order 0
 	< 0, 0, 7, 83, 0, 127, 6, -1 >,
 	< 1, 0, 7, 72, 79, 169, 2, 0 >,
 	< 2, 0, 5, 47, 0, 183, 8, 1 >,
 	< 3, 0, 3, 76, 0, 182, 4, 2 >,
 	< 4, 0, 8, 0, 0, 161, 5, 3 >,
 	< 5, 0, 5, 0, 0, 161, 9, 4 >,
 	< 6, 0, 3, 76, 0, 119, 7, 5 >,
 	< 7, 0, 10, 38, 0, 147, 0, 6 >,
 	< 8, 0, 4, 99, 0, 188, 3, 7 >,
 	< 9, 0, 5, 93, 43, 196, 1, 8 >,
 	< 10, 0, 7, 0, 0, 155, 6, 9 >,
 	< 11, 0, 5, 60, 0, 166, 2, 10 >,
 	// order 1
 	< 12, 1, 9, 78, 74, 109, 8, -1 >,
 	< 13, 1, 1, 0, 0, 129, 4, 12 >,
 	< 14, 1, 5, 100, 0, 134, 5, 13 >,
 	< 15, 1, 6, 61, 98, 179, 9, 14 >,
 	< 16, 1, 6, 0, 76, 157, 7, 15 >,
 	< 17, 1, 6, 0, 85, 108, 0, 16 >,
 	< 18, 1, 3, 73, 86, 127, 3, 17 >,
 	< 19, 1, 10, 85, 0, 175, 1, 18 >,
 	< 20, 1, 6, 0, 47, 169, 6, 19 >,
 	< 21, 1, 7, 0, 0, 157, 2, 20 >,
 	< 22, 1, 5, 59, 51, 115, 8, 21 >,
 	< 23, 1, 8, 0, 0, 154, 4, 22 >,
 	// order 2
 	< 24, 2, 8, 0, 44, 125, 5, -1 >,
 	< 25, 2, 10, 0, 68, 124, 9, 24 >,
 	< 26, 2, 9, 88, 33, 196, 7, 25 >,
 	< 27, 2, 10, 0, 0, 189, 0, 26 >,
 	< 28, 2, 10, 0, 45, 165, 3, 27 >,
 	< 29, 2, 5, 0, 52, 165, 1, 28 >,
 	< 30, 2, 6, 77, 0, 166, 6, 29 >,
 	< 31, 2, 6, 0, 0, 146, 2, 30 >,
 	< 32, 2, 3, 0, 62, 179, 8, 31 >,
 	< 33, 2, 8, 100, 88, 135, 4, 32 >,
 	< 34, 2, 3, 0, 42, 160, 5, 33 >,
 	< 35, 2, 5, 0, 0, 156, 9, 34 >,
 	// order 3
 	< 36, 3, 9, 74, 93, 170, 7, -1 >,
 	< 37, 3, 2, 0, 95, 150, 0, 36 >,
 	< 38, 3, 10, 86, 0, 157, 3, 37 >,
 	< 39, 3, 2, 33, 0, 193, 1, 38 >,
 	< 40, 3, 5, 95, 59, 110, 6, 39 >,
 	< 41, 3, 8, 0, 46, 118, 2, 40 >,
 	< 42, 3, 8, 73, 78, 129, 8, 41 >,
 	< 43, 3, 6, 0, 77, 141, 4, 42 >,
 	< 44, 3, 10, 0, 0, 155, 5, 43 >,
 	< 45, 3, 7, 73, 0, 159, 9, 44 >,
 	< 46, 3, 4, 75, 0, 114, 7, 45 >,
 	< 47, 3, 8, 63, 60, 156, 0, 46 >,
 	// order 4
 	< 48, 4, 10, 52, 0, 101, 3, -1 >,
 	< 49, 4, 2, 92, 49, 196, 1, 48 >,
 	< 50, 4, 10, 0, 72, 161, 6, 49 >,
 	< 51, 4, 6, 61, 92, 118, 2, 50 >,
 	< 52, 4, 7, 95, 0, 117, 8, 51 >,
 	< 53, 4, 5, 83, 0, 150, 4, 52 >,
 	< 54, 4, 1, 0, 0, 120, 5, 53 >,
 	< 55, 4, 10, 0, 62, 124, 9, 54 >,
 	< 56, 4, 8, 51, 0, 185, 7, 55 >,
 	< 57, 4, 4, 0, 37, 100, 0, 56 >,
 	< 58, 4, 7, 0, 0, 168, 3, 57 >,
 	< 59, 4, 8, 0, 0, 126, 1, 58 >,
 	// order 5
 	< 60, 5, 10, 0, 0, 190, 6, -1 >,
 	< 61, 5, 2, 0, 0, 188, 2, 60 >,
 	< 62, 5, 2, 58, 49, 133, 8, 61 >,
 	< 63, 5, 10, 41, 53, 150, 4, 62 >,
 	< 64, 5, 1, 81, 92, 175, 5, 63 >,
 	< 65, 5, 5, 0, 59, 168, 9, 64 >,
 	< 66, 5, 2, 100, 61, 120, 7, 65 >,
 	< 67, 5, 9, 0, 0, 191, 0, 66 >,
 	< 68, 5, 10, 0, 40, 149, 3, 67 >,
 	< 69, 5, 8, 0, 0, 170, 1, 68 >,
 	< 70, 5, 6, 0, 98, 118, 6, 69 >,
 	< 71, 5, 4, 0, 0, 101, 2, 70 >,
 	// order 6
 	< 72, 6, 4, 37, 0, 174, 8, -1 >,
 	< 73, 6, 9, 0, 0, 127, 4, 72 >,
 	< 74, 6, 8, 68, 0, 111, 5, 73 >,
 	< 75, 6, 3, 37, 0, 181, 9, 74 >,
 	< 76, 6, 9, 0, 0, 120, 7, 75 >,
 	< 77, 6, 2, 93, 0, 142, 0, 76 >,
 	< 78, 6, 6, 46, 0, 112, 3, 77 >,
 	< 79, 6, 9, 0, 0, 181, 1, 78 >,
 	< 80, 6, 8, 0, 0, 189, 6, 79 >,
 	< 81, 6, 5, 0, 0, 162, 2, 80 >,
 	< 82, 6, 2, 0, 0, 151, 8, 81 >,
 	< 83, 6, 4, 0, 64, 128, 4, 82 >,
 	// order 7
 	< 84, 7, 7, 0, 94, 128, 5, -1 >,
 	< 85, 7, 9, 0, 64, 147, 9, 84 >,
 	< 86, 7, 6, 0, 0, 152, 7, 85 >,
 	< 87, 7, 10, 85, 0, 199, 0, 86 >,
 	< 88, 7, 8, 98, 80, 157, 3, 87 >,
 	< 89, 7, 8, 60, 44, 173, 1, 88 >,
 	< 90, 7, 4, 89, 0, 180, 6, 89 >,
 	< 91, 7, 10, 62, 78, 105, 2, 90 >,
 	< 92, 7, 10, 97, 0, 175, 8, 91 >,
 	< 93, 7, 7, 0, 71, 173, 4, 92 >,
 	< 94, 7, 9, 56, 84, 179, 5, 93 >,
 	< 95, 7, 4, 39, 95, 127, 9, 94 >,
 	// order 8
 	< 96, 8, 8, 0, 71, 133, 7, -1 >,
 	< 97, 8, 2, 92, 55, 108, 0, 96 >,
 	< 98, 8, 9, 0, 84, 135, 3, 97 >,
 	< 99, 8, 1, 0, 0, 120, 1, 98 >,
 	< 100, 8, 7, 0, 0, 193, 6, 99 >,
 	< 101, 8, 5, 31, 0, 157, 2, 100 >,
 	< 102, 8, 10, 0, 39, 167, 8, 101 >,
 	< 103, 8, 3, 64, 0, 134, 4, 102 >,
 	< 104, 8, 10, 79, 68, 164, 5, 103 >,
 	< 105, 8, 6, 44, 0, 199, 9, 104 >,
 	< 106, 8, 5, 0, 80, 165, 7, 105 >,
 	< 107, 8, 8, 87, 0, 181, 0, 106 >,
 	// order 9
 	< 108, 9, 2, 52, 90, 135, 3, -1 >,
 	< 109, 9, 8, 0, 0, 101, 1, 108 >,
 	< 110, 9, 9, 79, 0, 139, 6, 109 >,
 	< 111, 9, 10, 0, 50, 195, 2, 110 >,
 	< 112, 9, 9, 36, 65, 141, 8, 111 >,
 	< 113, 9, 2, 0, 0, 151, 4, 112 >,
 	< 114, 9, 1, 32, 82, 104, 5, 113 >,
 	< 115, 9, 4, 78, 0, 180, 9, 114 >,
 	< 116, 9, 3, 30, 0, 159, 7, 115 >,
 	< 117, 9, 4, 0, 0, 173, 0, 116 >,
 	< 118, 9, 6, 67, 0, 193, 3, 117 >,
 	< 119, 9, 4, 81, 0, 145, 1, 118 >,
 	// order 10
 	< 120, 10, 3, 0, 0, 182, 6, -1 >,
 	< 121, 10, 10, 0, 42, 171, 2, 120 >,
 	< 122, 10, 4, 50, 0, 200, 8, 121 >,
 	< 123, 10, 2, 96, 0, 147, 4, 122 >,
 	< 124, 10, 10, 0, 37, 129, 5, 123 >,
 	< 125, 10, 10, 0, 0, 187, 9, 124 >,
 	< 126, 10, 7, 0, 0, 166, 7, 125 >,
 	< 127, 10, 5, 0, 0, 150, 0, 126 >,
 	< 128, 10, 10, 0, 0, 192, 3, 127 >,
 	< 129, 10, 8, 0, 0, 198, 1, 128 >,
 	< 130, 10, 2, 0, 67, 102, 6, 129 >,
 	< 131, 10, 4, 0, 48, 154, 2, 130 >,
 	// order 11
 	< 132, 11, 5, 0, 0, 104, 8, -1 >,
 	< 133, 11, 9, 33, 70, 132, 4, 132 >,
 	< 134, 11, 10, 89, 0, 192, 5, 133 >,
 	< 135, 11, 7, 92, 0, 156, 9, 134 >,
 	< 136, 11, 2, 67, 0, 110, 7, 135 >,
 	< 137, 11, 7, 74, 48, 198, 0, 136 >,
 	< 138, 11, 8, 0, 87, 187, 3, 137 >,
 	< 139, 11, 4, 43, 0, 187, 1, 138 >,
 	< 140, 11, 8, 39, 52, 145, 6, 139 >,
 	< 141, 11, 6, 56, 67, 153, 2, 140 >,
 	< 142, 11, 8, 0, 79, 107, 8, 141 >,
 	< 143, 11, 10, 0, 0, 143, 4, 142 >,
 	// order 12
 	< 144, 12, 2, 0, 0, 121, 5, -1 >,
 	< 145, 12, 5, 44, 0, 134, 9, 144 >,
 	< 146, 12, 8, 87, 56, 116, 7, 145 >,
 	< 147, 12, 4, 0, 44, 111, 0, 146 >,
 	< 148, 12, 1, 0, 62, 125, 3, 147 >,
 	< 149, 12, 8, 42, 0, 123, 1, 148 >,
 	< 150, 12, 10, 40, 0, 165, 6, 149 >,
 	< 151, 12, 4, 85, 66, 134, 2, 150 >,
 	< 152, 12, 6, 0, 89, 172, 8, 151 >,
 	< 153, 12, 1, 0, 0, 130, 4, 152 >,
 	< 154, 12, 10, 0, 0, 199, 5, 153 >,
 	< 155, 12, 5, 83, 98, 177, 9, 154 >,
 	// order 13
 	< 156, 13, 5, 0, 37, 175, 7, -1 >,
 	< 157, 13, 8, 48, 89, 160, 0, 156 >,
 	< 158, 13, 4, 79, 61, 144, 3, 157 >,
 	< 159, 13, 6, 67, 66, 173, 1, 158 >,
 	< 160, 13, 9, 0, 98, 116, 6, 159 >,
 	< 161, 13, 1, 71, 88, 107, 2, 160 >,
 	< 162, 13, 2, 0, 95, 124, 8, 161 >,
 	< 163, 13, 2, 0, 49, 162, 4, 162 >,
 	< 164, 13, 7, 44, 0, 120, 5, 163 >,
 	< 165, 13, 10, 0, 0, 126, 9, 164 >,
 	< 166, 13, 5, 0, 51, 100, 7, 165 >,
 	< 167, 13, 9, 83, 0, 124, 0, 166 >,
 	// order 14
 	< 168, 14, 8, 0, 67, 188, 3, -1 >,
 	< 169, 14, 6, 0, 66, 133, 1, 168 >,
 	< 170, 14, 6, 0, 47, 110, 6, 169 >,
 	< 171, 14, 2, 73, 98, 104, 2, 170 >,
 	< 172, 14, 8, 0, 58, 200, 8, 171 >,
 	< 173, 14, 3, 0, 38, 131, 4, 172 >,
 	< 174, 14, 4, 65, 56, 100, 5, 173 >,
 	< 175, 14, 1, 0, 83, 120, 9, 174 >,
 	< 176, 14, 7, 83, 39, 165, 7, 175 >,
 	< 177, 14, 2, 36, 0, 109, 0, 176 >,
 	< 178, 14, 6, 0, 89, 105, 3, 177 >,
 	< 179, 14, 2, 57, 0, 108, 1, 178 >,
 	// order 15
 	< 180, 15, 4, 0, 0, 193, 6, -1 >,
 	< 181, 15, 5, 81, 0, 167, 2, 180 >,
 	< 182, 15, 3, 45, 35, 156, 8, 181 >,
 	< 183, 15, 9, 0, 69, 182, 4, 182 >,
 	< 184, 15, 9, 0, 48, 102, 5, 183 >,
 	< 185, 15, 4, 67, 95, 146, 9, 184 >,
 	< 186, 15, 4, 0, 0, 130, 7, 185 >,
 	< 187, 15, 9, 31, 96, 147, 0, 186 >,
 	< 188, 15, 7, 0, 0, 115, 3, 187 >,
 	< 189, 15, 4, 0, 49, 117, 1, 188 >,
 	< 190, 15, 7, 0, 74, 123, 6, 189 >,
 	< 191, 15, 4, 0, 94, 113, 2, 190 >,
 	// order 16
 	< 192, 16, 2, 0, 0, 175, 8, -1 >,
 	< 193, 16, 9, 94, 85, 175, 4, 192 >,
 	< 194, 16, 3, 0, 0, 161, 5, 193 >,
 	< 195, 16, 4, 0, 97, 110, 9, 194 >,
 	< 196, 16, 7, 77, 0, 178, 7, 195 >,
 	< 197, 16, 3, 0, 78, 190, 0, 196 >,
 	< 198, 16, 10, 79, 0, 156, 3, 197 >,
 	< 199, 16, 9, 0, 0, 168, 1, 198 >,
 	< 200, 16, 3, 59, 38, 154, 6, 199 >,
 	< 201, 16, 9, 0, 45, 127, 2, 200 >,
 	< 202, 16, 1, 35, 44, 119, 8, 201 >,
 	< 203, 16, 5, 62, 56, 111, 4, 202 >,
 	// order 17
 	< 204, 17, 3, 89, 71, 132, 5, -1 >,
 	< 205, 17, 7, 36, 96, 174, 9, 204 >,
 	< 206, 17, 6, 0, 0, 156, 7, 205 >,
 	< 207, 17, 8, 99, 50, 141, 0, 206 >,
 	< 208, 17, 9, 0, 93, 191, 3, 207 >,
 	< 209, 17, 4, 0, 0, 199, 1, 208 >,
 	< 210, 17, 2, 60, 0, 183, 6, 209 >,
 	< 211, 17, 3, 50, 45, 140, 2, 210 >,
 	< 212, 17, 2, 0, 54, 123, 8, 211 >,
 	< 213, 17, 10, 94, 0, 156, 4, 212 >,
 	< 214, 17, 6, 88, 98, 168, 5, 213 >,
 	< 215, 17, 3, 59, 0, 147, 9, 214 >,
 	// order 18
 	< 216, 18, 8, 84, 39, 108, 7, -1 >,
 	< 217, 18, 5, 0, 0, 160, 0, 216 >,
 	< 218, 18, 1, 0, 46, 158, 3, 217 >,
 	< 219, 18, 4, 0, 99, 146, 1, 218 >,
 	< 220, 18, 5, 0, 0, 162, 6, 219 >,
 	< 221, 18, 1, 57, 72, 132, 2, 220 >,
 	< 222, 18, 7, 97, 58, 151, 8, 221 >,
 	< 223, 18, 1, 0, 0, 184, 4, 222 >,
 	< 224, 18, 5, 38, 64, 137, 5, 223 >,
 	< 225, 18, 10, 57, 0, 190, 9, 224 >,
 	< 226, 18, 1, 0, 33, 172, 7, 225 >,
 	< 227, 18, 4, 0, 68, 171, 0, 226 >,
 	// order 19
 	< 228, 19, 7, 87, 67, 144, 3, -1 >,
 	< 229, 19, 10, 34, 0, 192, 1, 228 >,
 	< 230, 19, 6, 0, 0, 182, 6, 229 >,
 	< 231, 19, 10, 0, 0, 170, 2, 230 >,
 	< 232, 19, 7, 62, 0, 143, 8, 231 >,
 	< 233, 19, 6, 0, 0, 189, 4, 232 >,
 	< 234, 19, 7, 0, 74, 156, 5, 233 >,
 	< 235, 19, 2, 95, 0, 196, 9, 234 >,
 	< 236, 19, 10, 100, 53, 104, 7, 235 >,
 	< 237, 19, 10, 0, 0, 176, 0, 236 >,
 	< 238, 19, 3, 93, 0, 112, 3, 237 >,
 	< 239, 19, 9, 40, 0, 138, 1, 238 >,
 	// order 20
 	< 240, 20, 5, 0, 0, 106, 6, -1 >,
 	< 241, 20, 2, 57, 0, 100, 2, 240 >,
 	< 242, 20, 1, 0, 75, 150, 8, 241 >,
 	< 243, 20, 2, 76, 0, 114, 4, 242 >,
 	< 244, 20, 3, 0, 0, 183, 5, 243 >,
 	< 245, 20, 5, 94, 0, 189, 9, 244 >,
 	< 246, 20, 6, 45, 65, 192, 7, 245 >,
 	< 247, 20, 6, 77, 74, 141, 0, 246 >,
 	< 248, 20, 7, 62, 0, 152, 3, 247 >,
 	< 249, 20, 4, 0, 0, 185, 1, 248 >,
 	< 250, 20, 4, 0, 31, 120, 6, 249 >,
 	< 251, 20, 10, 0, 91, 141, 2, 250 >,
 	// order 21
 	< 252, 21, 3, 65, 52, 180, 8, -1 >,
 	< 253, 21, 6, 0, 98, 163, 4, 252 >,
 	< 254, 21, 1, 59, 69, 175, 5, 253 >,
 	< 255, 21, 7, 92, 0, 179, 9, 254 >,
 	< 256, 21, 9, 0, 0, 145, 7, 255 >,
 	< 257, 21, 4, 51, 46, 195, 0, 256 >,
 	< 258, 21, 8, 58, 41, 192, 3, 257 >,
 	< 259, 21, 2, 0, 98, 141, 1, 258 >,
 	< 260, 21, 5, 0, 0, 150, 6, 259 >,
 	< 261, 21, 5, 0, 43, 166, 2, 260 >,
 	< 262, 21, 1, 37, 0, 178, 8, 261 >,
 	< 263, 21, 5, 92, 0, 196, 4, 262 >,
 	// order 22
 	< 264, 22, 1, 82, 51, 121, 5, -1 >,
 	< 265, 22, 1, 58, 66, 111, 9, 264 >,
 	< 266, 22, 10, 0, 0, 145, 7, 265 >,
 	< 267, 22, 9, 97, 54, 166, 0, 266 >,
 	< 268, 22, 8, 95, 59, 197, 3, 267 >,
 	< 269, 22, 10, 48, 0, 102, 1, 268 >,
 	< 270, 22, 10, 77, 68, 196, 6, 269 >,
 	< 271, 22, 3, 0, 0, 124, 2, 270 >,
 	< 272, 22, 4, 0, 32, 176, 8, 271 >,
 	< 273, 22, 1, 0, 84, 194, 4, 272 >,
 	< 274, 22, 6, 59, 41, 176, 5, 273 >,
 	< 275, 22, 5, 33, 79, 157, 9, 274 >,
 	// order 23
 	< 276, 23, 3, 0, 62, 170, 7, -1 >,
 	< 277, 23, 8, 0, 76, 147, 0, 276 >,
 	< 278, 23, 1, 0, 0, 144, 3, 277 >,
 	< 279, 23, 1, 76, 77, 107, 1, 278 >,
 	< 280, 23, 5, 0, 0, 137, 6, 279 >,
 	< 281, 23, 5, 66, 62, 149, 2, 280 >,
 	< 282, 23, 4, 0, 86, 188, 8, 281 >,
 	< 283, 23, 9, 0, 0, 136, 4, 282 >,
 	< 284, 23, 6, 0, 49, 105, 5, 283 >,
 	< 285, 23, 6, 0, 81, 175, 9, 284 >,
 	< 286, 23, 8, 0, 0, 130, 7, 285 >,
 	< 287, 23, 7, 0, 72, 160, 0, 286 >,
 	// order 24
 	< 288, 24, 10, 47, 63, 116, 3, -1 >,
 	< 289, 24, 1, 91, 70, 120, 1, 288 >,
 	< 290, 24, 8, 0, 38, 174, 6, 289 >,
 	< 291, 24, 7, 0, 0, 180, 2, 290 >,
 	< 292, 24, 5, 0, 31, 174, 8, 291 >,
 	< 293, 24, 4, 0, 0, 194, 4, 292 >,
 	< 294, 24, 8, 44, 0, 132, 5, 293 >,
 	< 295, 24, 4, 0, 57, 112, 9, 294 >,
 	< 296, 24, 10, 39, 41, 155, 7, 295 >,
 	< 297, 24, 1, 73, 0, 188, 0, 296 >,
 	< 298, 24, 5, 41, 67, 182, 3, 297 >,
 	< 299, 24, 5, 0, 88, 185, 1, 298 >,
 	// order 25
 	< 300, 25, 7, 94, 100, 126, 6, -1 >,
 	< 301, 25, 1, 0, 94, 127, 2, 300 >,
 	< 302, 25, 10, 0, 53, 127, 8, 301 >,
 	< 303, 25, 7, 0, 68, 162, 4, 302 >,
 	< 304, 25, 9, 0, 0, 104, 5, 303 >,
 	< 305, 25, 1, 86, 89, 133, 9, 304 >,
 	< 306, 25, 7, 0, 0, 128, 7, 305 >,
 	< 307, 25, 2, 67, 82, 178, 0, 306 >,
 	< 308, 25, 5, 0, 40, 197, 3, 307 >,
 	< 309, 25, 8, 43, 89, 100, 1, 308 >,
 	< 310, 25, 1, 0, 0, 177, 6, 309 >,
 	< 311, 25, 9, 71, 73, 123, 2, 310 >,
 	// order 26
 	< 312, 26, 6, 70, 74, 132, 8, -1 >,
 	< 313, 26, 7, 0, 0, 109, 4, 312 >,
 	< 314, 26, 10, 83, 0, 149, 5, 313 >,
 	< 315, 26, 1, 0, 0, 133, 9, 314 >,
 	< 316, 26, 8, 31, 0, 133, 7, 315 >,
 	< 317, 26, 7, 0, 66, 132, 0, 316 >,
 	< 318, 26, 4, 71, 0, 155, 3, 317 >,
 	< 319, 26, 9, 0, 0, 153, 1, 318 >,
 	< 320, 26, 4, 0, 0, 105, 6, 319 >,
 	< 321, 26, 3, 35, 0, 153, 2, 320 >,
 	< 322, 26, 1, 0, 62, 150, 8, 321 >,
 	< 323, 26, 7, 75, 98, 124, 4, 322 >,
 	// order 27
 	< 324, 27, 10, 59, 0, 182, 5, -1 >,
 	< 325, 27, 10, 0, 0, 188, 9, 324 >,
 	< 326, 27, 3, 0, 0, 170, 7, 325 >,
 	< 327, 27, 7, 97, 0, 154, 0, 326 >,
 	< 328, 27, 8, 0, 0, 164, 3, 327 >,
 	< 329, 27, 5, 47, 94, 145, 1, 328 >,
 	< 330, 27, 10, 0, 50, 143, 6, 329 >,
 	< 331, 27, 2, 81, 44, 124, 2, 330 >,
 	< 332, 27, 4, 81, 0, 132, 8, 331 >,
 	< 333, 27, 8, 0, 0, 184, 4, 332 >,
 	< 334, 27, 8, 62, 0, 180, 5, 333 >,
 	< 335, 27, 8, 53, 0, 156, 9, 334 >,
 	// order 28
 	< 336, 28, 9, 0, 78, 138, 7, -1 >,
 	< 337, 28, 7, 0, 77, 156, 0, 336 >,
 	< 338, 28, 1, 0, 45, 130, 3, 337 >,
 	< 339, 28, 5, 66, 41, 108, 1, 338 >,
 	< 340, 28, 1, 0, 0, 169, 6, 339 >,
 	< 341, 28, 3, 87, 0, 173, 2, 340 >,
 	< 342, 28, 2, 0, 59, 136, 8, 341 >,
 	< 343, 28, 10, 0, 54, 149, 4, 342 >,
 	< 344, 28, 1, 66, 84, 175, 5, 343 >,
 	< 345, 28, 8, 0, 56, 104, 9, 344 >,
 	< 346, 28, 5, 98, 0, 178, 7, 345 >,
 	< 347, 28, 9, 30, 0, 187, 0, 346 >,
 	// order 29
 	< 348, 29, 5, 96, 0, 186, 3, -1 >,
 	< 349, 29, 5, 90, 0, 108, 1, 348 >,
 	< 350, 29, 8, 0, 0, 115, 6, 349 >,
 	< 351, 29, 4, 94, 0, 194, 2, 350 >,
 	< 352, 29, 6, 30, 0, 168, 8, 351 >,
 	< 353, 29, 7, 0, 96, 158, 4, 352 >,
 	< 354, 29, 2, 0, 46, 163, 5, 353 >,
 	< 355, 29, 6, 0, 38, 192, 9, 354 >,
 	< 356, 29, 4, 0, 0, 146, 7, 355 >,
 	< 357, 29, 3, 0, 0, 181, 0, 356 >,
 	< 358, 29, 9, 0, 0, 194, 3, 357 >,
 	< 359, 29, 7, 0, 53, 148, 1, 358 >,
 	// order 30
 	< 360, 30, 4, 0, 62, 178, 6, -1 >,
 	< 361, 30, 7, 0, 0, 166, 2, 360 >,
 	< 362, 30, 9, 57, 33, 198, 8, 361 >,
 	< 363, 30, 8, 0, 58, 115, 4, 362 >,
 	< 364, 30, 6, 56, 0, 159, 5, 363 >,
 	< 365, 30, 9, 55, 0, 180, 9, 364 >,
 	< 366, 30, 9, 51, 0, 189, 7, 365 >,
 	< 367, 30, 4, 0, 0, 156, 0, 366 >,
 	< 368, 30, 6, 0, 0, 164, 3, 367 >,
 	< 369, 30, 5, 0, 0, 118, 1, 368 >,
 	< 370, 30, 2, 0, 0, 124, 6, 369 >,
 	< 371, 30, 5, 0, 0, 193, 2, 370 >,
 	// order 31
 	< 372, 31, 6, 55, 96, 184, 8, -1 >,
 	< 373, 31, 10, 0, 99, 124, 4, 372 >,
 	< 374, 31, 1, 41, 59, 193, 5, 373 >,
 	< 375, 31, 1, 33, 0, 118, 9, 374 >,
 	< 376, 31, 9, 0, 0, 164, 7, 375 >,
 	< 377, 31, 7, 0, 0, 155, 0, 376 >,
 	< 378, 31, 4, 39, 0, 132, 3, 377 >,
 	< 379, 31, 5, 0, 74, 171, 1, 378 >,
 	< 380, 31, 2, 0, 65, 112, 6, 379 >,
 	< 381, 31, 4, 98, 81, 131, 2, 380 >,
 	< 382, 31, 5, 0, 0, 159, 8, 381 >,
 	< 383, 31, 4, 55, 51, 117, 4, 382 >,
 	// order 32
 	< 384, 32, 9, 0, 0, 160, 5, -1 >,
 	< 385, 32, 8, 62, 45, 139, 9, 384 >,
 	< 386, 32, 4, 0, 0, 188, 7, 385 >,
 	< 387, 32, 2, 0, 0, 188, 0, 386 >,
 	< 388, 32, 9, 0, 67, 130, 3, 387 >,
 	< 389, 32, 3, 46, 0, 153, 1, 388 >,
 	< 390, 32, 10, 0, 91, 132, 6, 389 >,
 	< 391, 32, 6, 0, 0, 145, 2, 390 >,
 	< 392, 32, 10, 0, 0, 115, 8, 391 >,
 	< 393, 32, 2, 0, 0, 198, 4, 392 >,
 	< 394, 32, 1, 0, 0, 140, 5, 393 >,
 	< 395, 32, 10, 64, 49, 147, 9, 394 >,
 	// order 33
 	< 396, 33, 3, 35, 63, 191, 7, -1 >,
 	< 397, 33, 10, 85, 63, 109, 0, 396 >,
 	< 398, 33, 6, 0, 0, 197, 3, 397 >,
 	< 399, 33, 5, 0, 0, 189, 1, 398 >,
 	< 400, 33, 6, 0, 48, 193, 6, 399 >,
 	< 401, 33, 1, 38, 88, 117, 2, 400 >,
 	< 402, 33, 10, 0, 0, 110, 8, 401 >,
 	< 403, 33, 4, 0, 0, 196, 4, 402 >,
 	< 404, 33, 6, 0, 0, 158, 5, 403 >,
 	< 405, 33, 6, 95, 82, 131, 9, 404 >,
 	< 406, 33, 10, 0, 0, 153, 7, 405 >,
 	< 407, 33, 4, 37, 88, 174, 0, 406 >,
 	// order 34
 	< 408, 34, 4, 0, 92, 197, 3, -1 >,
 	< 409, 34, 6, 33, 58, 172, 1, 408 >,
 	< 410, 34, 6, 0, 91, 167, 6, 409 >,
 	< 411, 34, 4, 55, 100, 152, 2, 410 >,
 	< 412, 34, 1, 31, 40, 143, 8, 411 >,
 	< 413, 34, 7, 0, 71, 156, 4, 412 >,
 	< 414, 34, 6, 57, 0, 136, 5, 413 >,
 	< 415, 34, 7, 0, 92, 103, 9, 414 >,
 	< 416, 34, 4, 57, 66, 166, 7, 415 >,
 	< 417, 34, 8, 66, 0, 106, 0, 416 >,
 	< 418, 34, 8, 36, 0, 187, 3, 417 >,
 	< 419, 34, 3, 0, 0, 139, 1, 418 >,
 	// order 35
 	< 420, 35, 4, 0, 0, 103, 6, -1 >,
 	< 421, 35, 8, 64, 0, 199, 2, 420 >,
 	< 422, 35, 10, 0, 38, 148, 8, 421 >,
 	< 423, 35, 7, 0, 85, 162, 4, 422 >,
 	< 424, 35, 8, 75, 0, 117, 5, 423 >,
 	< 425, 35, 5, 78, 0, 140, 9, 424 >,
 	< 426, 35, 5, 0, 94, 149, 7, 425 >,
 	< 427, 35, 8, 62, 0, 117, 0, 426 >,
 	< 428, 35, 6, 0, 0, 157, 3, 427 >,
 	< 429, 35, 6, 0, 0, 162, 1, 428 >,
 	< 430, 35, 4, 0, 47, 150, 6, 429 >,
 	< 431, 35, 9, 0, 0, 169, 2, 430 >,
 	// order 36
 	< 432, 36, 10, 68, 48, 117, 8, -1 >,
 	< 433, 36, 9, 0, 81, 185, 4, 432 >,
 	< 434, 36, 7, 82, 49, 161, 5, 433 >,
 	< 435, 36, 1, 64, 0, 194, 9, 434 >,
 	< 436, 36, 1, 0, 0, 128, 7, 435 >,
 	< 437, 36, 10, 47, 86, 159, 0, 436 >,
 	< 438, 36, 1, 0, 0, 150, 3, 437 >,
 	< 439, 36, 9, 0, 0, 100, 1, 438 >,
 	< 440, 36, 6, 0, 55, 146, 6, 439 >,
 	< 441, 36, 10, 76, 0, 198, 2, 440 >,
 	< 442, 36, 9, 82, 73, 200, 8, 441 >,
 	< 443, 36, 9, 0, 99, 127, 4, 442 >,
 	// order 37
 	< 444, 37, 3, 0, 95, 125, 5, -1 >,
 	< 445, 37, 6, 81, 0, 147, 9, 444 >,
 	< 446, 37, 4, 71, 30, 103, 7, 445 >,
 	< 447, 37, 8, 40, 47, 159, 0, 446 >,
 	< 448, 37, 3, 33, 35, 141, 3, 447 >,
 	< 449, 37, 1, 61, 0, 133, 1, 448 >,
 	< 450, 37, 8, 0, 35, 142, 6, 449 >,
 	< 451, 37, 2, 0, 96, 178, 2, 450 >,
 	< 452, 37, 6, 31, 0, 105, 8, 451 >,
 	< 453, 37, 7, 38, 77, 132, 4, 452 >,
 	< 454, 37, 1, 99, 92, 140, 5, 453 >,
 	< 455, 37, 6, 0, 73, 101, 9, 454 >,
 	// order 38
 	< 456, 38, 10, 0, 71, 118, 7, -1 >,
 	< 457, 38, 10, 0, 83, 178, 0, 456 >,
 	< 458, 38, 4, 84, 0, 102, 3, 457 >,
 	< 459, 38, 8, 0, 34, 151, 1, 458 >,
 	< 460, 38, 9, 30, 76, 186, 6, 459 >,
 	< 461, 38, 3, 86, 68, 124, 2, 460 >,
 	< 462, 38, 2, 0, 74, 130, 8, 461 >,
 	< 463, 38, 5, 0, 0, 181, 4, 462 >,
 	< 464, 38, 1, 68, 91, 120, 5, 463 >,
 	< 465, 38, 5, 79, 68, 163, 9, 464 >,
 	< 466, 38, 2, 0, 0, 139, 7, 465 >,
 	< 467, 38, 2, 53, 85, 174, 0, 466 >,
 	// order 39
 	< 468, 39, 9, 0, 0, 165, 3, -1 >,
 	< 469, 39, 3, 58, 0, 154, 1, 468 >,
 	< 470, 39, 4, 0, 82, 183, 6, 469 >,
 	< 471, 39, 5, 86, 83, 168, 2, 470 >,
 	< 472, 39, 1, 0, 0, 161, 8, 471 >,
 	< 473, 39, 1, 0, 0, 123, 4, 472 >,
 	< 474, 39, 2, 36, 0, 103, 5, 473 >,
 	< 475, 39, 4, 0, 0, 167, 9, 474 >,
 	< 476, 39, 3, 68, 0, 130, 7, 475 >,
 	< 477, 39, 10, 0, 58, 145, 0, 476 >,
 	< 478, 39, 5, 43, 0, 168, 3, 477 >,
 	< 479, 39, 10, 0, 65, 124, 1, 478 >,
 	// order 40
 	< 480, 40, 5, 99, 41, 125, 6, -1 >,
 	< 481, 40, 10, 0, 77, 139, 2, 480 >,
 	< 482, 40, 8, 0, 0, 159, 8, 481 >,
 	< 483, 40, 8, 0, 0, 180, 4, 482 >,
 	< 484, 40, 5, 33, 90, 183, 5, 483 >,
 	< 485, 40, 4, 60, 0, 126, 9, 484 >,
 	< 486, 40, 10, 67, 0, 121, 7, 485 >,
 	< 487, 40, 7, 92, 0, 105, 0, 486 >,
 	< 488, 40, 10, 84, 34, 165, 3, 487 >,
 	< 489, 40, 8, 68, 85, 189, 1, 488 >,
 	< 490, 40, 9, 0, 0, 141, 6, 489 >,
 	< 491, 40, 10, 0, 90, 129, 2, 490 >,
 	// order 41
 	< 492, 41, 6, 68, 78, 125, 8, -1 >,
 	< 493, 41, 2, 0, 84, 132, 4, 492 >,
 	< 494, 41, 10, 59, 49, 192, 5, 493 >,
 	< 495, 41, 8, 0, 34, 189, 9, 494 >,
 	< 496, 41, 5, 0, 0, 187, 7, 495 >,
 	< 497, 41, 5, 87, 88, 106, 0, 496 >,
 	< 498, 41, 5, 60, 45, 200, 3, 497 >,
 	< 499, 41, 4, 0, 87, 157, 1, 498 >,
 	< 500, 41, 2, 0, 37, 169, 6, 499 >,
 	< 501, 41, 5, 0, 0, 134, 2, 500 >,
 	< 502, 41, 7, 0, 0, 168, 8, 501 >,
 	< 503, 41, 5, 0, 87, 182, 4, 502 >,
 	// order 42
 	< 504, 42, 5, 0, 0, 195, 5, -1 >,
 	< 505, 42, 3, 0, 99, 100, 9, 504 >,
 	< 506, 42, 1, 58, 96, 126, 7, 505 >,
 	< 507, 42, 4, 0, 0, 106, 0, 506 >,
 	< 508, 42, 8, 48, 74, 148, 3, 507 >,
 	< 509, 42, 5, 0, 83, 157, 1, 508 >,
 	< 510, 42, 2, 0, 70, 118, 6, 509 >,
 	< 511, 42, 6, 0, 0, 119, 2, 510 >,
 	< 512, 42, 6, 0, 58, 106, 8, 511 >,
 	< 513, 42, 2, 91, 0, 197, 4, 512 >,
 	< 514, 42, 4, 0, 0, 163, 5, 513 >,
 	< 515, 42, 1, 0, 0, 160, 9, 514 >,
 	// order 43
 	< 516, 43, 7, 0, 50, 144, 7, -1 >,
 	< 517, 43, 3, 0, 74, 182, 0, 516 >,
 	< 518, 43, 3, 82, 0, 100, 3, 517 >,
 	< 519, 43, 9, 75, 0, 187, 1, 518 >,
 	< 520, 43, 7, 67, 89, 158, 6, 519 >,
 	< 521, 43, 4, 0, 0, 167, 2, 520 >,
 	< 522, 43, 6, 30, 71, 179, 8, 521 >,
 	< 523, 43, 4, 0, 63, 197, 4, 522 >,
 	< 524, 43, 2, 0, 0, 165, 5, 523 >,
 	< 525, 43, 6, 0, 0, 114, 9, 524 >,
 	< 526, 43, 3, 0, 0, 102, 7, 525 >,
 	< 527, 43, 4, 41, 51, 145, 0, 526 >,
 	// order 44
 	< 528, 44, 9, 31, 97, 129, 3, -1 >,
 	< 529, 44, 8, 87, 0, 122, 1, 528 >,
 	< 530, 44, 5, 0, 70, 191, 6, 529 >,
 	< 531, 44, 5, 0, 0, 191, 2, 530 >,
 	< 532, 44, 3, 0, 0, 126, 8, 531 >,
 	< 533, 44, 9, 38, 0, 169, 4, 532 >,
 	< 534, 44, 10, 0, 33, 177, 5, 533 >,
 	< 535, 44, 9, 96, 0, 153, 9, 534 >,
 	< 536, 44, 9, 88, 0, 184, 7, 535 >,
 	< 537, 44, 10, 82, 0, 146, 0, 536 >,
 	< 538, 44, 5, 38, 57, 118, 3, 537 >,
 	< 539, 44, 6, 83, 55, 116, 1, 538 >,
 	// order 45
 	< 540, 45, 3, 0, 33, 137, 6, -1 >,
 	< 541, 45, 5, 40, 98, 116, 2, 540 >,
 	< 542, 45, 6, 98, 0, 192, 8, 541 >,
 	< 543, 45, 3, 0, 0, 187, 4, 542 >,
 	< 544, 45, 7, 0, 0, 141, 5, 543 >,
 	< 545, 45, 4, 0, 71, 128, 9, 544 >,
 	< 546, 45, 9, 0, 0, 117, 7, 545 >,
 	< 547, 45, 7, 84, 85, 155, 0, 546 >,
 	< 548, 45, 4, 0, 0, 153, 3, 547 >,
 	< 549, 45, 5, 0, 100, 143, 1, 548 >,
 	< 550, 45, 8, 66, 0, 194, 6, 549 >,
 	< 551, 45, 5, 0, 0, 178, 2, 550 >,
 	// order 46
 	< 552, 46, 5, 35, 99, 187, 8, -1 >,
 	< 553, 46, 1, 90, 0, 187, 4, 552 >,
 	< 554, 46, 3, 56, 0, 179, 5, 553 >,
 	< 555, 46, 7, 57, 0, 184, 9, 554 >,
 	< 556, 46, 1, 51, 0, 183, 7, 555 >,
 	< 557, 46, 7, 0, 56, 168, 0, 556 >,
 	< 558, 46, 2, 100, 0, 103, 3, 557 >,
 	< 559, 46, 5, 42, 0, 148, 1, 558 >,
 	< 560, 46, 7, 49, 0, 119, 6, 559 >,
 	< 561, 46, 1, 0, 0, 163, 2, 560 >,
 	< 562, 46, 3, 37, 96, 141, 8, 561 >,
 	< 563, 46, 1, 67, 0, 119, 4, 562 >,
 	// order 47
 	< 564, 47, 7, 0, 0, 166, 5, -1 >,
 	< 565, 47, 7, 77, 0, 143, 9, 564 >,
 	< 566, 47, 4, 0, 98, 101, 7, 565 >,
 	< 567, 47, 2, 59, 0, 103, 0, 566 >,
 	< 568, 47, 8, 0, 0, 114, 3, 567 >,
 	< 569, 47, 2, 35, 34, 168, 1, 568 >,
 	< 570, 47, 10, 36, 0, 123, 6, 569 >,
 	< 571, 47, 9, 31, 61, 149, 2, 570 >,
 	< 572, 47, 5, 73, 0, 115, 8, 571 >,
 	< 573, 47, 3, 0, 84, 187, 4, 572 >,
 	< 574, 47, 7, 64, 0, 175, 5, 573 >,
 	< 575, 47, 4, 55, 72, 187, 9, 574 >,
 	// order 48
 	< 576, 48, 7, 61, 30, 149, 7, -1 >,
 	< 577, 48, 8, 0, 67, 181, 0, 576 >,
 	< 578, 48, 8, 51, 0, 171, 3, 577 >,
 	< 579, 48, 9, 72, 41, 129, 1, 578 >,
 	< 580, 48, 9, 0, 0, 160, 6, 579 >,
 	< 581, 48, 6, 0, 0, 178, 2, 580 >,
 	< 582, 48, 7, 89, 88, 136, 8, 581 >,
 	< 583, 48, 2, 40, 58, 148, 4, 582 >,
 	< 584, 48, 3, 0, 92, 195, 5, 583 >,
 	< 585, 48, 2, 0, 32, 139, 9, 584 >,
 	< 586, 48, 2, 80, 0, 179, 7, 585 >,
 	< 587, 48, 2, 58, 48, 173, 0, 586 >,
 	// order 49
 	< 588, 49, 8, 99, 95, 147, 3, -1 >,
 	< 589, 49, 2, 40, 86, 154, 1, 588 >,
 	< 590, 49, 7, 0, 0, 150, 6, 589 >,
 	< 591, 49, 3, 63, 0, 185, 2, 590 >,
 	< 592, 49, 8, 0, 43, 192, 8, 591 >,
 	< 593, 49, 6, 34, 0, 175, 4, 592 >,
 	< 594, 49, 9, 0, 64, 148, 5, 593 >,
 	< 595, 49, 9, 31, 39, 108, 9, 594 >,
 	< 596, 49, 9, 57, 0, 103, 7, 595 >,
 	< 597, 49, 3, 0, 50, 175, 0, 596 >,
 	< 598, 49, 5, 0, 30, 160, 3, 597 >,
 	< 599, 49, 4, 100, 69, 148, 1, 598 >,
 	// order 50
 	< 600, 50, 10, 0, 57, 192, 6, -1 >,
 	< 601, 50, 6, 75, 0, 164, 2, 600 >,
 	< 602, 50, 9, 0, 90, 170, 8, 601 >,
 	< 603, 50, 3, 0, 48, 125, 4, 602 >,
 	< 604, 50, 5, 30, 0, 111, 5, 603 >,
 	< 605, 50, 9, 0, 66, 129, 9, 604 >,
 	< 606, 50, 1, 71, 95, 149, 7, 605 >,
 	< 607, 50, 5, 38, 52, 196, 0, 606 >,
 	< 608, 50, 1, 0, 97, 112, 3, 607 >,
 	< 609, 50, 2, 36, 38, 170, 1, 608 >,
 	< 610, 50, 3, 0, 0, 107, 6, 609 >,
 	< 611, 50, 5, 0, 0, 108, 2, 610 >,
 	// order 51
 	< 612, 51, 2, 0, 73, 112, 8, -1 >,
 	< 613, 51, 6, 0, 45, 176, 4, 612 >,
 	< 614, 51, 4, 70, 65, 185, 5, 613 >,
 	< 615, 51, 9, 41, 52, 198, 9, 614 >,
 	< 616, 51, 5, 94, 49, 157, 7, 615 >,
 	< 617, 51, 9, 0, 0, 146, 0, 616 >,
 	< 618, 51, 1, 44, 37, 150, 3, 617 >,
 	< 619, 51, 5, 0, 47, 169, 1, 618 >,
 	< 620, 51, 4, 0, 0, 113, 6, 619 >,
 	< 621, 51, 4, 45, 0, 159, 2, 620 >,
 	< 622, 51, 2, 0, 39, 171, 8, 621 >,
 	< 623, 51, 3, 38, 0, 158, 4, 622 >,
 	// order 52
 	< 624, 52, 1, 80, 79, 197, 5, -1 >,
 	< 625, 52, 8, 82, 0, 135, 9, 624 >,
 	< 626, 52, 8, 35, 0, 108, 7, 625 >,
 	< 627, 52, 4, 91, 32, 163, 0, 626 >,
 	< 628, 52, 3, 0, 0, 178, 3, 627 >,
 	< 629, 52, 9, 0, 0, 182, 1, 628 >,
 	< 630, 52, 9, 0, 0, 139, 6, 629 >,
 	< 631, 52, 2, 74, 0, 166, 2, 630 >,
 	< 632, 52, 2, 92, 0, 180, 8, 631 >,
 	< 633, 52, 3, 0, 79, 185, 4, 632 >,
 	< 634, 52, 7, 39, 0, 131, 5, 633 >,
 	< 635, 52, 6, 0, 47, 154, 9, 634 >,
 	// order 53
 	< 636, 53, 10, 0, 67, 193, 7, -1 >,
 	< 637, 53, 6, 65, 0, 190, 0, 636 >,
 	< 638, 53, 5, 0, 94, 170, 3, 637 >,
 	< 639, 53, 3, 0, 0, 143, 1, 638 >,
 	< 640, 53, 3, 49, 0, 122, 6, 639 >,
 	< 641, 53, 6, 77, 0, 191, 2, 640 >,
 	< 642, 53, 9, 51, 0, 190, 8, 641 >,
 	< 643, 53, 8, 0, 54, 156, 4, 642 >,
 	< 644, 53, 3, 0, 38, 180, 5, 643 >,
 	< 645, 53, 5, 0, 0, 122, 9, 644 >,
 	< 646, 53, 6, 0, 0, 129, 7, 645 >,
 	< 647, 53, 2, 0, 75, 199, 0, 646 >,
 	// order 54
 	< 648, 54, 5, 0, 0, 192, 3, -1 >,
 	< 649, 54, 9, 68, 0, 110, 1, 648 >,
 	< 650, 54, 1, 0, 0, 166, 6, 649 >,
 	< 651, 54, 4, 71, 0, 198, 2, 650 >,
 	< 652, 54, 1, 0, 0, 180, 8, 651 >,
 	< 653, 54, 4, 61, 92, 145, 4, 652 >,
 	< 654, 54, 5, 0, 0, 130, 5, 653 >,
 	< 655, 54, 2, 0, 53, 152, 9, 654 >,
 	< 656, 54, 3, 0, 0, 158, 7, 655 >,
 	< 657, 54, 7, 0, 0, 100, 0, 656 >,
 	< 658, 54, 1, 79, 79, 193, 3, 657 >,
 	< 659, 54, 1, 65, 76, 169, 1, 658 >,
 	// order 55
 	< 660, 55, 2, 0, 0, 170, 6, -1 >,
 	< 661, 55, 1, 97, 80, 106, 2, 660 >,
 	< 662, 55, 7, 63, 0, 193, 8, 661 >,
 	< 663, 55, 6, 69, 63, 122, 4, 662 >,
 	< 664, 55, 9, 0, 43, 187, 5, 663 >,
 	< 665, 55, 8, 0, 0, 173, 9, 664 >,
 	< 666, 55, 7, 0, 75, 135, 7, 665 >,
 	< 667, 55, 9, 0, 65, 192, 0, 666 >,
 	< 668, 55, 4, 0, 0, 200, 3, 667 >,
 	< 669, 55, 3, 38, 30, 146, 1, 668 >,
 	< 670, 55, 9, 95, 0, 146, 6, 669 >,
 	< 671, 55, 4, 0, 66, 122, 2, 670 >,
 	// order 56
 	< 672, 56, 10, 59, 62, 120, 8, -1 >,
 	< 673, 56, 10, 81, 0, 154, 4, 672 >,
 	< 674, 56, 1, 0, 37, 183, 5, 673 >,
 	< 675, 56, 6, 0, 0, 128, 9, 674 >,
 	< 676, 56, 8, 0, 0, 184, 7, 675 >,
 	< 677, 56, 9, 64, 43, 104, 0, 676 >,
 	< 678, 56, 8, 0, 0, 127, 3, 677 >,
 	< 679, 56, 10, 100, 0, 153, 1, 678 >,
 	< 680, 56, 1, 50, 94, 193, 6, 679 >,
 	< 681, 56, 8, 38, 0, 164, 2, 680 >,
 	< 682, 56, 8, 51, 0, 147, 8, 681 >,
 	< 683, 56, 9, 0, 39, 180, 4, 682 >,
 	// order 57
 	< 684, 57, 8, 0, 78, 134, 5, -1 >,
 	< 685, 57, 2, 86, 60, 184, 9, 684 >,
 	< 686, 57, 3, 50, 0, 145, 7, 685 >,
 	< 687, 57, 2, 0, 35, 180, 0, 686 >,
 	< 688, 57, 4, 68, 0, 105, 3, 687 >,
 	< 689, 57, 1, 86, 0, 120, 1, 688 >,
 	< 690, 57, 5, 0, 55, 172, 6, 689 >,
 	< 691, 57, 7, 0, 85, 180, 2, 690 >,
 	< 692, 57, 1, 0, 87, 144, 8, 691 >,
 	< 693, 57, 9, 0, 31, 165, 4, 692 >,
 	< 694, 57, 2, 34, 0, 136, 5, 693 >,
 	< 695, 57, 7, 0, 0, 129, 9, 694 >,
 	// order 58
 	< 696, 58, 1, 0, 82, 123, 7, -1 >,
 	< 697, 58, 5, 0, 0, 194, 0, 696 >,
 	< 698, 58, 6, 98, 39, 128, 3, 697 >,
 	< 699, 58, 8, 0, 82, 188, 1, 698 >,
 	< 700, 58, 3, 0, 85, 145, 6, 699 >,
 	< 701, 58, 1, 36, 100, 109, 2, 700 >,
 	< 702, 58, 6, 49, 78, 108, 8, 701 >,
 	< 703, 58, 6, 0, 0, 130, 4, 702 >,
 	< 704, 58, 8, 0, 0, 122, 5, 703 >,
 	< 705, 58, 7, 0, 85, 129, 9, 704 >,
 	< 706, 58, 3, 54, 0, 106, 7, 705 >,
 	< 707, 58, 10, 0, 0, 130, 0, 706 >,
 	// order 59
 	< 708, 59, 2, 32, 0, 194, 3, -1 >,
 	< 709, 59, 6, 0, 0, 149, 1, 708 >,
 	< 710, 59, 5, 74, 69, 135, 6, 709 >,
 	< 711, 59, 6, 31, 69, 176, 2, 710 >,
 	< 712, 59, 7, 0, 0, 144, 8, 711 >,
 	< 713, 59, 8, 0, 0, 137, 4, 712 >,
 	< 714, 59, 3, 66, 46, 125, 5, 713 >,
 	< 715, 59, 8, 0, 0, 112, 9, 714 >,
 	< 716, 59, 9, 71, 37, 117, 7, 715 >,
 	< 717, 59, 7, 37, 0, 193, 0, 716 >,
 	< 718, 59, 6, 66, 68, 148, 3, 717 >,
 	< 719, 59, 4, 98, 0, 105, 1, 718 >,
 	// order 60
 	< 720, 60, 1, 49, 36, 176, 6, -1 >,
 	< 721, 60, 4, 0, 51, 120, 2, 720 >,
 	< 722, 60, 10, 71, 0, 180, 8, 721 >,
 	< 723, 60, 2, 0, 30, 134, 4, 722 >,
 	< 724, 60, 3, 0, 89, 100, 5, 723 >,
 	< 725, 60, 3, 84, 0, 154, 9, 724 >,
 	< 726, 60, 4, 83, 91, 161, 7, 725 >,
 	< 727, 60, 5, 0, 58, 180, 0, 726 >,
 	< 728, 60, 5, 54, 0, 168, 3, 727 >,
 	< 729, 60, 1, 0, 46, 158, 1, 728 >,
 	< 730, 60, 2, 0, 88, 128, 6, 729 >,
 	< 731, 60, 7, 36, 74, 154, 2, 730 >,
 	// order 61
 	< 732, 61, 3, 90, 35, 163, 8, -1 >,
 	< 733, 61, 4, 0, 34, 186, 4, 732 >,
 	< 734, 61, 6, 87, 51, 181, 5, 733 >,
 	< 735, 61, 4, 0, 0, 107, 9, 734 >,
 	< 736, 61, 2, 41, 32, 113, 7, 735 >,
 	< 737, 61, 6, 76, 57, 178, 0, 736 >,
 	< 738, 61, 3, 0, 65, 103, 3, 737 >,
 	< 739, 61, 6, 0, 0, 151, 1, 738 >,
 	< 740, 61, 6, 53, 42, 101, 6, 739 >,
 	< 741, 61, 5, 0, 84, 137, 2, 740 >,
 	< 742, 61, 3, 0, 0, 181, 8, 741 >,
 	< 743, 61, 7, 0, 0, 150, 4, 742 >,
 	// order 62
 	< 744, 62, 8, 0, 0, 106, 5, -1 >,
 	< 745, 62, 5, 50, 98, 181, 9, 744 >,
 	< 746, 62, 8, 80, 0, 157, 7, 745 >,
 	< 747, 62, 6, 0, 35, 187, 0, 746 >,
 	< 748, 62, 2, 0, 76, 123, 3, 747 >,
 	< 749, 62, 1, 0, 32, 105, 1, 748 >,
 	< 750, 62, 8, 69, 54, 132, 6, 749 >,
 	< 751, 62, 6, 0, 86, 189, 2, 750 >,
 	< 752, 62, 4, 0, 45, 104, 8, 751 >,
 	< 753, 62, 7, 0, 68, 136, 4, 752 >,
 	< 754, 62, 9, 0, 0, 138, 5, 753 >,
 	< 755, 62, 6, 57, 62, 133, 9, 754 >,
 	// order 63
 	< 756, 63, 5, 94, 0, 103, 7, -1 >,
 	< 757, 63, 2, 94, 0, 108, 0, 756 >,
 	< 758, 63, 10, 50, 83, 165, 3, 757 >,
 	< 759, 63, 2, 0, 0, 136, 1, 758 >,
 	< 760, 63, 5, 65, 95, 152, 6, 759 >,
 	< 761, 63, 4, 83, 38, 163, 2, 760 >,
 	< 762, 63, 4, 0, 0, 176, 8, 761 >,
 	< 763, 63, 6, 43, 92, 112, 4, 762 >,
 	< 764, 63, 7, 0, 0, 190, 5, 763 >,
 	< 765, 63, 10, 0, 96, 138, 9, 764 >,
 	< 766, 63, 10, 37, 71, 111, 7, 765 >,
 	< 767, 63, 3, 0, 85, 121, 0, 766 >,
 	// order 64
 	< 768, 64, 2, 0, 55, 158, 3, -1 >,
 	< 769, 64, 9, 100, 0, 165, 1, 768 >,
 	< 770, 64, 3, 0, 0, 132, 6, 769 >,
 	< 771, 64, 3, 0, 0, 102, 2, 770 >,
 	< 772, 64, 6, 0, 88, 140, 8, 771 >,
 	< 773, 64, 2, 50, 88, 165, 4, 772 >,
 	< 774, 64, 4, 0, 36, 167, 5, 773 >,
 	< 775, 64, 10, 0, 0, 103, 9, 774 >,
 	< 776, 64, 4, 0, 75, 187, 7, 775 >,
 	< 777, 64, 8, 54, 70, 132, 0, 776 >,
 	< 778, 64, 1, 34, 73, 127, 3, 777 >,
 	< 779, 64, 4, 0, 56, 129, 1, 778 >,
 	// order 65
 	< 780, 65, 3, 54, 46, 157, 6, -1 >,
 	< 781, 65, 3, 54, 0, 154, 2, 780 >,
 	< 782, 65, 3, 62, 51, 195, 8, 781 >,
 	< 783, 65, 7, 0, 77, 100, 4, 782 >,
 	< 784, 65, 6, 61, 0, 174, 5, 783 >,
 	< 785, 65, 5, 0, 39, 171, 9, 784 >,
 	< 786, 65, 7, 0, 92, 129, 7, 785 >,
 	< 787, 65, 2, 39, 0, 181, 0, 786 >,
 	< 788, 65, 3, 0, 75, 135, 3, 787 >,
 	< 789, 65, 5, 0, 57, 139, 1, 788 >,
 	< 790, 65, 4, 73, 0, 124, 6, 789 >,
 	< 791, 65, 8, 0, 89, 174, 2, 790 >,
 	// order 66
 	< 792, 66, 5, 96, 73, 169, 8, -1 >,
 	< 793, 66, 6, 30, 41, 133, 4, 792 >,
 	< 794, 66, 6, 85, 0, 104, 5, 793 >,
 	< 795, 66, 8, 48, 0, 142, 9, 794 >,
 	< 796, 66, 3, 56, 58, 162, 7, 795 >,
 	< 797, 66, 7, 91, 50, 139, 0, 796 >,
 	< 798, 66, 4, 0, 0, 169, 3, 797 >,
 	< 799, 66, 1, 92, 0, 197, 1, 798 >,
 	< 800, 66, 6, 0, 46, 175, 6, 799 >,
 	< 801, 66, 5, 81, 0, 189, 2, 800 >,
 	< 802, 66, 6, 0, 63, 121, 8, 801 >,
 	< 803, 66, 5, 49, 31, 149, 4, 802 >,
 	// order 67
 	< 804, 67, 10, 33, 0, 149, 5, -1 >,
 	< 805, 67, 3, 55, 53, 138, 9, 804 >,
 	< 806, 67, 1, 0, 65, 139, 7, 805 >,
 	< 807, 67, 7, 41, 86, 139, 0, 806 >,
 	< 808, 67, 8, 35, 0, 102, 3, 807 >,
 	< 809, 67, 2, 0, 0, 139, 1, 808 >,
 	< 810, 67, 10, 0, 0, 166, 6, 809 >,
 	< 811, 67, 7, 37, 0, 116, 2, 810 >,
 	< 812, 67, 1, 0, 69, 119, 8, 811 >,
 	< 813, 67, 4, 87, 34, 100, 4, 812 >,
 	< 814, 67, 7, 55, 68, 180, 5, 813 >,
 	< 815, 67, 4, 0, 0, 126, 9, 814 >,
 	// order 68
 	< 816, 68, 9, 0, 0, 194, 7, -1 >,
 	< 817, 68, 5, 100, 0, 180, 0, 816 >,
 	< 818, 68, 5, 57, 73, 142, 3, 817 >,
 	< 819, 68, 7, 0, 84, 185, 1, 818 >,
 	< 820, 68, 3, 0, 0, 131, 6, 819 >,
 	< 821, 68, 8, 0, 0, 177, 2, 820 >,
 	< 822, 68, 2, 73, 0, 116, 8, 821 >,
 	< 823, 68, 10, 0, 0, 124, 4, 822 >,
 	< 824, 68, 7, 77, 87, 192, 5, 823 >,
 	< 825, 68, 7, 0, 0, 181, 9, 824 >,
 	< 826, 68, 8, 0, 74, 182, 7, 825 >,
 	< 827, 68, 3, 0, 0, 146, 0, 826 >,
 	// order 69
 	< 828, 69, 10, 0, 0, 139, 3, -1 >,
 	< 829, 69, 7, 0, 93, 184, 1, 828 >,
 	< 830, 69, 6, 0, 0, 142, 6, 829 >,
 	< 831, 69, 2, 0, 86, 109, 2, 830 >,
 	< 832, 69, 3, 0, 0, 153, 8, 831 >,
 	< 833, 69, 9, 50, 0, 148, 4, 832 >,
 	< 834, 69, 3, 0, 85, 192, 5, 833 >,
 	< 835, 69, 9, 48, 0, 146, 9, 834 >,
 	< 836, 69, 4, 0, 0, 193, 7, 835 >,
 	< 837, 69, 1, 93, 0, 172, 0, 836 >,
 	< 838, 69, 4, 0, 0, 107, 3, 837 >,
 	< 839, 69, 1, 0, 77, 199, 1, 838 >,
 	// order 70
 	< 840, 70, 5, 0, 37, 133, 6, -1 >,
 	< 841, 70, 8, 74, 0, 175, 2, 840 >,
 	< 842, 70, 4, 0, 95, 135, 8, 841 >,
 	< 843, 70, 1, 0, 0, 199, 4, 842 >,
 	< 844, 70, 5, 0, 30, 153, 5, 843 >,
 	< 845, 70, 6, 57, 44, 178, 9, 844 >,
 	< 846, 70, 6, 42, 88, 185, 7, 845 >,
 	< 847, 70, 9, 0, 70, 129, 0, 846 >,
 	< 848, 70, 4, 40, 62, 165, 3, 847 >,
 	< 849, 70, 2, 0, 68, 114, 1, 848 >,
 	< 850, 70, 10, 0, 80, 125, 6, 849 >,
 	< 851, 70, 1, 56, 0, 179, 2, 850 >,
 	// order 71
 	< 852, 71, 5, 0, 0, 135, 8, -1 >,
 	< 853, 71, 1, 37, 47, 125, 4, 852 >,
 	< 854, 71, 4, 0, 0, 105, 5, 853 >,
 	< 855, 71, 10, 89, 0, 130, 9, 854 >,
 	< 856, 71, 3, 45, 0, 145, 7, 855 >,
 	< 857, 71, 10, 45, 0, 160, 0, 856 >,
 	< 858, 71, 8, 54, 0, 151, 3, 857 >,
 	< 859, 71, 10, 0, 54, 138, 1, 858 >,
 	< 860, 71, 8, 0, 82, 130, 6, 859 >,
 	< 861, 71, 9, 31, 0, 172, 2, 860 >,
 	< 862, 71, 4, 0, 0, 107, 8, 861 >,
 	< 863, 71, 2, 44, 0, 171, 4, 862 >,
 	// order 72
 	< 864, 72, 4, 0, 100, 192, 5, -1 >,
 	< 865, 72, 5, 99, 0, 166, 9, 864 >,
 	< 866, 72, 1, 0, 64, 173, 7, 865 >,
 	< 867, 72, 6, 0, 0, 148, 0, 866 >,
 	< 868, 72, 10, 60, 82, 139, 3, 867 >,
 	< 869, 72, 3, 0, 0, 126, 1, 868 >,
 	< 870, 72, 1, 84, 0, 127, 6, 869 >,
 	< 871, 72, 10, 0, 0, 106, 2, 870 >,
 	< 872, 72, 7, 0, 89, 136, 8, 871 >,
 	< 873, 72, 4, 0, 0, 151, 4, 872 >,
 	< 874, 72, 8, 66, 0, 177, 5, 873 >,
 	< 875, 72, 8, 0, 0, 195, 9, 874 >,
 	// order 73
 	< 876, 73, 2, 73, 100, 130, 7, -1 >,
 	< 877, 73, 8, 0, 0, 131, 0, 876 >,
 	< 878, 73, 1, 66, 0, 152, 3, 877 >,
 	< 879, 73, 1, 46, 0, 178, 1, 878 >,
 	< 880, 73, 1, 53, 0, 170, 6, 879 >,
 	< 881, 73, 8, 83, 0, 175, 2, 880 >,
 	< 882, 73, 1, 0, 0, 103, 8, 881 >,
 	< 883, 73, 2, 0, 0, 195, 4, 882 >,
 	< 884, 73, 3, 0, 0, 120, 5, 883 >,
 	< 885, 73, 3, 0, 0, 192, 9, 884 >,
 	< 886, 73, 3, 0, 95, 117, 7, 885 >,
 	< 887, 73, 5, 51, 66, 162, 0, 886 >,
 	// order 74
 	< 888, 74, 5, 0, 0, 175, 3, -1 >,
 	< 889, 74, 10, 0, 0, 126, 1, 888 >,
 	< 890, 74, 7, 0, 0, 125, 6, 889 >,
 	< 891, 74, 5, 76, 83, 165, 2, 890 >,
 	< 892, 74, 9, 0, 0, 194, 8, 891 >,
 	< 893, 74, 8, 0, 0, 176, 4, 892 >,
 	< 894, 74, 2, 68, 0, 190, 5, 893 >,
 	< 895, 74, 2, 62, 0, 194, 9, 894 >,
 	< 896, 74, 10, 41, 0, 183, 7, 895 >,
 	< 897, 74, 9, 66, 31, 155, 0, 896 >,
 	< 898, 74, 3, 67, 0, 165, 3, 897 >,
 	< 899, 74, 1, 0, 0, 152, 1, 898 >,
 	// order 75
 	< 900, 75, 3, 63, 0, 198, 6, -1 >,
 	< 901, 75, 9, 41, 51, 160, 2, 900 >,
 	< 902, 75, 10, 80, 0, 106, 8, 901 >,
 	< 903, 75, 5, 69, 0, 135, 4, 902 >,
 	< 904, 75, 3, 48, 0, 183, 5, 903 >,
 	< 905, 75, 1, 0, 0, 124, 9, 904 >,
 	< 906, 75, 2, 36, 0, 172, 7, 905 >,
 	< 907, 75, 2, 0, 39, 100, 0, 906 >,
 	< 908, 75, 2, 0, 64, 143, 3, 907 >,
 	< 909, 75, 6, 87, 35, 115, 1, 908 >,
 	< 910, 75, 3, 97, 0, 195, 6, 909 >,
 	< 911, 75, 2, 0, 40, 177, 2, 910 >,
 	// order 76
 	< 912, 76, 7, 49, 0, 108, 8, -1 >,
 	< 913, 76, 9, 0, 90, 185, 4, 912 >,
 	< 914, 76, 6, 69, 0, 194, 5, 913 >,
 	< 915, 76, 3, 0, 75, 114, 9, 914 >,
 	< 916, 76, 3, 48, 0, 188, 7, 915 >,
 	< 917, 76, 10, 0, 0, 178, 0, 916 >,
 	< 918, 76, 1, 0, 100, 123, 3, 917 >,
 	< 919, 76, 5, 81, 0, 135, 1, 918 >,
 	< 920, 76, 7, 88, 46, 163, 6, 919 >,
 	< 921, 76, 7, 0, 46, 166, 2, 920 >,
 	< 922, 76, 10, 0, 0, 200, 8, 921 >,
 	< 923, 76, 6, 0, 43, 129, 4, 922 >,
 	// order 77
 	< 924, 77, 2, 87, 0, 185, 5, -1 >,
 	< 925, 77, 9, 74, 0, 191, 9, 924 >,
 	< 926, 77, 4, 91, 0, 196, 7, 925 >,
 	< 927, 77, 6, 0, 32, 146, 0, 926 >,
 	< 928, 77, 3, 65, 0, 111, 3, 927 >,
 	< 929, 77, 1, 72, 80, 122, 1, 928 >,
 	< 930, 77, 1, 31, 0, 193, 6, 929 >,
 	< 931, 77, 8, 88, 0, 105, 2, 930 >,
 	< 932, 77, 1, 82, 37, 110, 8, 931 >,
 	< 933, 77, 10, 0, 0, 111, 4, 932 >,
 	< 934, 77, 4, 81, 0, 121, 5, 933 >,
 	< 935, 77, 3, 36, 45, 197, 9, 934 >,
 	// order 78
 	< 936, 78, 7, 78, 0, 101, 7, -1 >,
 	< 937, 78, 9, 0, 0, 184, 0, 936 >,
 	< 938, 78, 9, 0, 58, 123, 3, 937 >,
 	< 939, 78, 3, 43, 0, 193, 1, 938 >,
 	< 940, 78, 8, 0, 71, 187, 6, 939 >,
 	< 941, 78, 6, 99, 76, 103, 2, 940 >,
 	< 942, 78, 6, 0, 0, 108, 8, 941 >,
 	< 943, 78, 4, 0, 0, 161, 4, 942 >,
 	< 944, 78, 1, 0, 56, 158, 5, 943 >,
 	< 945, 78, 4, 0, 52, 182, 9, 944 >,
 	< 946, 78, 10, 68, 0, 189, 7, 945 >,
 	< 947, 78, 6, 33, 0, 182, 0, 946 >,
 	// order 79
 	< 948, 79, 8, 0, 49, 137, 3, -1 >,
 	< 949, 79, 8, 0, 0, 148, 1, 948 >,
 	< 950, 79, 4, 39, 71, 194, 6, 949 >,
 	< 951, 79, 7, 0, 30, 129, 2, 950 >,
 	< 952, 79, 6, 64, 0, 100, 8, 951 >,
 	< 953, 79, 2, 0, 0, 112, 4, 952 >,
 	< 954, 79, 7, 0, 0, 106, 5, 953 >,
 	< 955, 79, 3, 92, 0, 137, 9, 954 >,
 	< 956, 79, 1, 30, 0, 138, 7, 955 >,
 	< 957, 79, 10, 91, 97, 114, 0, 956 >,
 	< 958, 79, 3, 0, 32, 174, 3, 957 >,
 	< 959, 79, 3, 0, 80, 127, 1, 958 >,
 	// order 80
 	< 960, 80, 3, 0, 92, 181, 6, -1 >,
 	< 961, 80, 1, 35, 0, 175, 2, 960 >,
 	< 962, 80, 1, 0, 87, 123, 8, 961 >,
 	< 963, 80, 3, 0, 0, 149, 4, 962 >,
 	< 964, 80, 2, 0, 0, 154, 5, 963 >,
 	< 965, 80, 3, 47, 0, 129, 9, 964 >,
 	< 966, 80, 4, 81, 0, 170, 7, 965 >,
 	< 967, 80, 1, 64, 0, 146, 0, 966 >,
 	< 968, 80, 6, 60, 53, 121, 3, 967 >,
 	< 969, 80, 1, 81, 0, 180, 1, 968 >,
 	< 970, 80, 5, 0, 45, 151, 6, 969 >,
 	< 971, 80, 2, 83, 99, 156, 2, 970 >,
 	// order 81
 	< 972, 81, 7, 0, 66, 102, 8, -1 >,
 	< 973, 81, 9, 73, 0, 176, 4, 972 >,
 	< 974, 81, 2, 80, 84, 135, 5, 973 >,
 	< 975, 81, 1, 0, 0, 192, 9, 974 >,
 	< 976, 81, 6, 0, 0, 188, 7, 975 >,
 	< 977, 81, 9, 96, 0, 197, 0, 976 >,
 	< 978, 81, 10, 68, 0, 101, 3, 977 >,
 	< 979, 81, 4, 0, 0, 181, 1, 978 >,
 	< 980, 81, 2, 0, 0, 110, 6, 979 >,
 	< 981, 81, 2, 0, 0, 138, 2, 980 >,
 	< 982, 81, 2, 83, 88, 142, 8, 981 >,
 	< 983, 81, 4, 0, 0, 144, 4, 982 >,
 	// order 82
 	< 984, 82, 8, 77, 0, 197, 5, -1 >,
 	< 985, 82, 4, 37, 0, 162, 9, 984 >,
 	< 986, 82, 3, 43, 52, 122, 7, 985 >,
 	< 987, 82, 2, 65, 0, 111, 0, 986 >,
 	< 988, 82, 5, 63, 45, 144, 3, 987 >,
 	< 989, 82, 2, 0, 0, 113, 1, 988 >,
 	< 990, 82, 5, 92, 0, 116, 6, 989 >,
 	< 991, 82, 2, 0, 0, 104, 2, 990 >,
 	< 992, 82, 5, 0, 0, 167, 8, 991 >,
 	< 993, 82, 2, 0, 42, 146, 4, 992 >,
 	< 994, 82, 7, 0, 0, 157, 5, 993 >,
 	< 995, 82, 7, 0, 0, 129, 9, 994 >,
 	// order 83
 	< 996, 83, 2, 0, 96, 145, 7, -1 >,
 	< 997, 83, 10, 64, 80, 130, 0, 996 >,
 	< 998, 83, 2, 0, 0, 107, 3, 997 >,
 	< 999, 83, 8, 0, 37, 145, 1, 998 >,
 	< 1000, 83, 10, 0, 0, 169, 6, 999 >,
 	< 1001, 83, 3, 65, 0, 174, 2, 1000 >,
 	< 1002, 83, 9, 0, 40, 188, 8, 1001 >,
 	< 1003, 83, 10, 65, 0, 101, 4, 1002 >,
 	< 1004, 83, 1, 0, 0, 130, 5, 1003 >,
 	< 1005, 83, 8, 0, 0, 130, 9, 1004 >,
 	< 1006, 83, 6, 0, 38, 167, 7, 1005 >,
 	< 1007, 83, 3, 57, 100, 104, 0, 1006 >,
 	// order 84
 	< 1008, 84, 7, 65, 83, 199, 3, -1 >,
 	< 1009, 84, 4, 99, 0, 112, 1, 1008 >,
 	< 1010, 84, 4, 0, 0, 194, 6, 1009 >,
 	< 1011, 84, 1, 0, 32, 164, 2, 1010 >,
 	< 1012, 84, 5, 0, 0, 198, 8, 1011 >,
 	< 1013, 84, 9, 0, 78, 132, 4, 1012 >,
 	< 1014, 84, 4, 0, 0, 174, 5, 1013 >,
 	< 1015, 84, 5, 0, 0, 152, 9, 1014 >,
 	< 1016, 84, 6, 0, 0, 135, 7, 1015 >,
 	< 1017, 84, 5, 0, 0, 140, 0, 1016 >,
 	< 1018, 84, 9, 0, 81, 114, 3, 1017 >,
 	< 1019, 84, 7, 88, 0, 158, 1, 1018 >,
 	// order 85
 	< 1020, 85, 5, 0, 93, 166, 6, -1 >,
 	< 1021, 85, 3, 60, 86, 102, 2, 1020 >,
 	< 1022, 85, 7, 93, 70, 160, 8, 1021 >,
 	< 1023, 85, 3, 50, 0, 117, 4, 1022 >,
 	< 1024, 85, 5, 98, 97, 196, 5, 1023 >,
 	< 1025, 85, 2, 88, 0, 138, 9, 1024 >,
 	< 1026, 85, 9, 0, 0, 200, 7, 1025 >,
 	< 1027, 85, 7, 34, 32, 138, 0, 1026 >,
 	< 1028, 85, 3, 0, 0, 156, 3, 1027 >,
 	< 1029, 85, 9, 0, 34, 138, 1, 1028 >,
 	< 1030, 85, 2, 0, 48, 186, 6, 1029 >,
 	< 1031, 85, 10, 97, 0, 171, 2, 1030 >,
 	// order 86
 	< 1032, 86, 3, 0, 83, 122, 8, -1 >,
 	< 1033, 86, 10, 70, 95, 150, 4, 1032 >,
 	< 1034, 86, 7, 98, 42, 119, 5, 1033 >,
 	< 1035, 86, 8, 0, 0, 185, 9, 1034 >,
 	< 1036, 86, 7, 61, 0, 132, 7, 1035 >,
 	< 1037, 86, 3, 43, 0, 176, 0, 1036 >,
 	< 1038, 86, 9, 98, 55, 127, 3, 1037 >,
 	< 1039, 86, 7, 0, 30, 153, 1, 1038 >,
 	< 1040, 86, 10, 0, 62, 146, 6, 1039 >,
 	< 1041, 86, 7, 0, 84, 121, 2, 1040 >,
 	< 1042, 86, 8, 0, 74, 144, 8, 1041 >,
 	< 1043, 86, 6, 94, 38, 139, 4, 1042 >,
 	// order 87
 	< 1044, 87, 6, 0, 93, 164, 5, -1 >,
 	< 1045, 87, 2, 0, 70, 169, 9, 1044 >,
 	< 1046, 87, 6, 0, 0, 163, 7, 1045 >,
 	< 1047, 87, 5, 80, 78, 129, 0, 1046 >,
 	< 1048, 87, 6, 0, 32, 153, 3, 1047 >,
 	< 1049, 87, 2, 0, 83, 103, 1, 1048 >,
 	< 1050, 87, 2, 93, 0, 144, 6, 1049 >,
 	< 1051, 87, 10, 0, 87, 142, 2, 1050 >,
 	< 1052, 87, 1, 43, 47, 118, 8, 1051 >,
 	< 1053, 87, 6, 30, 92, 104, 4, 1052 >,
 	< 1054, 87, 10, 92, 0, 163, 5, 1053 >,
 	< 1055, 87, 7, 0, 32, 151, 9, 1054 >,
 	// order 88
 	< 1056, 88, 2, 71, 40, 116, 7, -1 >,
 	< 1057, 88, 2, 0, 0, 114, 0, 1056 >,
 	< 1058, 88, 1, 0, 0, 175, 3, 1057 >,
 	< 1059, 88, 1, 0, 54, 155, 1, 1058 >,
 	< 1060, 88, 2, 86, 0, 107, 6, 1059 >,
 	< 1061, 88, 10, 0, 0, 117, 2, 1060 >,
 	< 1062, 88, 4, 44, 0, 138, 8, 1061 >,
 	< 1063, 88, 6, 76, 75, 102, 4, 1062 >,
 	< 1064, 88, 4, 68, 82, 200, 5, 1063 >,
 	< 1065, 88, 7, 39, 0, 160, 9, 1064 >,
 	< 1066, 88, 9, 0, 92, 160, 7, 1065 >,
 	< 1067, 88, 4, 0, 74, 108, 0, 1066 >,
 	// order 89
 	< 1068, 89, 9, 0, 0, 176, 3, -1 >,
 	< 1069, 89, 10, 93, 39, 142, 1, 1068 >,
 	< 1070, 89, 1, 0, 0, 116, 6, 1069 >,
 	< 1071, 89, 4, 0, 0, 141, 2, 1070 >,
 	< 1072, 89, 1, 0, 40, 199, 8, 1071 >,
 	< 1073, 89, 8, 43, 0, 149, 4, 1072 >,
 	< 1074, 89, 10, 0, 0, 144, 5, 1073 >,
 	< 1075, 89, 1, 64, 60, 185, 9, 1074 >,
 	< 1076, 89, 9, 0, 88, 200, 7, 1075 >,
 	< 1077, 89, 8, 78, 88, 155, 0, 1076 >,
 	< 1078, 89, 3, 0, 60, 134, 3, 1077 >,
 	< 1079, 89, 6, 31, 0, 100, 1, 1078 >,
 	// order 90
 	< 1080, 90, 8, 0, 0, 183, 6, -1 >,
 	< 1081, 90, 9, 0, 39, 137, 2, 1080 >,
 	< 1082, 90, 7, 96, 0, 160, 8, 1081 >,
 	< 1083, 90, 9, 0, 40, 123, 4, 1082 >,
 	< 1084, 90, 3, 0, 63, 195, 5, 1083 >,
 	< 1085, 90, 7, 0, 0, 101, 9, 1084 >,
 	< 1086, 90, 7, 0, 84, 106, 7, 1085 >,
 	< 1087, 90, 9, 0, 59, 100, 0, 1086 >,
 	< 1088, 90, 2, 92, 52, 115, 3, 1087 >,
 	< 1089, 90, 10, 0, 56, 157, 1, 1088 >,
 	< 1090, 90, 9, 72, 40, 194, 6, 1089 >,
 	< 1091, 90, 3, 0, 0, 114, 2, 1090 >,
 	// order 91
 	< 1092, 91, 8, 74, 0, 200, 8, -1 >,
 	< 1093, 91, 10, 91, 67, 110, 4, 1092 >,
 	< 1094, 91, 1, 31, 54, 151, 5, 1093 >,
 	< 1095, 91, 2, 0, 57, 129, 9, 1094 >,
 	< 1096, 91, 10, 0, 65, 114, 7, 1095 >,
 	< 1097, 91, 10, 94, 82, 198, 0, 1096 >,
 	< 1098, 91, 9, 0, 48, 110, 3, 1097 >,
 	< 1099, 91, 4, 0, 0, 143, 1, 1098 >,
 	< 1100, 91, 4, 63, 43, 157, 6, 1099 >,
 	< 1101, 91, 2, 60, 0, 170, 2, 1100 >,
 	< 1102, 91, 5, 63, 42, 164, 8, 1101 >,
 	< 1103, 91, 5, 88, 72, 168, 4, 1102 >,
 	// order 92
 	< 1104, 92, 4, 0, 77, 187, 5, -1 >,
 	< 1105, 92, 1, 0, 35, 175, 9, 1104 >,
 	< 1106, 92, 10, 34, 100, 130, 7, 1105 >,
 	< 1107, 92, 6, 38, 0, 181, 0, 1106 >,
 	< 1108, 92, 1, 0, 0, 188, 3, 1107 >,
 	< 1109, 92, 9, 0, 0, 182, 1, 1108 >,
 	< 1110, 92, 5, 0, 0, 171, 6, 1109 >,
 	< 1111, 92, 2, 0, 55, 191, 2, 1110 >,
 	< 1112, 92, 4, 31, 0, 161, 8, 1111 >,
 	< 1113, 92, 8, 65, 44, 165, 4, 1112 >,
 	< 1114, 92, 2, 0, 0, 183, 5, 1113 >,
 	< 1115, 92, 2, 52, 81, 179, 9, 1114 >,
 	// order 93
 	< 1116, 93, 1, 0, 33, 163, 7, -1 >,
 	< 1117, 93, 4, 0, 0, 190, 0, 1116 >,
 	< 1118, 93, 9, 0, 77, 149, 3, 1117 >,
 	< 1119, 93, 4, 0, 60, 175, 1, 1118 >,
 	< 1120, 93, 3, 0, 92, 181, 6, 1119 >,
 	< 1121, 93, 7, 0, 0, 166, 2, 1120 >,
 	< 1122, 93, 6, 0, 39, 164, 8, 1121 >,
 	< 1123, 93, 2, 0, 35, 111, 4, 1122 >,
 	< 1124, 93, 10, 0, 0, 122, 5, 1123 >,
 	< 1125, 93, 10, 0, 0, 125, 9, 1124 >,
 	< 1126, 93, 6, 60, 46, 190, 7, 1125 >,
 	< 1127, 93, 9, 0, 0, 108, 0, 1126 >,
 	// order 94
 	< 1128, 94, 2, 0, 0, 138, 3, -1 >,
 	< 1129, 94, 10, 78, 37, 113, 1, 1128 >,
 	< 1130, 94, 4, 46, 57, 153, 6, 1129 >,
 	< 1131, 94, 5, 0, 41, 199, 2, 1130 >,
 	< 1132, 94, 6, 0, 0, 172, 8, 1131 >,
 	< 1133, 94, 9, 0, 35, 189, 4, 1132 >,
 	< 1134, 94, 3, 0, 42, 160, 5, 1133 >,
 	< 1135, 94, 10, 72, 0, 153, 9, 1134 >,
 	< 1136, 94, 6, 0, 0, 126, 7, 1135 >,
 	< 1137, 94, 10, 51, 49, 170, 0, 1136 >,
 	< 1138, 94, 5, 0, 0, 123, 3, 1137 >,
 	< 1139, 94, 1, 80, 0, 166, 1, 1138 >,
 	// order 95
 	< 1140, 95, 2, 83, 45, 186, 6, -1 >,
 	< 1141, 95, 2, 34, 0, 145, 2, 1140 >,
 	< 1142, 95, 9, 99, 0, 163, 8, 1141 >,
 	< 1143, 95, 7, 0, 0, 143, 4, 1142 >,
 	< 1144, 95, 8, 62, 56, 144, 5, 1143 >,
 	< 1145, 95, 8, 64, 0, 103, 9, 1144 >,
 	< 1146, 95, 3, 96, 0, 195, 7, 1145 >,
 	< 1147, 95, 8, 30, 0, 184, 0, 1146 >,
 	< 1148, 95, 2, 0, 88, 186, 3, 1147 >,
 	< 1149, 95, 6, 36, 65, 122, 1, 1148 >,
 	< 1150, 95, 6, 95, 38, 110, 6, 1149 >,
 	< 1151, 95, 2, 35, 0, 135, 2, 1150 >,
 	// order 96
 	< 1152, 96, 10, 0, 0, 121, 8, -1 >,
 	< 1153, 96, 10, 63, 81, 133, 4, 1152 >,
 	< 1154, 96, 8, 71, 0, 177, 5, 1153 >,
 	< 1155, 96, 9, 90, 0, 161, 9, 1154 >,
 	< 1156, 96, 9, 87, 30, 101, 7, 1155 >,
 	< 1157, 96, 6, 78, 46, 133, 0, 1156 >,
 	< 1158, 96, 5, 47, 72, 164, 3, 1157 >,
 	< 1159, 96, 7, 73, 84, 190, 1, 1158 >,
 	< 1160, 96, 9, 0, 0, 134, 6, 1159 >,
 	< 1161, 96, 4, 0, 95, 181, 2, 1160 >,
 	< 1162, 96, 9, 0, 0, 121, 8, 1161 >,
 	< 1163, 96, 6, 0, 43, 165, 4, 1162 >,
 	// order 97
 	< 1164, 97, 2, 36, 0, 118, 5, -1 >,
 	< 1165, 97, 8, 0, 0, 124, 9, 1164 >,
 	< 1166, 97, 9, 0, 100, 111, 7, 1165 >,
 	< 1167, 97, 9, 90, 78, 124, 0, 1166 >,
 	< 1168, 97, 5, 0, 0, 131, 3, 1167 >,
 	< 1169, 97, 6, 52, 62, 103, 1, 1168 >,
 	< 1170, 97, 5, 69, 71, 179, 6, 1169 >,
 	< 1171, 97, 8, 0, 68, 129, 2, 1170 >,
 	< 1172, 97, 3, 0, 83, 128, 8, 1171 >,
 	< 1173, 97, 9, 0, 50, 171, 4, 1172 >,
 	< 1174, 97, 3, 0, 43, 176, 5, 1173 >,
 	< 1175, 97, 9, 93, 63, 121, 9, 1174 >,
 	// order 98
 	< 1176, 98, 7, 0, 0, 136, 7, -1 >,
 	< 1177, 98, 10, 0, 31, 112, 0, 1176 >,
 	< 1178, 98, 5, 0, 0, 195, 3, 1177 >,
 	< 1179, 98, 2, 0, 0, 156, 1, 1178 >,
 	< 1180, 98, 3, 97, 0, 116, 6, 1179 >,
 	< 1181, 98, 4, 0, 73, 179, 2, 1180 >,
 	< 1182, 98, 9, 31, 0, 126, 8, 1181 >,
 	< 1183, 98, 1, 0, 87, 126, 4, 1182 >,
 	< 1184, 98, 4, 0, 88, 160, 5, 1183 >,
 	< 1185, 98, 2, 0, 0, 106, 9, 1184 >,
 	< 1186, 98, 1, 56, 0, 122, 7, 1185 >,
 	< 1187, 98, 7, 66, 63, 188, 0, 1186 >,
 	// order 99
 	< 1188, 99, 3, 54, 0, 172, 3, -1 >,
 	< 1189, 99, 1, 0, 91, 107, 1, 1188 >,
 	< 1190, 99, 9, 70, 0, 116, 6, 1189 >,
 	< 1191, 99, 10, 39, 100, 108, 2, 1190 >,
 	< 1192, 99, 1, 73, 61, 155, 8, 1191 >,
 	< 1193, 99, 8, 61, 35, 115, 4, 1192 >,
 	< 1194, 99, 10, 0, 99, 157, 5, 1193 >,
 	< 1195, 99, 2, 35, 0, 124, 9, 1194 >,
 	< 1196, 99, 10, 0, 0, 180, 7, 1195 >,
 	< 1197, 99, 3, 0, 90, 139, 0, 1196 >,
 	< 1198, 99, 4, 0, 40, 125, 3, 1197 >,
 	< 1199, 99, 8, 0, 0, 151, 1, 1198 >
 };
