/*********************************************
 * OPL 12.10.0.0 Data
 * Author: Kinast
 * Creation date: Aug 17, 2021 at 11:49:46 AM
 *********************************************/

 nOrders = 100;
 nTasks = 1200;

 nWorkgroups = 10;
 nWorkstations = 50;

 nCobots = 0;
 cobotTimeFactor = 0.7;

 workstations = {
 	< 0, "Workstation 0", 0, 1.12, 0.99, 1, 5 >,
 	< 1, "Workstation 1", 1, 1.09, 1.13, 1, 2 >,
 	< 2, "Workstation 2", 2, 1.19, 0.92, 1, 1 >,
 	< 3, "Workstation 3", 2, 1.18, 1.11, 1, 3 >,
 	< 4, "Workstation 4", 3, 0.77, 0.89, 1, 1 >,
 	< 5, "Workstation 5", 4, 1.18, 1.05, 1, 1 >,
 	< 6, "Workstation 6", 1, 0.93, 0.8, 1, 2 >,
 	< 7, "Workstation 7", 5, 1.01, 1.06, 1, 2 >,
 	< 8, "Workstation 8", 4, 0.8, 0.8, 1, 5 >,
 	< 9, "Workstation 9", 4, 1.15, 0.93, 1, 2 >,
 	< 10, "Workstation 10", 6, 0.81, 0.75, 1, 2 >,
 	< 11, "Workstation 11", 7, 0.82, 1.09, 1, 5 >,
 	< 12, "Workstation 12", 6, 0.77, 1.03, 1, 5 >,
 	< 13, "Workstation 13", 0, 0.99, 0.78, 1, 5 >,
 	< 14, "Workstation 14", 7, 0.88, 0.95, 1, 1 >,
 	< 15, "Workstation 15", 3, 0.81, 0.94, 1, 3 >,
 	< 16, "Workstation 16", 7, 1.03, 0.83, 1, 2 >,
 	< 17, "Workstation 17", 8, 1.14, 1.14, 1, 1 >,
 	< 18, "Workstation 18", 8, 0.99, 1, 1, 4 >,
 	< 19, "Workstation 19", 4, 0.99, 0.76, 1, 5 >,
 	< 20, "Workstation 20", 1, 0.96, 1.18, 1, 1 >,
 	< 21, "Workstation 21", 8, 1.09, 1.12, 1, 5 >,
 	< 22, "Workstation 22", 2, 1.14, 1.09, 1, 4 >,
 	< 23, "Workstation 23", 2, 1.22, 0.9, 1, 5 >,
 	< 24, "Workstation 24", 7, 1.22, 0.91, 1, 3 >,
 	< 25, "Workstation 25", 1, 0.99, 1.23, 1, 1 >,
 	< 26, "Workstation 26", 8, 0.92, 0.84, 1, 1 >,
 	< 27, "Workstation 27", 6, 1.02, 0.76, 1, 3 >,
 	< 28, "Workstation 28", 8, 0.78, 0.94, 1, 1 >,
 	< 29, "Workstation 29", 9, 0.84, 1.16, 1, 1 >,
 	< 30, "Workstation 30", 9, 0.95, 0.96, 1, 1 >,
 	< 31, "Workstation 31", 6, 1.04, 0.89, 1, 3 >,
 	< 32, "Workstation 32", 3, 0.84, 1.11, 1, 5 >,
 	< 33, "Workstation 33", 2, 1.24, 1.05, 1, 3 >,
 	< 34, "Workstation 34", 1, 0.78, 0.88, 1, 1 >,
 	< 35, "Workstation 35", 5, 1.02, 1.12, 1, 4 >,
 	< 36, "Workstation 36", 6, 0.79, 1.06, 1, 1 >,
 	< 37, "Workstation 37", 9, 0.77, 1.08, 1, 1 >,
 	< 38, "Workstation 38", 5, 1.11, 0.9, 1, 1 >,
 	< 39, "Workstation 39", 3, 0.81, 0.75, 1, 1 >,
 	< 40, "Workstation 40", 0, 1.14, 0.76, 1, 2 >,
 	< 41, "Workstation 41", 5, 1.19, 0.94, 1, 5 >,
 	< 42, "Workstation 42", 9, 0.83, 0.98, 1, 1 >,
 	< 43, "Workstation 43", 0, 1.03, 0.95, 1, 2 >,
 	< 44, "Workstation 44", 3, 0.75, 0.82, 1, 1 >,
 	< 45, "Workstation 45", 9, 0.97, 0.9, 1, 1 >,
 	< 46, "Workstation 46", 5, 0.99, 1.14, 1, 2 >,
 	< 47, "Workstation 47", 0, 1.02, 1.06, 1, 1 >,
 	< 48, "Workstation 48", 4, 1.24, 1.03, 1, 1 >,
 	< 49, "Workstation 49", 7, 0.83, 1.23, 1, 1 >
 };

 tasks = {
 	// order 0
 	< 0, 0, 4, 0, 0, 125, 2, -1 >,
 	< 1, 0, 5, 0, 85, 118, 3, 0 >,
 	< 2, 0, 10, 0, 0, 145, 0, 1 >,
 	< 3, 0, 3, 0, 0, 142, 7, 2 >,
 	< 4, 0, 3, 87, 0, 152, 8, 3 >,
 	< 5, 0, 3, 0, 37, 194, 6, 4 >,
 	< 6, 0, 5, 36, 83, 178, 4, 5 >,
 	< 7, 0, 7, 0, 0, 175, 9, 6 >,
 	< 8, 0, 7, 0, 79, 162, 1, 7 >,
 	< 9, 0, 5, 41, 39, 150, 5, 8 >,
 	< 10, 0, 2, 0, 67, 144, 2, 9 >,
 	< 11, 0, 3, 0, 33, 197, 3, 10 >,
 	// order 1
 	< 12, 1, 7, 0, 0, 149, 0, -1 >,
 	< 13, 1, 9, 0, 0, 134, 7, 12 >,
 	< 14, 1, 6, 84, 0, 157, 8, 13 >,
 	< 15, 1, 9, 100, 0, 168, 6, 14 >,
 	< 16, 1, 1, 47, 98, 143, 4, 15 >,
 	< 17, 1, 4, 50, 0, 131, 9, 16 >,
 	< 18, 1, 6, 0, 41, 179, 1, 17 >,
 	< 19, 1, 10, 0, 0, 120, 5, 18 >,
 	< 20, 1, 8, 0, 0, 182, 2, 19 >,
 	< 21, 1, 4, 0, 34, 144, 3, 20 >,
 	< 22, 1, 10, 61, 0, 183, 0, 21 >,
 	< 23, 1, 9, 0, 98, 139, 7, 22 >,
 	// order 2
 	< 24, 2, 1, 0, 87, 106, 8, -1 >,
 	< 25, 2, 1, 80, 0, 192, 6, 24 >,
 	< 26, 2, 8, 74, 95, 194, 4, 25 >,
 	< 27, 2, 7, 0, 0, 142, 9, 26 >,
 	< 28, 2, 7, 51, 0, 131, 1, 27 >,
 	< 29, 2, 5, 60, 0, 177, 5, 28 >,
 	< 30, 2, 8, 0, 83, 143, 2, 29 >,
 	< 31, 2, 1, 70, 0, 179, 3, 30 >,
 	< 32, 2, 4, 70, 0, 165, 0, 31 >,
 	< 33, 2, 1, 0, 43, 190, 7, 32 >,
 	< 34, 2, 2, 49, 81, 134, 8, 33 >,
 	< 35, 2, 9, 64, 41, 155, 6, 34 >,
 	// order 3
 	< 36, 3, 5, 0, 0, 172, 4, -1 >,
 	< 37, 3, 10, 36, 42, 109, 9, 36 >,
 	< 38, 3, 3, 36, 0, 112, 1, 37 >,
 	< 39, 3, 2, 47, 0, 196, 5, 38 >,
 	< 40, 3, 3, 0, 91, 179, 2, 39 >,
 	< 41, 3, 5, 0, 0, 123, 3, 40 >,
 	< 42, 3, 3, 0, 74, 177, 0, 41 >,
 	< 43, 3, 2, 0, 0, 193, 7, 42 >,
 	< 44, 3, 2, 0, 54, 172, 8, 43 >,
 	< 45, 3, 1, 74, 0, 167, 6, 44 >,
 	< 46, 3, 3, 81, 0, 135, 4, 45 >,
 	< 47, 3, 2, 0, 0, 181, 9, 46 >,
 	// order 4
 	< 48, 4, 3, 69, 30, 161, 1, -1 >,
 	< 49, 4, 10, 0, 30, 133, 5, 48 >,
 	< 50, 4, 9, 39, 39, 103, 2, 49 >,
 	< 51, 4, 2, 78, 40, 115, 3, 50 >,
 	< 52, 4, 10, 0, 69, 150, 0, 51 >,
 	< 53, 4, 9, 0, 0, 145, 7, 52 >,
 	< 54, 4, 2, 0, 100, 156, 8, 53 >,
 	< 55, 4, 4, 82, 35, 105, 6, 54 >,
 	< 56, 4, 7, 0, 48, 154, 4, 55 >,
 	< 57, 4, 9, 0, 0, 105, 9, 56 >,
 	< 58, 4, 5, 0, 0, 111, 1, 57 >,
 	< 59, 4, 8, 66, 0, 106, 5, 58 >,
 	// order 5
 	< 60, 5, 5, 0, 0, 158, 2, -1 >,
 	< 61, 5, 9, 71, 0, 189, 3, 60 >,
 	< 62, 5, 6, 52, 0, 193, 0, 61 >,
 	< 63, 5, 5, 0, 89, 154, 7, 62 >,
 	< 64, 5, 7, 0, 81, 190, 8, 63 >,
 	< 65, 5, 4, 0, 36, 164, 6, 64 >,
 	< 66, 5, 3, 91, 77, 130, 4, 65 >,
 	< 67, 5, 10, 32, 0, 112, 9, 66 >,
 	< 68, 5, 7, 0, 67, 168, 1, 67 >,
 	< 69, 5, 8, 0, 0, 183, 5, 68 >,
 	< 70, 5, 1, 0, 99, 150, 2, 69 >,
 	< 71, 5, 1, 60, 44, 187, 3, 70 >,
 	// order 6
 	< 72, 6, 9, 82, 74, 177, 0, -1 >,
 	< 73, 6, 7, 0, 68, 149, 7, 72 >,
 	< 74, 6, 5, 59, 90, 168, 8, 73 >,
 	< 75, 6, 2, 0, 81, 148, 6, 74 >,
 	< 76, 6, 3, 98, 0, 190, 4, 75 >,
 	< 77, 6, 2, 65, 0, 106, 9, 76 >,
 	< 78, 6, 9, 0, 0, 116, 1, 77 >,
 	< 79, 6, 5, 0, 95, 111, 5, 78 >,
 	< 80, 6, 9, 49, 83, 116, 2, 79 >,
 	< 81, 6, 6, 44, 0, 123, 3, 80 >,
 	< 82, 6, 4, 39, 0, 123, 0, 81 >,
 	< 83, 6, 2, 60, 60, 186, 7, 82 >,
 	// order 7
 	< 84, 7, 2, 0, 0, 165, 8, -1 >,
 	< 85, 7, 3, 0, 60, 138, 6, 84 >,
 	< 86, 7, 3, 0, 95, 172, 4, 85 >,
 	< 87, 7, 10, 0, 0, 103, 9, 86 >,
 	< 88, 7, 4, 59, 0, 125, 1, 87 >,
 	< 89, 7, 8, 0, 0, 197, 5, 88 >,
 	< 90, 7, 10, 0, 64, 104, 2, 89 >,
 	< 91, 7, 7, 74, 0, 108, 3, 90 >,
 	< 92, 7, 2, 61, 84, 176, 0, 91 >,
 	< 93, 7, 10, 0, 0, 121, 7, 92 >,
 	< 94, 7, 7, 0, 0, 150, 8, 93 >,
 	< 95, 7, 4, 86, 0, 177, 6, 94 >,
 	// order 8
 	< 96, 8, 9, 56, 0, 115, 4, -1 >,
 	< 97, 8, 9, 0, 86, 125, 9, 96 >,
 	< 98, 8, 9, 35, 31, 110, 1, 97 >,
 	< 99, 8, 2, 91, 72, 130, 5, 98 >,
 	< 100, 8, 8, 0, 0, 134, 2, 99 >,
 	< 101, 8, 7, 0, 0, 108, 3, 100 >,
 	< 102, 8, 6, 65, 57, 138, 0, 101 >,
 	< 103, 8, 8, 50, 75, 198, 7, 102 >,
 	< 104, 8, 2, 43, 0, 154, 8, 103 >,
 	< 105, 8, 5, 58, 0, 165, 6, 104 >,
 	< 106, 8, 10, 42, 100, 113, 4, 105 >,
 	< 107, 8, 10, 41, 78, 172, 9, 106 >,
 	// order 9
 	< 108, 9, 8, 63, 0, 139, 1, -1 >,
 	< 109, 9, 7, 0, 0, 161, 5, 108 >,
 	< 110, 9, 10, 0, 41, 193, 2, 109 >,
 	< 111, 9, 1, 87, 0, 131, 3, 110 >,
 	< 112, 9, 7, 91, 78, 169, 0, 111 >,
 	< 113, 9, 9, 0, 97, 148, 7, 112 >,
 	< 114, 9, 8, 50, 0, 102, 8, 113 >,
 	< 115, 9, 3, 52, 0, 133, 6, 114 >,
 	< 116, 9, 1, 0, 0, 200, 4, 115 >,
 	< 117, 9, 9, 54, 0, 107, 9, 116 >,
 	< 118, 9, 2, 0, 67, 200, 1, 117 >,
 	< 119, 9, 10, 100, 67, 151, 5, 118 >,
 	// order 10
 	< 120, 10, 3, 46, 0, 117, 2, -1 >,
 	< 121, 10, 3, 0, 94, 184, 3, 120 >,
 	< 122, 10, 1, 0, 0, 198, 0, 121 >,
 	< 123, 10, 7, 88, 92, 115, 7, 122 >,
 	< 124, 10, 6, 0, 83, 147, 8, 123 >,
 	< 125, 10, 9, 0, 0, 150, 6, 124 >,
 	< 126, 10, 2, 0, 86, 157, 4, 125 >,
 	< 127, 10, 1, 0, 94, 182, 9, 126 >,
 	< 128, 10, 6, 0, 41, 124, 1, 127 >,
 	< 129, 10, 2, 88, 52, 124, 5, 128 >,
 	< 130, 10, 1, 0, 56, 199, 2, 129 >,
 	< 131, 10, 10, 0, 0, 167, 3, 130 >,
 	// order 11
 	< 132, 11, 4, 33, 0, 178, 0, -1 >,
 	< 133, 11, 7, 0, 69, 190, 7, 132 >,
 	< 134, 11, 5, 95, 0, 129, 8, 133 >,
 	< 135, 11, 10, 41, 0, 159, 6, 134 >,
 	< 136, 11, 10, 79, 48, 106, 4, 135 >,
 	< 137, 11, 2, 0, 0, 159, 9, 136 >,
 	< 138, 11, 2, 0, 0, 124, 1, 137 >,
 	< 139, 11, 5, 40, 0, 138, 5, 138 >,
 	< 140, 11, 7, 0, 48, 166, 2, 139 >,
 	< 141, 11, 10, 0, 0, 189, 3, 140 >,
 	< 142, 11, 7, 0, 0, 177, 0, 141 >,
 	< 143, 11, 10, 81, 0, 125, 7, 142 >,
 	// order 12
 	< 144, 12, 1, 80, 0, 198, 8, -1 >,
 	< 145, 12, 3, 82, 0, 138, 6, 144 >,
 	< 146, 12, 7, 77, 67, 179, 4, 145 >,
 	< 147, 12, 7, 0, 0, 174, 9, 146 >,
 	< 148, 12, 1, 0, 95, 131, 1, 147 >,
 	< 149, 12, 5, 66, 0, 104, 5, 148 >,
 	< 150, 12, 6, 36, 0, 106, 2, 149 >,
 	< 151, 12, 5, 46, 0, 156, 3, 150 >,
 	< 152, 12, 3, 64, 0, 146, 0, 151 >,
 	< 153, 12, 2, 74, 99, 130, 7, 152 >,
 	< 154, 12, 5, 74, 0, 102, 8, 153 >,
 	< 155, 12, 2, 36, 50, 146, 6, 154 >,
 	// order 13
 	< 156, 13, 4, 0, 41, 160, 4, -1 >,
 	< 157, 13, 3, 38, 0, 142, 9, 156 >,
 	< 158, 13, 4, 62, 0, 158, 1, 157 >,
 	< 159, 13, 8, 0, 0, 153, 5, 158 >,
 	< 160, 13, 4, 59, 38, 191, 2, 159 >,
 	< 161, 13, 5, 0, 0, 123, 3, 160 >,
 	< 162, 13, 9, 0, 49, 182, 0, 161 >,
 	< 163, 13, 6, 0, 0, 129, 7, 162 >,
 	< 164, 13, 6, 93, 0, 185, 8, 163 >,
 	< 165, 13, 9, 0, 0, 117, 6, 164 >,
 	< 166, 13, 1, 0, 0, 134, 4, 165 >,
 	< 167, 13, 10, 96, 0, 195, 9, 166 >,
 	// order 14
 	< 168, 14, 7, 48, 0, 112, 1, -1 >,
 	< 169, 14, 7, 49, 0, 172, 5, 168 >,
 	< 170, 14, 3, 70, 0, 150, 2, 169 >,
 	< 171, 14, 2, 91, 0, 155, 3, 170 >,
 	< 172, 14, 6, 33, 50, 108, 0, 171 >,
 	< 173, 14, 6, 66, 0, 164, 7, 172 >,
 	< 174, 14, 4, 0, 64, 151, 8, 173 >,
 	< 175, 14, 1, 0, 44, 153, 6, 174 >,
 	< 176, 14, 6, 55, 68, 151, 4, 175 >,
 	< 177, 14, 10, 42, 0, 111, 9, 176 >,
 	< 178, 14, 5, 56, 77, 140, 1, 177 >,
 	< 179, 14, 9, 0, 0, 110, 5, 178 >,
 	// order 15
 	< 180, 15, 8, 0, 0, 195, 2, -1 >,
 	< 181, 15, 4, 98, 38, 105, 3, 180 >,
 	< 182, 15, 4, 0, 0, 200, 0, 181 >,
 	< 183, 15, 3, 35, 71, 161, 7, 182 >,
 	< 184, 15, 9, 0, 67, 187, 8, 183 >,
 	< 185, 15, 4, 0, 89, 164, 6, 184 >,
 	< 186, 15, 7, 0, 0, 142, 4, 185 >,
 	< 187, 15, 9, 49, 46, 156, 9, 186 >,
 	< 188, 15, 1, 34, 0, 177, 1, 187 >,
 	< 189, 15, 3, 57, 98, 132, 5, 188 >,
 	< 190, 15, 1, 0, 0, 126, 2, 189 >,
 	< 191, 15, 5, 0, 35, 191, 3, 190 >,
 	// order 16
 	< 192, 16, 8, 0, 0, 148, 0, -1 >,
 	< 193, 16, 5, 41, 41, 176, 7, 192 >,
 	< 194, 16, 5, 0, 31, 159, 8, 193 >,
 	< 195, 16, 9, 0, 0, 176, 6, 194 >,
 	< 196, 16, 7, 0, 45, 188, 4, 195 >,
 	< 197, 16, 4, 33, 41, 140, 9, 196 >,
 	< 198, 16, 2, 82, 0, 186, 1, 197 >,
 	< 199, 16, 8, 70, 95, 105, 5, 198 >,
 	< 200, 16, 4, 0, 68, 106, 2, 199 >,
 	< 201, 16, 6, 0, 57, 114, 3, 200 >,
 	< 202, 16, 1, 60, 0, 184, 0, 201 >,
 	< 203, 16, 1, 0, 0, 189, 7, 202 >,
 	// order 17
 	< 204, 17, 9, 61, 74, 169, 8, -1 >,
 	< 205, 17, 6, 0, 0, 182, 6, 204 >,
 	< 206, 17, 1, 56, 72, 118, 4, 205 >,
 	< 207, 17, 7, 0, 0, 125, 9, 206 >,
 	< 208, 17, 10, 81, 48, 109, 1, 207 >,
 	< 209, 17, 10, 0, 31, 174, 5, 208 >,
 	< 210, 17, 6, 0, 0, 113, 2, 209 >,
 	< 211, 17, 6, 62, 0, 186, 3, 210 >,
 	< 212, 17, 6, 0, 0, 107, 0, 211 >,
 	< 213, 17, 4, 0, 98, 184, 7, 212 >,
 	< 214, 17, 3, 0, 97, 192, 8, 213 >,
 	< 215, 17, 10, 0, 78, 150, 6, 214 >,
 	// order 18
 	< 216, 18, 6, 43, 0, 113, 4, -1 >,
 	< 217, 18, 1, 50, 0, 170, 9, 216 >,
 	< 218, 18, 1, 0, 0, 131, 1, 217 >,
 	< 219, 18, 5, 72, 0, 165, 5, 218 >,
 	< 220, 18, 5, 60, 63, 168, 2, 219 >,
 	< 221, 18, 9, 0, 65, 116, 3, 220 >,
 	< 222, 18, 10, 42, 73, 112, 0, 221 >,
 	< 223, 18, 4, 0, 0, 200, 7, 222 >,
 	< 224, 18, 9, 0, 0, 126, 8, 223 >,
 	< 225, 18, 8, 100, 0, 147, 6, 224 >,
 	< 226, 18, 3, 0, 42, 123, 4, 225 >,
 	< 227, 18, 7, 0, 81, 162, 9, 226 >,
 	// order 19
 	< 228, 19, 3, 96, 38, 177, 1, -1 >,
 	< 229, 19, 4, 0, 0, 171, 5, 228 >,
 	< 230, 19, 4, 0, 41, 165, 2, 229 >,
 	< 231, 19, 7, 33, 79, 177, 3, 230 >,
 	< 232, 19, 9, 38, 0, 186, 0, 231 >,
 	< 233, 19, 1, 97, 0, 151, 7, 232 >,
 	< 234, 19, 4, 63, 35, 188, 8, 233 >,
 	< 235, 19, 4, 0, 0, 140, 6, 234 >,
 	< 236, 19, 8, 69, 0, 191, 4, 235 >,
 	< 237, 19, 8, 67, 99, 104, 9, 236 >,
 	< 238, 19, 1, 0, 62, 102, 1, 237 >,
 	< 239, 19, 9, 48, 89, 120, 5, 238 >,
 	// order 20
 	< 240, 20, 10, 0, 78, 105, 2, -1 >,
 	< 241, 20, 4, 84, 0, 181, 3, 240 >,
 	< 242, 20, 3, 0, 0, 107, 0, 241 >,
 	< 243, 20, 4, 0, 0, 106, 7, 242 >,
 	< 244, 20, 4, 0, 0, 131, 8, 243 >,
 	< 245, 20, 5, 0, 74, 139, 6, 244 >,
 	< 246, 20, 1, 0, 100, 177, 4, 245 >,
 	< 247, 20, 6, 87, 0, 113, 9, 246 >,
 	< 248, 20, 3, 59, 88, 163, 1, 247 >,
 	< 249, 20, 3, 81, 57, 169, 5, 248 >,
 	< 250, 20, 9, 0, 0, 139, 2, 249 >,
 	< 251, 20, 9, 74, 74, 105, 3, 250 >,
 	// order 21
 	< 252, 21, 5, 66, 68, 182, 0, -1 >,
 	< 253, 21, 5, 62, 0, 198, 7, 252 >,
 	< 254, 21, 9, 0, 0, 192, 8, 253 >,
 	< 255, 21, 1, 78, 0, 159, 6, 254 >,
 	< 256, 21, 10, 30, 0, 125, 4, 255 >,
 	< 257, 21, 7, 56, 79, 118, 9, 256 >,
 	< 258, 21, 7, 41, 0, 150, 1, 257 >,
 	< 259, 21, 5, 0, 0, 142, 5, 258 >,
 	< 260, 21, 3, 56, 0, 172, 2, 259 >,
 	< 261, 21, 10, 0, 63, 181, 3, 260 >,
 	< 262, 21, 4, 64, 0, 115, 0, 261 >,
 	< 263, 21, 7, 40, 0, 190, 7, 262 >,
 	// order 22
 	< 264, 22, 1, 0, 0, 176, 8, -1 >,
 	< 265, 22, 1, 0, 0, 198, 6, 264 >,
 	< 266, 22, 1, 0, 58, 160, 4, 265 >,
 	< 267, 22, 9, 0, 60, 189, 9, 266 >,
 	< 268, 22, 7, 0, 95, 191, 1, 267 >,
 	< 269, 22, 10, 0, 0, 116, 5, 268 >,
 	< 270, 22, 5, 0, 72, 131, 2, 269 >,
 	< 271, 22, 7, 0, 0, 120, 3, 270 >,
 	< 272, 22, 10, 33, 0, 160, 0, 271 >,
 	< 273, 22, 1, 34, 0, 193, 7, 272 >,
 	< 274, 22, 4, 82, 0, 121, 8, 273 >,
 	< 275, 22, 1, 0, 0, 128, 6, 274 >,
 	// order 23
 	< 276, 23, 2, 0, 0, 139, 4, -1 >,
 	< 277, 23, 9, 0, 97, 134, 9, 276 >,
 	< 278, 23, 9, 0, 58, 142, 1, 277 >,
 	< 279, 23, 1, 87, 48, 172, 5, 278 >,
 	< 280, 23, 6, 0, 79, 144, 2, 279 >,
 	< 281, 23, 10, 0, 86, 146, 3, 280 >,
 	< 282, 23, 6, 67, 50, 101, 0, 281 >,
 	< 283, 23, 9, 0, 0, 122, 7, 282 >,
 	< 284, 23, 8, 0, 47, 195, 8, 283 >,
 	< 285, 23, 2, 47, 47, 140, 6, 284 >,
 	< 286, 23, 2, 0, 0, 172, 4, 285 >,
 	< 287, 23, 1, 0, 0, 195, 9, 286 >,
 	// order 24
 	< 288, 24, 10, 38, 0, 188, 1, -1 >,
 	< 289, 24, 3, 0, 0, 149, 5, 288 >,
 	< 290, 24, 2, 0, 0, 160, 2, 289 >,
 	< 291, 24, 7, 0, 62, 156, 3, 290 >,
 	< 292, 24, 7, 47, 47, 109, 0, 291 >,
 	< 293, 24, 6, 0, 0, 160, 7, 292 >,
 	< 294, 24, 2, 0, 0, 168, 8, 293 >,
 	< 295, 24, 5, 0, 0, 155, 6, 294 >,
 	< 296, 24, 7, 75, 0, 150, 4, 295 >,
 	< 297, 24, 10, 0, 0, 158, 9, 296 >,
 	< 298, 24, 2, 68, 0, 144, 1, 297 >,
 	< 299, 24, 3, 0, 76, 170, 5, 298 >,
 	// order 25
 	< 300, 25, 10, 0, 0, 162, 2, -1 >,
 	< 301, 25, 9, 90, 0, 129, 3, 300 >,
 	< 302, 25, 9, 0, 53, 136, 0, 301 >,
 	< 303, 25, 5, 0, 95, 160, 7, 302 >,
 	< 304, 25, 3, 0, 38, 152, 8, 303 >,
 	< 305, 25, 5, 0, 59, 166, 6, 304 >,
 	< 306, 25, 10, 97, 70, 130, 4, 305 >,
 	< 307, 25, 2, 52, 43, 166, 9, 306 >,
 	< 308, 25, 9, 0, 0, 118, 1, 307 >,
 	< 309, 25, 5, 0, 0, 169, 5, 308 >,
 	< 310, 25, 1, 69, 0, 142, 2, 309 >,
 	< 311, 25, 5, 0, 0, 150, 3, 310 >,
 	// order 26
 	< 312, 26, 2, 96, 0, 144, 0, -1 >,
 	< 313, 26, 4, 0, 0, 192, 7, 312 >,
 	< 314, 26, 8, 0, 0, 178, 8, 313 >,
 	< 315, 26, 3, 0, 0, 159, 6, 314 >,
 	< 316, 26, 4, 0, 53, 100, 4, 315 >,
 	< 317, 26, 8, 81, 45, 122, 9, 316 >,
 	< 318, 26, 9, 0, 0, 186, 1, 317 >,
 	< 319, 26, 8, 0, 0, 128, 5, 318 >,
 	< 320, 26, 3, 0, 0, 180, 2, 319 >,
 	< 321, 26, 2, 66, 38, 129, 3, 320 >,
 	< 322, 26, 3, 62, 89, 108, 0, 321 >,
 	< 323, 26, 1, 0, 0, 118, 7, 322 >,
 	// order 27
 	< 324, 27, 8, 0, 90, 113, 8, -1 >,
 	< 325, 27, 9, 69, 44, 161, 6, 324 >,
 	< 326, 27, 7, 0, 39, 135, 4, 325 >,
 	< 327, 27, 10, 78, 64, 106, 9, 326 >,
 	< 328, 27, 6, 0, 0, 170, 1, 327 >,
 	< 329, 27, 8, 0, 32, 178, 5, 328 >,
 	< 330, 27, 4, 97, 31, 153, 2, 329 >,
 	< 331, 27, 7, 52, 0, 197, 3, 330 >,
 	< 332, 27, 1, 79, 61, 165, 0, 331 >,
 	< 333, 27, 6, 0, 0, 151, 7, 332 >,
 	< 334, 27, 8, 79, 76, 126, 8, 333 >,
 	< 335, 27, 6, 0, 0, 152, 6, 334 >,
 	// order 28
 	< 336, 28, 1, 60, 0, 178, 4, -1 >,
 	< 337, 28, 2, 0, 0, 183, 9, 336 >,
 	< 338, 28, 4, 55, 0, 153, 1, 337 >,
 	< 339, 28, 10, 82, 47, 111, 5, 338 >,
 	< 340, 28, 6, 0, 49, 152, 2, 339 >,
 	< 341, 28, 4, 0, 56, 126, 3, 340 >,
 	< 342, 28, 1, 0, 0, 161, 0, 341 >,
 	< 343, 28, 10, 0, 0, 140, 7, 342 >,
 	< 344, 28, 9, 0, 0, 148, 8, 343 >,
 	< 345, 28, 7, 72, 0, 111, 6, 344 >,
 	< 346, 28, 2, 100, 91, 118, 4, 345 >,
 	< 347, 28, 10, 0, 81, 115, 9, 346 >,
 	// order 29
 	< 348, 29, 8, 0, 62, 174, 1, -1 >,
 	< 349, 29, 6, 0, 40, 186, 5, 348 >,
 	< 350, 29, 6, 0, 0, 134, 2, 349 >,
 	< 351, 29, 9, 83, 0, 140, 3, 350 >,
 	< 352, 29, 1, 36, 0, 107, 0, 351 >,
 	< 353, 29, 2, 0, 43, 104, 7, 352 >,
 	< 354, 29, 3, 99, 54, 164, 8, 353 >,
 	< 355, 29, 4, 0, 82, 109, 6, 354 >,
 	< 356, 29, 7, 49, 0, 159, 4, 355 >,
 	< 357, 29, 3, 42, 47, 122, 9, 356 >,
 	< 358, 29, 10, 80, 0, 168, 1, 357 >,
 	< 359, 29, 2, 53, 0, 181, 5, 358 >,
 	// order 30
 	< 360, 30, 1, 95, 0, 160, 2, -1 >,
 	< 361, 30, 8, 80, 0, 151, 3, 360 >,
 	< 362, 30, 9, 0, 0, 139, 0, 361 >,
 	< 363, 30, 8, 98, 0, 192, 7, 362 >,
 	< 364, 30, 6, 43, 30, 160, 8, 363 >,
 	< 365, 30, 5, 0, 98, 120, 6, 364 >,
 	< 366, 30, 7, 56, 0, 156, 4, 365 >,
 	< 367, 30, 4, 0, 0, 199, 9, 366 >,
 	< 368, 30, 5, 0, 0, 154, 1, 367 >,
 	< 369, 30, 8, 0, 48, 133, 5, 368 >,
 	< 370, 30, 8, 46, 0, 142, 2, 369 >,
 	< 371, 30, 9, 0, 87, 193, 3, 370 >,
 	// order 31
 	< 372, 31, 7, 0, 98, 175, 0, -1 >,
 	< 373, 31, 3, 51, 31, 184, 7, 372 >,
 	< 374, 31, 5, 0, 65, 144, 8, 373 >,
 	< 375, 31, 6, 0, 35, 164, 6, 374 >,
 	< 376, 31, 9, 0, 38, 110, 4, 375 >,
 	< 377, 31, 10, 0, 0, 156, 9, 376 >,
 	< 378, 31, 1, 64, 0, 134, 1, 377 >,
 	< 379, 31, 9, 33, 49, 183, 5, 378 >,
 	< 380, 31, 1, 46, 0, 131, 2, 379 >,
 	< 381, 31, 4, 0, 99, 127, 3, 380 >,
 	< 382, 31, 2, 0, 50, 176, 0, 381 >,
 	< 383, 31, 1, 89, 50, 159, 7, 382 >,
 	// order 32
 	< 384, 32, 2, 0, 39, 195, 8, -1 >,
 	< 385, 32, 1, 80, 64, 136, 6, 384 >,
 	< 386, 32, 4, 0, 38, 194, 4, 385 >,
 	< 387, 32, 3, 80, 65, 115, 9, 386 >,
 	< 388, 32, 3, 64, 40, 159, 1, 387 >,
 	< 389, 32, 8, 44, 0, 199, 5, 388 >,
 	< 390, 32, 3, 60, 0, 136, 2, 389 >,
 	< 391, 32, 4, 0, 37, 133, 3, 390 >,
 	< 392, 32, 8, 88, 0, 170, 0, 391 >,
 	< 393, 32, 7, 0, 32, 193, 7, 392 >,
 	< 394, 32, 6, 0, 0, 107, 8, 393 >,
 	< 395, 32, 2, 43, 33, 193, 6, 394 >,
 	// order 33
 	< 396, 33, 9, 0, 0, 139, 4, -1 >,
 	< 397, 33, 1, 79, 91, 144, 9, 396 >,
 	< 398, 33, 4, 0, 0, 182, 1, 397 >,
 	< 399, 33, 6, 0, 49, 145, 5, 398 >,
 	< 400, 33, 10, 34, 0, 115, 2, 399 >,
 	< 401, 33, 5, 0, 55, 114, 3, 400 >,
 	< 402, 33, 8, 0, 0, 158, 0, 401 >,
 	< 403, 33, 2, 65, 60, 147, 7, 402 >,
 	< 404, 33, 1, 58, 72, 158, 8, 403 >,
 	< 405, 33, 5, 44, 30, 199, 6, 404 >,
 	< 406, 33, 10, 0, 0, 123, 4, 405 >,
 	< 407, 33, 8, 0, 0, 198, 9, 406 >,
 	// order 34
 	< 408, 34, 9, 54, 40, 125, 1, -1 >,
 	< 409, 34, 9, 44, 0, 101, 5, 408 >,
 	< 410, 34, 6, 0, 61, 200, 2, 409 >,
 	< 411, 34, 3, 0, 71, 194, 3, 410 >,
 	< 412, 34, 5, 85, 0, 172, 0, 411 >,
 	< 413, 34, 3, 0, 0, 195, 7, 412 >,
 	< 414, 34, 8, 0, 0, 145, 8, 413 >,
 	< 415, 34, 7, 0, 90, 174, 6, 414 >,
 	< 416, 34, 4, 99, 0, 189, 4, 415 >,
 	< 417, 34, 6, 0, 37, 200, 9, 416 >,
 	< 418, 34, 2, 71, 68, 104, 1, 417 >,
 	< 419, 34, 5, 0, 59, 143, 5, 418 >,
 	// order 35
 	< 420, 35, 10, 31, 0, 158, 2, -1 >,
 	< 421, 35, 7, 0, 44, 126, 3, 420 >,
 	< 422, 35, 4, 0, 0, 122, 0, 421 >,
 	< 423, 35, 9, 96, 46, 170, 7, 422 >,
 	< 424, 35, 10, 0, 0, 137, 8, 423 >,
 	< 425, 35, 1, 0, 91, 141, 6, 424 >,
 	< 426, 35, 2, 0, 0, 143, 4, 425 >,
 	< 427, 35, 4, 0, 97, 124, 9, 426 >,
 	< 428, 35, 4, 48, 94, 173, 1, 427 >,
 	< 429, 35, 8, 0, 0, 133, 5, 428 >,
 	< 430, 35, 7, 0, 0, 138, 2, 429 >,
 	< 431, 35, 4, 62, 86, 166, 3, 430 >,
 	// order 36
 	< 432, 36, 3, 0, 52, 137, 0, -1 >,
 	< 433, 36, 1, 0, 0, 101, 7, 432 >,
 	< 434, 36, 2, 31, 0, 171, 8, 433 >,
 	< 435, 36, 5, 0, 0, 200, 6, 434 >,
 	< 436, 36, 3, 0, 67, 100, 4, 435 >,
 	< 437, 36, 5, 0, 0, 170, 9, 436 >,
 	< 438, 36, 7, 80, 69, 106, 1, 437 >,
 	< 439, 36, 3, 91, 0, 194, 5, 438 >,
 	< 440, 36, 7, 64, 0, 148, 2, 439 >,
 	< 441, 36, 1, 0, 34, 178, 3, 440 >,
 	< 442, 36, 10, 49, 0, 154, 0, 441 >,
 	< 443, 36, 5, 0, 60, 132, 7, 442 >,
 	// order 37
 	< 444, 37, 2, 0, 0, 160, 8, -1 >,
 	< 445, 37, 6, 0, 0, 130, 6, 444 >,
 	< 446, 37, 10, 80, 46, 150, 4, 445 >,
 	< 447, 37, 4, 0, 45, 104, 9, 446 >,
 	< 448, 37, 1, 0, 48, 192, 1, 447 >,
 	< 449, 37, 8, 61, 0, 101, 5, 448 >,
 	< 450, 37, 6, 0, 0, 144, 2, 449 >,
 	< 451, 37, 8, 69, 93, 185, 3, 450 >,
 	< 452, 37, 2, 42, 54, 106, 0, 451 >,
 	< 453, 37, 3, 84, 0, 115, 7, 452 >,
 	< 454, 37, 7, 78, 0, 129, 8, 453 >,
 	< 455, 37, 6, 58, 86, 186, 6, 454 >,
 	// order 38
 	< 456, 38, 10, 0, 0, 145, 4, -1 >,
 	< 457, 38, 5, 0, 0, 168, 9, 456 >,
 	< 458, 38, 9, 96, 0, 187, 1, 457 >,
 	< 459, 38, 3, 91, 90, 144, 5, 458 >,
 	< 460, 38, 1, 49, 97, 147, 2, 459 >,
 	< 461, 38, 6, 0, 0, 126, 3, 460 >,
 	< 462, 38, 8, 0, 0, 105, 0, 461 >,
 	< 463, 38, 4, 93, 0, 189, 7, 462 >,
 	< 464, 38, 7, 0, 0, 108, 8, 463 >,
 	< 465, 38, 3, 0, 60, 182, 6, 464 >,
 	< 466, 38, 2, 0, 90, 156, 4, 465 >,
 	< 467, 38, 5, 43, 60, 141, 9, 466 >,
 	// order 39
 	< 468, 39, 10, 40, 59, 104, 1, -1 >,
 	< 469, 39, 7, 52, 66, 196, 5, 468 >,
 	< 470, 39, 6, 0, 0, 131, 2, 469 >,
 	< 471, 39, 8, 31, 47, 103, 3, 470 >,
 	< 472, 39, 8, 32, 96, 161, 0, 471 >,
 	< 473, 39, 7, 0, 0, 112, 7, 472 >,
 	< 474, 39, 5, 94, 100, 132, 8, 473 >,
 	< 475, 39, 7, 0, 86, 111, 6, 474 >,
 	< 476, 39, 3, 64, 0, 182, 4, 475 >,
 	< 477, 39, 4, 0, 0, 160, 9, 476 >,
 	< 478, 39, 7, 42, 37, 126, 1, 477 >,
 	< 479, 39, 10, 37, 0, 130, 5, 478 >,
 	// order 40
 	< 480, 40, 1, 0, 0, 149, 2, -1 >,
 	< 481, 40, 6, 0, 0, 132, 3, 480 >,
 	< 482, 40, 4, 86, 61, 193, 0, 481 >,
 	< 483, 40, 6, 0, 57, 111, 7, 482 >,
 	< 484, 40, 3, 44, 65, 157, 8, 483 >,
 	< 485, 40, 8, 75, 57, 181, 6, 484 >,
 	< 486, 40, 2, 64, 0, 186, 4, 485 >,
 	< 487, 40, 3, 71, 88, 179, 9, 486 >,
 	< 488, 40, 7, 89, 0, 172, 1, 487 >,
 	< 489, 40, 1, 100, 0, 147, 5, 488 >,
 	< 490, 40, 10, 86, 92, 190, 2, 489 >,
 	< 491, 40, 10, 41, 72, 101, 3, 490 >,
 	// order 41
 	< 492, 41, 2, 45, 91, 165, 0, -1 >,
 	< 493, 41, 1, 86, 0, 145, 7, 492 >,
 	< 494, 41, 8, 89, 66, 103, 8, 493 >,
 	< 495, 41, 10, 0, 100, 134, 6, 494 >,
 	< 496, 41, 2, 79, 0, 198, 4, 495 >,
 	< 497, 41, 4, 0, 68, 199, 9, 496 >,
 	< 498, 41, 2, 71, 0, 184, 1, 497 >,
 	< 499, 41, 8, 0, 96, 186, 5, 498 >,
 	< 500, 41, 7, 52, 0, 133, 2, 499 >,
 	< 501, 41, 1, 0, 0, 180, 3, 500 >,
 	< 502, 41, 3, 92, 0, 177, 0, 501 >,
 	< 503, 41, 6, 0, 0, 166, 7, 502 >,
 	// order 42
 	< 504, 42, 7, 63, 0, 188, 8, -1 >,
 	< 505, 42, 5, 91, 0, 152, 6, 504 >,
 	< 506, 42, 7, 0, 35, 179, 4, 505 >,
 	< 507, 42, 2, 67, 73, 188, 9, 506 >,
 	< 508, 42, 10, 0, 97, 132, 1, 507 >,
 	< 509, 42, 2, 0, 88, 158, 5, 508 >,
 	< 510, 42, 5, 0, 0, 128, 2, 509 >,
 	< 511, 42, 3, 0, 79, 185, 3, 510 >,
 	< 512, 42, 6, 0, 81, 173, 0, 511 >,
 	< 513, 42, 6, 0, 36, 189, 7, 512 >,
 	< 514, 42, 1, 0, 76, 179, 8, 513 >,
 	< 515, 42, 8, 86, 0, 155, 6, 514 >,
 	// order 43
 	< 516, 43, 3, 0, 0, 143, 4, -1 >,
 	< 517, 43, 10, 0, 50, 180, 9, 516 >,
 	< 518, 43, 6, 33, 78, 106, 1, 517 >,
 	< 519, 43, 5, 0, 0, 195, 5, 518 >,
 	< 520, 43, 5, 61, 0, 175, 2, 519 >,
 	< 521, 43, 8, 74, 80, 156, 3, 520 >,
 	< 522, 43, 6, 66, 0, 155, 0, 521 >,
 	< 523, 43, 4, 0, 0, 178, 7, 522 >,
 	< 524, 43, 6, 39, 65, 113, 8, 523 >,
 	< 525, 43, 1, 0, 0, 160, 6, 524 >,
 	< 526, 43, 4, 51, 77, 165, 4, 525 >,
 	< 527, 43, 9, 0, 0, 171, 9, 526 >,
 	// order 44
 	< 528, 44, 5, 98, 47, 104, 1, -1 >,
 	< 529, 44, 2, 78, 0, 174, 5, 528 >,
 	< 530, 44, 2, 71, 0, 170, 2, 529 >,
 	< 531, 44, 8, 80, 77, 133, 3, 530 >,
 	< 532, 44, 5, 0, 0, 198, 0, 531 >,
 	< 533, 44, 3, 89, 79, 132, 7, 532 >,
 	< 534, 44, 8, 57, 85, 155, 8, 533 >,
 	< 535, 44, 7, 0, 67, 153, 6, 534 >,
 	< 536, 44, 1, 42, 81, 140, 4, 535 >,
 	< 537, 44, 10, 54, 0, 187, 9, 536 >,
 	< 538, 44, 1, 0, 0, 173, 1, 537 >,
 	< 539, 44, 3, 0, 59, 168, 5, 538 >,
 	// order 45
 	< 540, 45, 2, 0, 0, 145, 2, -1 >,
 	< 541, 45, 2, 0, 95, 123, 3, 540 >,
 	< 542, 45, 9, 0, 40, 180, 0, 541 >,
 	< 543, 45, 5, 0, 0, 120, 7, 542 >,
 	< 544, 45, 6, 0, 75, 135, 8, 543 >,
 	< 545, 45, 1, 73, 0, 179, 6, 544 >,
 	< 546, 45, 1, 0, 0, 166, 4, 545 >,
 	< 547, 45, 6, 55, 60, 172, 9, 546 >,
 	< 548, 45, 7, 90, 0, 164, 1, 547 >,
 	< 549, 45, 6, 0, 0, 190, 5, 548 >,
 	< 550, 45, 3, 54, 0, 105, 2, 549 >,
 	< 551, 45, 3, 0, 68, 109, 3, 550 >,
 	// order 46
 	< 552, 46, 4, 69, 83, 187, 0, -1 >,
 	< 553, 46, 10, 0, 34, 129, 7, 552 >,
 	< 554, 46, 5, 97, 0, 160, 8, 553 >,
 	< 555, 46, 1, 0, 100, 183, 6, 554 >,
 	< 556, 46, 1, 80, 0, 114, 4, 555 >,
 	< 557, 46, 8, 0, 0, 139, 9, 556 >,
 	< 558, 46, 6, 0, 63, 104, 1, 557 >,
 	< 559, 46, 2, 0, 37, 119, 5, 558 >,
 	< 560, 46, 8, 0, 0, 116, 2, 559 >,
 	< 561, 46, 7, 82, 0, 158, 3, 560 >,
 	< 562, 46, 5, 0, 30, 154, 0, 561 >,
 	< 563, 46, 3, 0, 89, 186, 7, 562 >,
 	// order 47
 	< 564, 47, 7, 0, 30, 121, 8, -1 >,
 	< 565, 47, 6, 0, 60, 190, 6, 564 >,
 	< 566, 47, 4, 56, 0, 162, 4, 565 >,
 	< 567, 47, 3, 71, 0, 111, 9, 566 >,
 	< 568, 47, 3, 0, 0, 170, 1, 567 >,
 	< 569, 47, 10, 0, 31, 128, 5, 568 >,
 	< 570, 47, 3, 43, 0, 178, 2, 569 >,
 	< 571, 47, 6, 0, 0, 113, 3, 570 >,
 	< 572, 47, 3, 54, 0, 131, 0, 571 >,
 	< 573, 47, 6, 0, 94, 118, 7, 572 >,
 	< 574, 47, 4, 0, 86, 147, 8, 573 >,
 	< 575, 47, 8, 44, 96, 108, 6, 574 >,
 	// order 48
 	< 576, 48, 1, 47, 0, 123, 4, -1 >,
 	< 577, 48, 3, 0, 0, 159, 9, 576 >,
 	< 578, 48, 9, 42, 55, 187, 1, 577 >,
 	< 579, 48, 8, 0, 0, 180, 5, 578 >,
 	< 580, 48, 5, 0, 0, 177, 2, 579 >,
 	< 581, 48, 7, 0, 92, 171, 3, 580 >,
 	< 582, 48, 5, 0, 0, 115, 0, 581 >,
 	< 583, 48, 2, 0, 0, 200, 7, 582 >,
 	< 584, 48, 1, 35, 0, 109, 8, 583 >,
 	< 585, 48, 6, 0, 0, 181, 6, 584 >,
 	< 586, 48, 1, 0, 0, 161, 4, 585 >,
 	< 587, 48, 10, 38, 0, 148, 9, 586 >,
 	// order 49
 	< 588, 49, 1, 89, 53, 161, 1, -1 >,
 	< 589, 49, 4, 0, 62, 158, 5, 588 >,
 	< 590, 49, 5, 0, 0, 124, 2, 589 >,
 	< 591, 49, 9, 40, 0, 151, 3, 590 >,
 	< 592, 49, 4, 0, 63, 182, 0, 591 >,
 	< 593, 49, 10, 61, 0, 153, 7, 592 >,
 	< 594, 49, 5, 0, 0, 167, 8, 593 >,
 	< 595, 49, 10, 0, 0, 148, 6, 594 >,
 	< 596, 49, 6, 0, 76, 173, 4, 595 >,
 	< 597, 49, 9, 55, 0, 155, 9, 596 >,
 	< 598, 49, 2, 49, 37, 157, 1, 597 >,
 	< 599, 49, 2, 100, 0, 180, 5, 598 >,
 	// order 50
 	< 600, 50, 5, 0, 53, 132, 2, -1 >,
 	< 601, 50, 10, 0, 0, 135, 3, 600 >,
 	< 602, 50, 6, 0, 43, 163, 0, 601 >,
 	< 603, 50, 6, 79, 33, 175, 7, 602 >,
 	< 604, 50, 5, 31, 0, 136, 8, 603 >,
 	< 605, 50, 3, 35, 68, 136, 6, 604 >,
 	< 606, 50, 3, 78, 0, 143, 4, 605 >,
 	< 607, 50, 1, 0, 0, 187, 9, 606 >,
 	< 608, 50, 4, 80, 0, 118, 1, 607 >,
 	< 609, 50, 1, 0, 70, 100, 5, 608 >,
 	< 610, 50, 5, 96, 53, 155, 2, 609 >,
 	< 611, 50, 1, 98, 0, 100, 3, 610 >,
 	// order 51
 	< 612, 51, 4, 87, 0, 177, 0, -1 >,
 	< 613, 51, 10, 67, 0, 152, 7, 612 >,
 	< 614, 51, 4, 0, 0, 141, 8, 613 >,
 	< 615, 51, 5, 0, 35, 134, 6, 614 >,
 	< 616, 51, 2, 0, 0, 150, 4, 615 >,
 	< 617, 51, 2, 0, 0, 115, 9, 616 >,
 	< 618, 51, 4, 60, 0, 135, 1, 617 >,
 	< 619, 51, 4, 30, 0, 191, 5, 618 >,
 	< 620, 51, 10, 0, 0, 157, 2, 619 >,
 	< 621, 51, 4, 0, 0, 104, 3, 620 >,
 	< 622, 51, 7, 45, 57, 103, 0, 621 >,
 	< 623, 51, 6, 93, 88, 136, 7, 622 >,
 	// order 52
 	< 624, 52, 7, 63, 41, 197, 8, -1 >,
 	< 625, 52, 7, 0, 0, 196, 6, 624 >,
 	< 626, 52, 4, 0, 0, 125, 4, 625 >,
 	< 627, 52, 1, 47, 84, 102, 9, 626 >,
 	< 628, 52, 1, 0, 67, 194, 1, 627 >,
 	< 629, 52, 5, 0, 0, 185, 5, 628 >,
 	< 630, 52, 8, 0, 43, 177, 2, 629 >,
 	< 631, 52, 3, 0, 52, 141, 3, 630 >,
 	< 632, 52, 4, 56, 0, 166, 0, 631 >,
 	< 633, 52, 5, 67, 0, 196, 7, 632 >,
 	< 634, 52, 9, 0, 0, 113, 8, 633 >,
 	< 635, 52, 9, 0, 91, 194, 6, 634 >,
 	// order 53
 	< 636, 53, 9, 87, 0, 126, 4, -1 >,
 	< 637, 53, 4, 0, 0, 120, 9, 636 >,
 	< 638, 53, 6, 0, 80, 193, 1, 637 >,
 	< 639, 53, 2, 0, 0, 165, 5, 638 >,
 	< 640, 53, 1, 0, 0, 111, 2, 639 >,
 	< 641, 53, 10, 0, 0, 196, 3, 640 >,
 	< 642, 53, 4, 0, 57, 142, 0, 641 >,
 	< 643, 53, 7, 0, 0, 147, 7, 642 >,
 	< 644, 53, 8, 66, 0, 170, 8, 643 >,
 	< 645, 53, 2, 0, 97, 110, 6, 644 >,
 	< 646, 53, 1, 0, 0, 108, 4, 645 >,
 	< 647, 53, 8, 78, 80, 185, 9, 646 >,
 	// order 54
 	< 648, 54, 8, 85, 52, 199, 1, -1 >,
 	< 649, 54, 4, 87, 0, 143, 5, 648 >,
 	< 650, 54, 6, 62, 0, 181, 2, 649 >,
 	< 651, 54, 8, 56, 0, 198, 3, 650 >,
 	< 652, 54, 6, 0, 54, 177, 0, 651 >,
 	< 653, 54, 9, 0, 0, 181, 7, 652 >,
 	< 654, 54, 8, 0, 42, 175, 8, 653 >,
 	< 655, 54, 1, 77, 80, 184, 6, 654 >,
 	< 656, 54, 7, 86, 69, 149, 4, 655 >,
 	< 657, 54, 1, 97, 40, 117, 9, 656 >,
 	< 658, 54, 8, 45, 90, 150, 1, 657 >,
 	< 659, 54, 6, 0, 0, 142, 5, 658 >,
 	// order 55
 	< 660, 55, 1, 0, 0, 190, 2, -1 >,
 	< 661, 55, 6, 62, 0, 104, 3, 660 >,
 	< 662, 55, 8, 42, 0, 172, 0, 661 >,
 	< 663, 55, 3, 0, 49, 186, 7, 662 >,
 	< 664, 55, 5, 0, 72, 191, 8, 663 >,
 	< 665, 55, 10, 0, 52, 194, 6, 664 >,
 	< 666, 55, 2, 0, 71, 118, 4, 665 >,
 	< 667, 55, 8, 0, 0, 166, 9, 666 >,
 	< 668, 55, 10, 0, 0, 194, 1, 667 >,
 	< 669, 55, 9, 0, 67, 150, 5, 668 >,
 	< 670, 55, 6, 0, 80, 127, 2, 669 >,
 	< 671, 55, 3, 50, 0, 183, 3, 670 >,
 	// order 56
 	< 672, 56, 5, 45, 0, 113, 0, -1 >,
 	< 673, 56, 1, 65, 0, 158, 7, 672 >,
 	< 674, 56, 2, 89, 38, 130, 8, 673 >,
 	< 675, 56, 6, 0, 0, 111, 6, 674 >,
 	< 676, 56, 2, 0, 0, 181, 4, 675 >,
 	< 677, 56, 1, 53, 0, 198, 9, 676 >,
 	< 678, 56, 4, 93, 69, 187, 1, 677 >,
 	< 679, 56, 7, 38, 0, 187, 5, 678 >,
 	< 680, 56, 10, 62, 51, 158, 2, 679 >,
 	< 681, 56, 7, 71, 79, 148, 3, 680 >,
 	< 682, 56, 1, 74, 0, 156, 0, 681 >,
 	< 683, 56, 5, 0, 0, 175, 7, 682 >,
 	// order 57
 	< 684, 57, 5, 80, 50, 120, 8, -1 >,
 	< 685, 57, 3, 0, 0, 155, 6, 684 >,
 	< 686, 57, 5, 0, 0, 118, 4, 685 >,
 	< 687, 57, 3, 62, 0, 145, 9, 686 >,
 	< 688, 57, 3, 91, 76, 133, 1, 687 >,
 	< 689, 57, 9, 95, 39, 133, 5, 688 >,
 	< 690, 57, 10, 38, 0, 138, 2, 689 >,
 	< 691, 57, 8, 0, 0, 137, 3, 690 >,
 	< 692, 57, 4, 41, 0, 126, 0, 691 >,
 	< 693, 57, 3, 84, 0, 114, 7, 692 >,
 	< 694, 57, 2, 79, 0, 110, 8, 693 >,
 	< 695, 57, 6, 34, 0, 148, 6, 694 >,
 	// order 58
 	< 696, 58, 5, 0, 0, 129, 4, -1 >,
 	< 697, 58, 3, 0, 45, 169, 9, 696 >,
 	< 698, 58, 10, 0, 0, 149, 1, 697 >,
 	< 699, 58, 1, 31, 70, 139, 5, 698 >,
 	< 700, 58, 2, 0, 0, 159, 2, 699 >,
 	< 701, 58, 7, 0, 0, 128, 3, 700 >,
 	< 702, 58, 7, 0, 90, 169, 0, 701 >,
 	< 703, 58, 8, 97, 55, 187, 7, 702 >,
 	< 704, 58, 3, 78, 35, 144, 8, 703 >,
 	< 705, 58, 10, 60, 45, 108, 6, 704 >,
 	< 706, 58, 9, 77, 0, 141, 4, 705 >,
 	< 707, 58, 5, 72, 0, 181, 9, 706 >,
 	// order 59
 	< 708, 59, 2, 44, 33, 148, 1, -1 >,
 	< 709, 59, 6, 38, 76, 184, 5, 708 >,
 	< 710, 59, 4, 60, 96, 115, 2, 709 >,
 	< 711, 59, 7, 0, 77, 145, 3, 710 >,
 	< 712, 59, 10, 0, 31, 144, 0, 711 >,
 	< 713, 59, 2, 46, 72, 140, 7, 712 >,
 	< 714, 59, 7, 52, 0, 139, 8, 713 >,
 	< 715, 59, 5, 0, 0, 150, 6, 714 >,
 	< 716, 59, 4, 0, 0, 160, 4, 715 >,
 	< 717, 59, 1, 91, 0, 162, 9, 716 >,
 	< 718, 59, 10, 0, 66, 139, 1, 717 >,
 	< 719, 59, 3, 40, 0, 109, 5, 718 >,
 	// order 60
 	< 720, 60, 9, 75, 46, 196, 2, -1 >,
 	< 721, 60, 10, 46, 84, 120, 3, 720 >,
 	< 722, 60, 9, 0, 0, 110, 0, 721 >,
 	< 723, 60, 5, 50, 70, 126, 7, 722 >,
 	< 724, 60, 1, 90, 69, 111, 8, 723 >,
 	< 725, 60, 5, 0, 47, 102, 6, 724 >,
 	< 726, 60, 3, 94, 67, 181, 4, 725 >,
 	< 727, 60, 7, 0, 0, 163, 9, 726 >,
 	< 728, 60, 9, 80, 0, 134, 1, 727 >,
 	< 729, 60, 4, 0, 82, 186, 5, 728 >,
 	< 730, 60, 6, 71, 31, 104, 2, 729 >,
 	< 731, 60, 8, 0, 40, 120, 3, 730 >,
 	// order 61
 	< 732, 61, 1, 42, 90, 125, 0, -1 >,
 	< 733, 61, 4, 43, 89, 129, 7, 732 >,
 	< 734, 61, 7, 0, 39, 131, 8, 733 >,
 	< 735, 61, 3, 40, 0, 184, 6, 734 >,
 	< 736, 61, 4, 78, 0, 140, 4, 735 >,
 	< 737, 61, 7, 0, 0, 125, 9, 736 >,
 	< 738, 61, 3, 0, 0, 179, 1, 737 >,
 	< 739, 61, 4, 68, 0, 109, 5, 738 >,
 	< 740, 61, 9, 68, 0, 168, 2, 739 >,
 	< 741, 61, 3, 50, 0, 192, 3, 740 >,
 	< 742, 61, 5, 0, 0, 200, 0, 741 >,
 	< 743, 61, 10, 0, 0, 166, 7, 742 >,
 	// order 62
 	< 744, 62, 10, 90, 64, 111, 8, -1 >,
 	< 745, 62, 5, 41, 0, 144, 6, 744 >,
 	< 746, 62, 5, 84, 77, 125, 4, 745 >,
 	< 747, 62, 5, 0, 0, 185, 9, 746 >,
 	< 748, 62, 5, 0, 0, 143, 1, 747 >,
 	< 749, 62, 6, 35, 0, 112, 5, 748 >,
 	< 750, 62, 5, 44, 70, 168, 2, 749 >,
 	< 751, 62, 3, 0, 0, 143, 3, 750 >,
 	< 752, 62, 8, 0, 0, 176, 0, 751 >,
 	< 753, 62, 9, 53, 60, 142, 7, 752 >,
 	< 754, 62, 8, 95, 87, 153, 8, 753 >,
 	< 755, 62, 7, 49, 61, 132, 6, 754 >,
 	// order 63
 	< 756, 63, 5, 0, 91, 122, 4, -1 >,
 	< 757, 63, 7, 0, 0, 143, 9, 756 >,
 	< 758, 63, 1, 0, 57, 176, 1, 757 >,
 	< 759, 63, 4, 0, 0, 159, 5, 758 >,
 	< 760, 63, 3, 0, 82, 139, 2, 759 >,
 	< 761, 63, 10, 49, 0, 103, 3, 760 >,
 	< 762, 63, 10, 0, 59, 198, 0, 761 >,
 	< 763, 63, 5, 32, 0, 200, 7, 762 >,
 	< 764, 63, 7, 60, 0, 200, 8, 763 >,
 	< 765, 63, 7, 0, 0, 155, 6, 764 >,
 	< 766, 63, 1, 0, 0, 150, 4, 765 >,
 	< 767, 63, 7, 59, 79, 165, 9, 766 >,
 	// order 64
 	< 768, 64, 8, 0, 73, 117, 1, -1 >,
 	< 769, 64, 1, 40, 93, 192, 5, 768 >,
 	< 770, 64, 2, 0, 0, 126, 2, 769 >,
 	< 771, 64, 10, 72, 0, 174, 3, 770 >,
 	< 772, 64, 8, 73, 31, 188, 0, 771 >,
 	< 773, 64, 7, 46, 69, 180, 7, 772 >,
 	< 774, 64, 10, 0, 0, 178, 8, 773 >,
 	< 775, 64, 7, 0, 0, 130, 6, 774 >,
 	< 776, 64, 1, 80, 0, 163, 4, 775 >,
 	< 777, 64, 10, 30, 0, 171, 9, 776 >,
 	< 778, 64, 2, 58, 96, 121, 1, 777 >,
 	< 779, 64, 7, 0, 50, 140, 5, 778 >,
 	// order 65
 	< 780, 65, 10, 99, 0, 112, 2, -1 >,
 	< 781, 65, 2, 33, 0, 131, 3, 780 >,
 	< 782, 65, 6, 0, 78, 117, 0, 781 >,
 	< 783, 65, 9, 0, 0, 107, 7, 782 >,
 	< 784, 65, 1, 83, 73, 173, 8, 783 >,
 	< 785, 65, 4, 61, 0, 117, 6, 784 >,
 	< 786, 65, 5, 0, 93, 112, 4, 785 >,
 	< 787, 65, 7, 88, 87, 188, 9, 786 >,
 	< 788, 65, 10, 57, 65, 142, 1, 787 >,
 	< 789, 65, 3, 57, 0, 113, 5, 788 >,
 	< 790, 65, 6, 0, 42, 137, 2, 789 >,
 	< 791, 65, 4, 81, 0, 150, 3, 790 >,
 	// order 66
 	< 792, 66, 10, 0, 37, 135, 0, -1 >,
 	< 793, 66, 1, 69, 0, 164, 7, 792 >,
 	< 794, 66, 6, 0, 0, 171, 8, 793 >,
 	< 795, 66, 1, 0, 0, 122, 6, 794 >,
 	< 796, 66, 10, 78, 31, 130, 4, 795 >,
 	< 797, 66, 10, 41, 47, 136, 9, 796 >,
 	< 798, 66, 3, 77, 0, 196, 1, 797 >,
 	< 799, 66, 5, 62, 0, 135, 5, 798 >,
 	< 800, 66, 8, 0, 0, 152, 2, 799 >,
 	< 801, 66, 6, 0, 0, 103, 3, 800 >,
 	< 802, 66, 2, 0, 0, 138, 0, 801 >,
 	< 803, 66, 8, 0, 52, 129, 7, 802 >,
 	// order 67
 	< 804, 67, 6, 0, 95, 161, 8, -1 >,
 	< 805, 67, 3, 60, 72, 181, 6, 804 >,
 	< 806, 67, 8, 74, 35, 162, 4, 805 >,
 	< 807, 67, 10, 0, 0, 150, 9, 806 >,
 	< 808, 67, 8, 78, 0, 178, 1, 807 >,
 	< 809, 67, 1, 0, 31, 123, 5, 808 >,
 	< 810, 67, 6, 40, 50, 154, 2, 809 >,
 	< 811, 67, 5, 0, 69, 109, 3, 810 >,
 	< 812, 67, 8, 47, 0, 161, 0, 811 >,
 	< 813, 67, 6, 51, 0, 145, 7, 812 >,
 	< 814, 67, 4, 85, 64, 193, 8, 813 >,
 	< 815, 67, 9, 49, 71, 179, 6, 814 >,
 	// order 68
 	< 816, 68, 4, 0, 0, 141, 4, -1 >,
 	< 817, 68, 8, 0, 43, 187, 9, 816 >,
 	< 818, 68, 6, 59, 31, 143, 1, 817 >,
 	< 819, 68, 9, 0, 0, 131, 5, 818 >,
 	< 820, 68, 6, 85, 0, 171, 2, 819 >,
 	< 821, 68, 4, 0, 73, 162, 3, 820 >,
 	< 822, 68, 3, 90, 98, 130, 0, 821 >,
 	< 823, 68, 1, 0, 0, 190, 7, 822 >,
 	< 824, 68, 5, 97, 85, 108, 8, 823 >,
 	< 825, 68, 4, 63, 0, 197, 6, 824 >,
 	< 826, 68, 7, 57, 0, 192, 4, 825 >,
 	< 827, 68, 6, 0, 0, 103, 9, 826 >,
 	// order 69
 	< 828, 69, 7, 0, 70, 157, 1, -1 >,
 	< 829, 69, 10, 94, 0, 171, 5, 828 >,
 	< 830, 69, 5, 98, 92, 177, 2, 829 >,
 	< 831, 69, 10, 0, 0, 163, 3, 830 >,
 	< 832, 69, 10, 0, 0, 111, 0, 831 >,
 	< 833, 69, 7, 86, 0, 144, 7, 832 >,
 	< 834, 69, 1, 99, 41, 129, 8, 833 >,
 	< 835, 69, 10, 57, 0, 187, 6, 834 >,
 	< 836, 69, 1, 0, 84, 106, 4, 835 >,
 	< 837, 69, 3, 52, 50, 100, 9, 836 >,
 	< 838, 69, 4, 86, 0, 134, 1, 837 >,
 	< 839, 69, 2, 94, 39, 152, 5, 838 >,
 	// order 70
 	< 840, 70, 5, 99, 0, 194, 2, -1 >,
 	< 841, 70, 9, 0, 96, 153, 3, 840 >,
 	< 842, 70, 2, 67, 61, 157, 0, 841 >,
 	< 843, 70, 1, 0, 63, 196, 7, 842 >,
 	< 844, 70, 2, 0, 0, 138, 8, 843 >,
 	< 845, 70, 10, 0, 85, 101, 6, 844 >,
 	< 846, 70, 5, 0, 70, 100, 4, 845 >,
 	< 847, 70, 9, 73, 0, 191, 9, 846 >,
 	< 848, 70, 1, 54, 0, 117, 1, 847 >,
 	< 849, 70, 1, 0, 93, 159, 5, 848 >,
 	< 850, 70, 8, 33, 70, 131, 2, 849 >,
 	< 851, 70, 10, 34, 78, 129, 3, 850 >,
 	// order 71
 	< 852, 71, 2, 33, 0, 182, 0, -1 >,
 	< 853, 71, 10, 73, 60, 101, 7, 852 >,
 	< 854, 71, 1, 0, 0, 181, 8, 853 >,
 	< 855, 71, 6, 0, 0, 170, 6, 854 >,
 	< 856, 71, 6, 0, 0, 125, 4, 855 >,
 	< 857, 71, 10, 0, 0, 100, 9, 856 >,
 	< 858, 71, 7, 43, 56, 122, 1, 857 >,
 	< 859, 71, 8, 0, 0, 141, 5, 858 >,
 	< 860, 71, 1, 0, 0, 200, 2, 859 >,
 	< 861, 71, 3, 53, 33, 125, 3, 860 >,
 	< 862, 71, 2, 55, 0, 172, 0, 861 >,
 	< 863, 71, 3, 0, 0, 197, 7, 862 >,
 	// order 72
 	< 864, 72, 7, 0, 0, 173, 8, -1 >,
 	< 865, 72, 10, 80, 92, 164, 6, 864 >,
 	< 866, 72, 8, 97, 0, 115, 4, 865 >,
 	< 867, 72, 2, 0, 0, 160, 9, 866 >,
 	< 868, 72, 8, 0, 59, 197, 1, 867 >,
 	< 869, 72, 9, 43, 84, 184, 5, 868 >,
 	< 870, 72, 1, 0, 62, 176, 2, 869 >,
 	< 871, 72, 3, 64, 0, 117, 3, 870 >,
 	< 872, 72, 6, 0, 0, 189, 0, 871 >,
 	< 873, 72, 3, 46, 0, 120, 7, 872 >,
 	< 874, 72, 3, 92, 0, 148, 8, 873 >,
 	< 875, 72, 6, 80, 0, 189, 6, 874 >,
 	// order 73
 	< 876, 73, 2, 41, 32, 154, 4, -1 >,
 	< 877, 73, 7, 0, 74, 187, 9, 876 >,
 	< 878, 73, 3, 33, 0, 117, 1, 877 >,
 	< 879, 73, 2, 0, 79, 120, 5, 878 >,
 	< 880, 73, 6, 0, 0, 150, 2, 879 >,
 	< 881, 73, 3, 0, 35, 187, 3, 880 >,
 	< 882, 73, 1, 83, 45, 155, 0, 881 >,
 	< 883, 73, 5, 0, 0, 135, 7, 882 >,
 	< 884, 73, 7, 81, 54, 102, 8, 883 >,
 	< 885, 73, 10, 33, 0, 143, 6, 884 >,
 	< 886, 73, 3, 0, 0, 168, 4, 885 >,
 	< 887, 73, 6, 89, 0, 179, 9, 886 >,
 	// order 74
 	< 888, 74, 4, 100, 73, 127, 1, -1 >,
 	< 889, 74, 5, 0, 92, 175, 5, 888 >,
 	< 890, 74, 8, 0, 0, 107, 2, 889 >,
 	< 891, 74, 7, 69, 63, 131, 3, 890 >,
 	< 892, 74, 4, 84, 0, 174, 0, 891 >,
 	< 893, 74, 5, 0, 78, 199, 7, 892 >,
 	< 894, 74, 6, 0, 32, 166, 8, 893 >,
 	< 895, 74, 6, 0, 34, 153, 6, 894 >,
 	< 896, 74, 10, 42, 77, 120, 4, 895 >,
 	< 897, 74, 1, 0, 0, 167, 9, 896 >,
 	< 898, 74, 1, 90, 0, 192, 1, 897 >,
 	< 899, 74, 4, 0, 0, 189, 5, 898 >,
 	// order 75
 	< 900, 75, 9, 0, 0, 115, 2, -1 >,
 	< 901, 75, 9, 0, 61, 114, 3, 900 >,
 	< 902, 75, 5, 0, 77, 193, 0, 901 >,
 	< 903, 75, 10, 0, 0, 143, 7, 902 >,
 	< 904, 75, 3, 67, 0, 190, 8, 903 >,
 	< 905, 75, 9, 0, 83, 121, 6, 904 >,
 	< 906, 75, 2, 0, 0, 136, 4, 905 >,
 	< 907, 75, 9, 0, 0, 132, 9, 906 >,
 	< 908, 75, 8, 50, 0, 196, 1, 907 >,
 	< 909, 75, 8, 98, 92, 133, 5, 908 >,
 	< 910, 75, 10, 34, 96, 102, 2, 909 >,
 	< 911, 75, 5, 0, 0, 131, 3, 910 >,
 	// order 76
 	< 912, 76, 3, 0, 58, 149, 0, -1 >,
 	< 913, 76, 3, 0, 0, 170, 7, 912 >,
 	< 914, 76, 10, 81, 74, 159, 8, 913 >,
 	< 915, 76, 2, 87, 68, 194, 6, 914 >,
 	< 916, 76, 9, 0, 89, 132, 4, 915 >,
 	< 917, 76, 1, 54, 0, 143, 9, 916 >,
 	< 918, 76, 7, 31, 79, 138, 1, 917 >,
 	< 919, 76, 1, 0, 0, 182, 5, 918 >,
 	< 920, 76, 9, 0, 77, 118, 2, 919 >,
 	< 921, 76, 3, 0, 87, 122, 3, 920 >,
 	< 922, 76, 7, 96, 0, 138, 0, 921 >,
 	< 923, 76, 10, 0, 42, 121, 7, 922 >,
 	// order 77
 	< 924, 77, 5, 55, 0, 101, 8, -1 >,
 	< 925, 77, 1, 37, 83, 180, 6, 924 >,
 	< 926, 77, 4, 0, 37, 157, 4, 925 >,
 	< 927, 77, 2, 76, 0, 165, 9, 926 >,
 	< 928, 77, 7, 37, 34, 179, 1, 927 >,
 	< 929, 77, 7, 0, 39, 144, 5, 928 >,
 	< 930, 77, 4, 0, 0, 104, 2, 929 >,
 	< 931, 77, 10, 76, 0, 168, 3, 930 >,
 	< 932, 77, 4, 0, 0, 143, 0, 931 >,
 	< 933, 77, 4, 0, 0, 127, 7, 932 >,
 	< 934, 77, 9, 48, 39, 157, 8, 933 >,
 	< 935, 77, 8, 0, 0, 167, 6, 934 >,
 	// order 78
 	< 936, 78, 10, 0, 97, 119, 4, -1 >,
 	< 937, 78, 7, 0, 0, 102, 9, 936 >,
 	< 938, 78, 4, 0, 76, 133, 1, 937 >,
 	< 939, 78, 5, 0, 0, 166, 5, 938 >,
 	< 940, 78, 5, 64, 71, 136, 2, 939 >,
 	< 941, 78, 4, 92, 42, 170, 3, 940 >,
 	< 942, 78, 7, 79, 80, 195, 0, 941 >,
 	< 943, 78, 8, 0, 61, 107, 7, 942 >,
 	< 944, 78, 3, 0, 45, 117, 8, 943 >,
 	< 945, 78, 2, 59, 48, 108, 6, 944 >,
 	< 946, 78, 8, 42, 0, 165, 4, 945 >,
 	< 947, 78, 6, 53, 88, 186, 9, 946 >,
 	// order 79
 	< 948, 79, 4, 49, 87, 163, 1, -1 >,
 	< 949, 79, 6, 95, 33, 161, 5, 948 >,
 	< 950, 79, 3, 0, 40, 117, 2, 949 >,
 	< 951, 79, 7, 39, 0, 144, 3, 950 >,
 	< 952, 79, 6, 0, 0, 166, 0, 951 >,
 	< 953, 79, 6, 0, 0, 179, 7, 952 >,
 	< 954, 79, 6, 47, 0, 196, 8, 953 >,
 	< 955, 79, 3, 47, 0, 129, 6, 954 >,
 	< 956, 79, 9, 0, 0, 126, 4, 955 >,
 	< 957, 79, 8, 98, 97, 144, 9, 956 >,
 	< 958, 79, 5, 85, 62, 189, 1, 957 >,
 	< 959, 79, 1, 0, 40, 110, 5, 958 >,
 	// order 80
 	< 960, 80, 3, 39, 0, 133, 2, -1 >,
 	< 961, 80, 4, 67, 0, 120, 3, 960 >,
 	< 962, 80, 10, 0, 48, 126, 0, 961 >,
 	< 963, 80, 1, 0, 0, 117, 7, 962 >,
 	< 964, 80, 7, 54, 54, 188, 8, 963 >,
 	< 965, 80, 10, 97, 0, 111, 6, 964 >,
 	< 966, 80, 8, 0, 0, 119, 4, 965 >,
 	< 967, 80, 7, 44, 57, 159, 9, 966 >,
 	< 968, 80, 2, 0, 0, 124, 1, 967 >,
 	< 969, 80, 6, 0, 0, 143, 5, 968 >,
 	< 970, 80, 3, 86, 75, 145, 2, 969 >,
 	< 971, 80, 3, 89, 60, 140, 3, 970 >,
 	// order 81
 	< 972, 81, 9, 63, 0, 150, 0, -1 >,
 	< 973, 81, 5, 0, 0, 165, 7, 972 >,
 	< 974, 81, 7, 54, 70, 153, 8, 973 >,
 	< 975, 81, 7, 60, 68, 182, 6, 974 >,
 	< 976, 81, 2, 49, 0, 176, 4, 975 >,
 	< 977, 81, 8, 94, 85, 143, 9, 976 >,
 	< 978, 81, 6, 85, 0, 170, 1, 977 >,
 	< 979, 81, 2, 31, 0, 165, 5, 978 >,
 	< 980, 81, 8, 94, 0, 104, 2, 979 >,
 	< 981, 81, 1, 74, 0, 140, 3, 980 >,
 	< 982, 81, 10, 71, 36, 118, 0, 981 >,
 	< 983, 81, 1, 79, 0, 155, 7, 982 >,
 	// order 82
 	< 984, 82, 10, 62, 95, 180, 8, -1 >,
 	< 985, 82, 3, 85, 88, 128, 6, 984 >,
 	< 986, 82, 2, 0, 0, 138, 4, 985 >,
 	< 987, 82, 9, 82, 50, 171, 9, 986 >,
 	< 988, 82, 4, 0, 58, 109, 1, 987 >,
 	< 989, 82, 3, 34, 0, 133, 5, 988 >,
 	< 990, 82, 10, 0, 80, 144, 2, 989 >,
 	< 991, 82, 7, 0, 0, 171, 3, 990 >,
 	< 992, 82, 7, 0, 37, 160, 0, 991 >,
 	< 993, 82, 5, 0, 87, 115, 7, 992 >,
 	< 994, 82, 1, 62, 0, 123, 8, 993 >,
 	< 995, 82, 5, 41, 79, 198, 6, 994 >,
 	// order 83
 	< 996, 83, 5, 78, 0, 135, 4, -1 >,
 	< 997, 83, 1, 63, 46, 159, 9, 996 >,
 	< 998, 83, 5, 0, 63, 167, 1, 997 >,
 	< 999, 83, 4, 0, 84, 132, 5, 998 >,
 	< 1000, 83, 8, 98, 0, 148, 2, 999 >,
 	< 1001, 83, 9, 47, 0, 149, 3, 1000 >,
 	< 1002, 83, 7, 82, 0, 153, 0, 1001 >,
 	< 1003, 83, 1, 48, 0, 183, 7, 1002 >,
 	< 1004, 83, 5, 95, 0, 148, 8, 1003 >,
 	< 1005, 83, 4, 84, 71, 111, 6, 1004 >,
 	< 1006, 83, 6, 76, 87, 171, 4, 1005 >,
 	< 1007, 83, 2, 47, 45, 146, 9, 1006 >,
 	// order 84
 	< 1008, 84, 8, 94, 0, 140, 1, -1 >,
 	< 1009, 84, 10, 84, 75, 194, 5, 1008 >,
 	< 1010, 84, 9, 100, 93, 116, 2, 1009 >,
 	< 1011, 84, 2, 62, 56, 108, 3, 1010 >,
 	< 1012, 84, 7, 0, 0, 172, 0, 1011 >,
 	< 1013, 84, 4, 0, 0, 110, 7, 1012 >,
 	< 1014, 84, 10, 0, 0, 116, 8, 1013 >,
 	< 1015, 84, 5, 94, 0, 182, 6, 1014 >,
 	< 1016, 84, 2, 52, 30, 178, 4, 1015 >,
 	< 1017, 84, 10, 43, 0, 171, 9, 1016 >,
 	< 1018, 84, 1, 0, 70, 138, 1, 1017 >,
 	< 1019, 84, 9, 0, 0, 193, 5, 1018 >,
 	// order 85
 	< 1020, 85, 3, 0, 0, 140, 2, -1 >,
 	< 1021, 85, 6, 0, 58, 182, 3, 1020 >,
 	< 1022, 85, 1, 0, 0, 196, 0, 1021 >,
 	< 1023, 85, 1, 0, 0, 105, 7, 1022 >,
 	< 1024, 85, 3, 51, 94, 113, 8, 1023 >,
 	< 1025, 85, 3, 33, 62, 186, 6, 1024 >,
 	< 1026, 85, 8, 51, 52, 160, 4, 1025 >,
 	< 1027, 85, 9, 95, 0, 200, 9, 1026 >,
 	< 1028, 85, 2, 100, 0, 193, 1, 1027 >,
 	< 1029, 85, 5, 0, 0, 146, 5, 1028 >,
 	< 1030, 85, 6, 0, 75, 103, 2, 1029 >,
 	< 1031, 85, 4, 0, 0, 102, 3, 1030 >,
 	// order 86
 	< 1032, 86, 8, 0, 0, 119, 0, -1 >,
 	< 1033, 86, 6, 0, 0, 100, 7, 1032 >,
 	< 1034, 86, 7, 60, 0, 152, 8, 1033 >,
 	< 1035, 86, 2, 75, 0, 104, 6, 1034 >,
 	< 1036, 86, 10, 0, 0, 124, 4, 1035 >,
 	< 1037, 86, 10, 30, 0, 146, 9, 1036 >,
 	< 1038, 86, 9, 68, 50, 164, 1, 1037 >,
 	< 1039, 86, 6, 0, 90, 194, 5, 1038 >,
 	< 1040, 86, 10, 76, 84, 145, 2, 1039 >,
 	< 1041, 86, 7, 99, 0, 181, 3, 1040 >,
 	< 1042, 86, 1, 52, 0, 119, 0, 1041 >,
 	< 1043, 86, 7, 0, 51, 118, 7, 1042 >,
 	// order 87
 	< 1044, 87, 2, 70, 0, 114, 8, -1 >,
 	< 1045, 87, 7, 0, 100, 192, 6, 1044 >,
 	< 1046, 87, 1, 46, 0, 195, 4, 1045 >,
 	< 1047, 87, 4, 0, 0, 151, 9, 1046 >,
 	< 1048, 87, 3, 0, 0, 125, 1, 1047 >,
 	< 1049, 87, 1, 77, 92, 145, 5, 1048 >,
 	< 1050, 87, 9, 51, 83, 178, 2, 1049 >,
 	< 1051, 87, 4, 0, 74, 177, 3, 1050 >,
 	< 1052, 87, 5, 0, 50, 178, 0, 1051 >,
 	< 1053, 87, 3, 47, 0, 185, 7, 1052 >,
 	< 1054, 87, 3, 0, 0, 106, 8, 1053 >,
 	< 1055, 87, 2, 53, 0, 168, 6, 1054 >,
 	// order 88
 	< 1056, 88, 5, 0, 0, 138, 4, -1 >,
 	< 1057, 88, 2, 0, 45, 148, 9, 1056 >,
 	< 1058, 88, 3, 48, 89, 174, 1, 1057 >,
 	< 1059, 88, 8, 56, 51, 143, 5, 1058 >,
 	< 1060, 88, 1, 0, 0, 160, 2, 1059 >,
 	< 1061, 88, 6, 49, 0, 158, 3, 1060 >,
 	< 1062, 88, 10, 0, 93, 115, 0, 1061 >,
 	< 1063, 88, 8, 0, 89, 111, 7, 1062 >,
 	< 1064, 88, 1, 0, 0, 196, 8, 1063 >,
 	< 1065, 88, 9, 60, 0, 129, 6, 1064 >,
 	< 1066, 88, 3, 0, 0, 136, 4, 1065 >,
 	< 1067, 88, 2, 0, 0, 164, 9, 1066 >,
 	// order 89
 	< 1068, 89, 9, 71, 0, 144, 1, -1 >,
 	< 1069, 89, 8, 53, 76, 194, 5, 1068 >,
 	< 1070, 89, 7, 0, 37, 153, 2, 1069 >,
 	< 1071, 89, 9, 0, 0, 189, 3, 1070 >,
 	< 1072, 89, 5, 30, 0, 157, 0, 1071 >,
 	< 1073, 89, 10, 0, 0, 152, 7, 1072 >,
 	< 1074, 89, 7, 0, 81, 108, 8, 1073 >,
 	< 1075, 89, 4, 48, 74, 129, 6, 1074 >,
 	< 1076, 89, 3, 57, 65, 147, 4, 1075 >,
 	< 1077, 89, 3, 42, 66, 193, 9, 1076 >,
 	< 1078, 89, 9, 43, 0, 177, 1, 1077 >,
 	< 1079, 89, 5, 62, 73, 181, 5, 1078 >,
 	// order 90
 	< 1080, 90, 9, 0, 0, 197, 2, -1 >,
 	< 1081, 90, 10, 0, 0, 127, 3, 1080 >,
 	< 1082, 90, 2, 39, 88, 113, 0, 1081 >,
 	< 1083, 90, 1, 36, 63, 111, 7, 1082 >,
 	< 1084, 90, 7, 0, 0, 181, 8, 1083 >,
 	< 1085, 90, 2, 30, 0, 182, 6, 1084 >,
 	< 1086, 90, 8, 0, 75, 182, 4, 1085 >,
 	< 1087, 90, 6, 44, 55, 151, 9, 1086 >,
 	< 1088, 90, 1, 52, 0, 171, 1, 1087 >,
 	< 1089, 90, 10, 0, 0, 170, 5, 1088 >,
 	< 1090, 90, 9, 83, 0, 150, 2, 1089 >,
 	< 1091, 90, 2, 81, 0, 179, 3, 1090 >,
 	// order 91
 	< 1092, 91, 1, 0, 62, 142, 0, -1 >,
 	< 1093, 91, 5, 0, 30, 156, 7, 1092 >,
 	< 1094, 91, 4, 0, 53, 197, 8, 1093 >,
 	< 1095, 91, 1, 91, 0, 109, 6, 1094 >,
 	< 1096, 91, 3, 87, 100, 199, 4, 1095 >,
 	< 1097, 91, 5, 40, 96, 198, 9, 1096 >,
 	< 1098, 91, 8, 53, 0, 115, 1, 1097 >,
 	< 1099, 91, 2, 89, 0, 193, 5, 1098 >,
 	< 1100, 91, 4, 53, 0, 120, 2, 1099 >,
 	< 1101, 91, 5, 0, 0, 120, 3, 1100 >,
 	< 1102, 91, 8, 57, 66, 140, 0, 1101 >,
 	< 1103, 91, 4, 0, 0, 104, 7, 1102 >,
 	// order 92
 	< 1104, 92, 7, 56, 57, 172, 8, -1 >,
 	< 1105, 92, 9, 0, 94, 181, 6, 1104 >,
 	< 1106, 92, 10, 0, 54, 114, 4, 1105 >,
 	< 1107, 92, 2, 0, 85, 100, 9, 1106 >,
 	< 1108, 92, 7, 60, 0, 145, 1, 1107 >,
 	< 1109, 92, 4, 0, 94, 177, 5, 1108 >,
 	< 1110, 92, 8, 0, 79, 107, 2, 1109 >,
 	< 1111, 92, 10, 0, 77, 135, 3, 1110 >,
 	< 1112, 92, 5, 0, 58, 180, 0, 1111 >,
 	< 1113, 92, 2, 43, 0, 123, 7, 1112 >,
 	< 1114, 92, 2, 76, 0, 102, 8, 1113 >,
 	< 1115, 92, 2, 62, 57, 165, 6, 1114 >,
 	// order 93
 	< 1116, 93, 2, 39, 0, 151, 4, -1 >,
 	< 1117, 93, 6, 0, 0, 114, 9, 1116 >,
 	< 1118, 93, 2, 0, 60, 160, 1, 1117 >,
 	< 1119, 93, 2, 0, 0, 137, 5, 1118 >,
 	< 1120, 93, 3, 31, 0, 168, 2, 1119 >,
 	< 1121, 93, 6, 87, 77, 192, 3, 1120 >,
 	< 1122, 93, 1, 30, 0, 170, 0, 1121 >,
 	< 1123, 93, 3, 58, 0, 128, 7, 1122 >,
 	< 1124, 93, 7, 95, 0, 108, 8, 1123 >,
 	< 1125, 93, 10, 46, 0, 184, 6, 1124 >,
 	< 1126, 93, 1, 36, 79, 163, 4, 1125 >,
 	< 1127, 93, 8, 0, 44, 171, 9, 1126 >,
 	// order 94
 	< 1128, 94, 9, 0, 0, 108, 1, -1 >,
 	< 1129, 94, 6, 0, 81, 138, 5, 1128 >,
 	< 1130, 94, 6, 80, 0, 168, 2, 1129 >,
 	< 1131, 94, 1, 0, 0, 159, 3, 1130 >,
 	< 1132, 94, 7, 71, 0, 185, 0, 1131 >,
 	< 1133, 94, 10, 0, 0, 136, 7, 1132 >,
 	< 1134, 94, 6, 0, 0, 161, 8, 1133 >,
 	< 1135, 94, 9, 0, 86, 121, 6, 1134 >,
 	< 1136, 94, 6, 0, 81, 125, 4, 1135 >,
 	< 1137, 94, 5, 0, 0, 126, 9, 1136 >,
 	< 1138, 94, 3, 0, 72, 154, 1, 1137 >,
 	< 1139, 94, 6, 0, 47, 112, 5, 1138 >,
 	// order 95
 	< 1140, 95, 5, 60, 37, 187, 2, -1 >,
 	< 1141, 95, 1, 96, 94, 160, 3, 1140 >,
 	< 1142, 95, 6, 93, 34, 108, 0, 1141 >,
 	< 1143, 95, 9, 35, 0, 151, 7, 1142 >,
 	< 1144, 95, 7, 63, 0, 199, 8, 1143 >,
 	< 1145, 95, 6, 39, 91, 145, 6, 1144 >,
 	< 1146, 95, 4, 40, 0, 139, 4, 1145 >,
 	< 1147, 95, 9, 0, 39, 144, 9, 1146 >,
 	< 1148, 95, 4, 65, 0, 171, 1, 1147 >,
 	< 1149, 95, 1, 0, 0, 106, 5, 1148 >,
 	< 1150, 95, 6, 0, 0, 102, 2, 1149 >,
 	< 1151, 95, 8, 0, 64, 108, 3, 1150 >,
 	// order 96
 	< 1152, 96, 2, 0, 31, 173, 0, -1 >,
 	< 1153, 96, 1, 45, 0, 188, 7, 1152 >,
 	< 1154, 96, 7, 0, 47, 112, 8, 1153 >,
 	< 1155, 96, 1, 0, 0, 197, 6, 1154 >,
 	< 1156, 96, 3, 0, 58, 174, 4, 1155 >,
 	< 1157, 96, 9, 0, 0, 106, 9, 1156 >,
 	< 1158, 96, 7, 0, 0, 175, 1, 1157 >,
 	< 1159, 96, 4, 0, 36, 168, 5, 1158 >,
 	< 1160, 96, 4, 62, 65, 165, 2, 1159 >,
 	< 1161, 96, 7, 32, 86, 111, 3, 1160 >,
 	< 1162, 96, 10, 0, 78, 118, 0, 1161 >,
 	< 1163, 96, 9, 74, 0, 121, 7, 1162 >,
 	// order 97
 	< 1164, 97, 4, 67, 100, 172, 8, -1 >,
 	< 1165, 97, 10, 60, 32, 139, 6, 1164 >,
 	< 1166, 97, 10, 0, 86, 178, 4, 1165 >,
 	< 1167, 97, 9, 32, 54, 161, 9, 1166 >,
 	< 1168, 97, 10, 93, 0, 106, 1, 1167 >,
 	< 1169, 97, 2, 0, 0, 147, 5, 1168 >,
 	< 1170, 97, 7, 0, 0, 182, 2, 1169 >,
 	< 1171, 97, 10, 76, 83, 137, 3, 1170 >,
 	< 1172, 97, 6, 0, 0, 156, 0, 1171 >,
 	< 1173, 97, 6, 0, 0, 139, 7, 1172 >,
 	< 1174, 97, 1, 88, 61, 105, 8, 1173 >,
 	< 1175, 97, 1, 91, 0, 130, 6, 1174 >,
 	// order 98
 	< 1176, 98, 9, 0, 0, 146, 4, -1 >,
 	< 1177, 98, 6, 90, 78, 181, 9, 1176 >,
 	< 1178, 98, 9, 0, 50, 140, 1, 1177 >,
 	< 1179, 98, 8, 0, 40, 138, 5, 1178 >,
 	< 1180, 98, 2, 86, 0, 133, 2, 1179 >,
 	< 1181, 98, 7, 78, 0, 179, 3, 1180 >,
 	< 1182, 98, 5, 0, 71, 187, 0, 1181 >,
 	< 1183, 98, 10, 0, 67, 182, 7, 1182 >,
 	< 1184, 98, 7, 0, 0, 158, 8, 1183 >,
 	< 1185, 98, 2, 95, 32, 127, 6, 1184 >,
 	< 1186, 98, 7, 81, 43, 199, 4, 1185 >,
 	< 1187, 98, 7, 38, 34, 117, 9, 1186 >,
 	// order 99
 	< 1188, 99, 5, 59, 75, 131, 1, -1 >,
 	< 1189, 99, 5, 0, 0, 155, 5, 1188 >,
 	< 1190, 99, 4, 0, 80, 141, 2, 1189 >,
 	< 1191, 99, 3, 0, 80, 198, 3, 1190 >,
 	< 1192, 99, 7, 0, 0, 169, 0, 1191 >,
 	< 1193, 99, 4, 58, 45, 151, 7, 1192 >,
 	< 1194, 99, 7, 83, 95, 160, 8, 1193 >,
 	< 1195, 99, 2, 0, 73, 127, 6, 1194 >,
 	< 1196, 99, 6, 39, 0, 140, 4, 1195 >,
 	< 1197, 99, 1, 0, 63, 186, 9, 1196 >,
 	< 1198, 99, 4, 0, 0, 153, 1, 1197 >,
 	< 1199, 99, 4, 81, 0, 180, 5, 1198 >
 };
