/*********************************************
 * OPL 12.10.0.0 Data
 * Author: Kinast
 * Creation date: Aug 17, 2021 at 11:49:51 AM
 *********************************************/

 nOrders = 100;
 nTasks = 1200;

 nWorkgroups = 10;
 nWorkstations = 50;

 nCobots = 0;
 cobotTimeFactor = 0.7;

 workstations = {
 	< 0, "Workstation 0", 0, 0.83, 0.83, 1, 1 >,
 	< 1, "Workstation 1", 1, 0.98, 1.01, 1, 1 >,
 	< 2, "Workstation 2", 2, 1.22, 1.2, 1, 1 >,
 	< 3, "Workstation 3", 0, 0.89, 1.13, 1, 4 >,
 	< 4, "Workstation 4", 1, 0.81, 1.23, 1, 1 >,
 	< 5, "Workstation 5", 3, 0.83, 1.04, 1, 2 >,
 	< 6, "Workstation 6", 4, 0.88, 0.87, 1, 1 >,
 	< 7, "Workstation 7", 4, 0.97, 0.97, 1, 1 >,
 	< 8, "Workstation 8", 5, 0.78, 0.94, 1, 1 >,
 	< 9, "Workstation 9", 6, 0.99, 0.87, 1, 1 >,
 	< 10, "Workstation 10", 7, 1.19, 1.07, 1, 4 >,
 	< 11, "Workstation 11", 1, 0.82, 1.06, 1, 1 >,
 	< 12, "Workstation 12", 7, 0.94, 0.87, 1, 1 >,
 	< 13, "Workstation 13", 5, 1.05, 0.79, 1, 2 >,
 	< 14, "Workstation 14", 7, 0.85, 1.02, 1, 1 >,
 	< 15, "Workstation 15", 8, 0.75, 0.86, 1, 1 >,
 	< 16, "Workstation 16", 9, 0.88, 1.11, 1, 1 >,
 	< 17, "Workstation 17", 5, 1.05, 1.11, 1, 5 >,
 	< 18, "Workstation 18", 9, 0.78, 0.87, 1, 1 >,
 	< 19, "Workstation 19", 4, 0.8, 0.93, 1, 4 >,
 	< 20, "Workstation 20", 5, 1.16, 1.07, 1, 1 >,
 	< 21, "Workstation 21", 8, 1.25, 1.12, 1, 1 >,
 	< 22, "Workstation 22", 3, 1.2, 1.03, 1, 1 >,
 	< 23, "Workstation 23", 2, 0.93, 0.81, 1, 3 >,
 	< 24, "Workstation 24", 4, 0.84, 1.09, 1, 5 >,
 	< 25, "Workstation 25", 9, 0.87, 0.81, 1, 1 >,
 	< 26, "Workstation 26", 6, 0.94, 1.23, 1, 1 >,
 	< 27, "Workstation 27", 1, 0.76, 1.08, 1, 5 >,
 	< 28, "Workstation 28", 4, 0.84, 1.15, 1, 1 >,
 	< 29, "Workstation 29", 8, 1.24, 1.14, 1, 2 >,
 	< 30, "Workstation 30", 9, 0.8, 1.12, 1, 5 >,
 	< 31, "Workstation 31", 7, 1.24, 0.86, 1, 1 >,
 	< 32, "Workstation 32", 5, 0.96, 1.15, 1, 1 >,
 	< 33, "Workstation 33", 0, 0.93, 1.14, 1, 1 >,
 	< 34, "Workstation 34", 8, 1.19, 1.03, 1, 2 >,
 	< 35, "Workstation 35", 8, 1.08, 0.81, 1, 3 >,
 	< 36, "Workstation 36", 0, 0.8, 0.87, 1, 1 >,
 	< 37, "Workstation 37", 2, 1.24, 0.79, 1, 1 >,
 	< 38, "Workstation 38", 6, 0.89, 1.11, 1, 5 >,
 	< 39, "Workstation 39", 7, 0.94, 0.92, 1, 1 >,
 	< 40, "Workstation 40", 2, 1.22, 0.83, 1, 1 >,
 	< 41, "Workstation 41", 3, 1.2, 1.14, 1, 1 >,
 	< 42, "Workstation 42", 9, 0.83, 1.24, 1, 1 >,
 	< 43, "Workstation 43", 2, 0.9, 0.84, 1, 2 >,
 	< 44, "Workstation 44", 3, 0.87, 0.75, 1, 1 >,
 	< 45, "Workstation 45", 3, 1.08, 1.14, 1, 1 >,
 	< 46, "Workstation 46", 0, 1.04, 0.95, 1, 3 >,
 	< 47, "Workstation 47", 6, 0.86, 0.84, 1, 5 >,
 	< 48, "Workstation 48", 1, 0.79, 1.11, 1, 1 >,
 	< 49, "Workstation 49", 6, 0.98, 0.83, 1, 1 >
 };

 tasks = {
 	// order 0
 	< 0, 0, 2, 74, 84, 190, 1, -1 >,
 	< 1, 0, 6, 0, 0, 173, 2, 0 >,
 	< 2, 0, 5, 74, 0, 188, 3, 1 >,
 	< 3, 0, 5, 43, 0, 198, 8, 2 >,
 	< 4, 0, 9, 96, 71, 188, 7, 3 >,
 	< 5, 0, 5, 0, 0, 154, 0, 4 >,
 	< 6, 0, 1, 0, 0, 116, 4, 5 >,
 	< 7, 0, 1, 0, 0, 157, 9, 6 >,
 	< 8, 0, 10, 0, 0, 177, 5, 7 >,
 	< 9, 0, 4, 56, 0, 117, 6, 8 >,
 	< 10, 0, 3, 91, 0, 189, 1, 9 >,
 	< 11, 0, 10, 45, 0, 172, 2, 10 >,
 	// order 1
 	< 12, 1, 10, 93, 0, 110, 3, -1 >,
 	< 13, 1, 1, 81, 0, 175, 8, 12 >,
 	< 14, 1, 5, 0, 0, 122, 7, 13 >,
 	< 15, 1, 3, 0, 0, 178, 0, 14 >,
 	< 16, 1, 1, 41, 0, 146, 4, 15 >,
 	< 17, 1, 8, 0, 59, 154, 9, 16 >,
 	< 18, 1, 2, 0, 97, 178, 5, 17 >,
 	< 19, 1, 8, 0, 34, 197, 6, 18 >,
 	< 20, 1, 1, 72, 0, 113, 1, 19 >,
 	< 21, 1, 4, 91, 0, 165, 2, 20 >,
 	< 22, 1, 8, 96, 39, 176, 3, 21 >,
 	< 23, 1, 6, 62, 0, 125, 8, 22 >,
 	// order 2
 	< 24, 2, 3, 44, 30, 107, 7, -1 >,
 	< 25, 2, 6, 81, 69, 116, 0, 24 >,
 	< 26, 2, 1, 55, 38, 122, 4, 25 >,
 	< 27, 2, 1, 55, 84, 174, 9, 26 >,
 	< 28, 2, 5, 0, 87, 102, 5, 27 >,
 	< 29, 2, 2, 42, 80, 188, 6, 28 >,
 	< 30, 2, 1, 0, 0, 112, 1, 29 >,
 	< 31, 2, 4, 0, 0, 139, 2, 30 >,
 	< 32, 2, 8, 0, 0, 190, 3, 31 >,
 	< 33, 2, 1, 87, 0, 133, 8, 32 >,
 	< 34, 2, 4, 0, 60, 188, 7, 33 >,
 	< 35, 2, 5, 0, 38, 171, 0, 34 >,
 	// order 3
 	< 36, 3, 6, 42, 0, 128, 4, -1 >,
 	< 37, 3, 4, 49, 77, 109, 9, 36 >,
 	< 38, 3, 8, 35, 0, 103, 5, 37 >,
 	< 39, 3, 6, 57, 32, 121, 6, 38 >,
 	< 40, 3, 8, 0, 77, 182, 1, 39 >,
 	< 41, 3, 5, 0, 52, 140, 2, 40 >,
 	< 42, 3, 2, 81, 69, 186, 3, 41 >,
 	< 43, 3, 3, 45, 0, 126, 8, 42 >,
 	< 44, 3, 8, 0, 59, 183, 7, 43 >,
 	< 45, 3, 1, 98, 0, 134, 0, 44 >,
 	< 46, 3, 2, 54, 83, 157, 4, 45 >,
 	< 47, 3, 7, 56, 0, 162, 9, 46 >,
 	// order 4
 	< 48, 4, 4, 71, 0, 134, 5, -1 >,
 	< 49, 4, 6, 0, 83, 183, 6, 48 >,
 	< 50, 4, 8, 97, 42, 120, 1, 49 >,
 	< 51, 4, 3, 58, 0, 197, 2, 50 >,
 	< 52, 4, 2, 0, 89, 138, 3, 51 >,
 	< 53, 4, 10, 50, 32, 185, 8, 52 >,
 	< 54, 4, 5, 59, 31, 114, 7, 53 >,
 	< 55, 4, 5, 0, 0, 131, 0, 54 >,
 	< 56, 4, 4, 64, 0, 139, 4, 55 >,
 	< 57, 4, 9, 56, 0, 152, 9, 56 >,
 	< 58, 4, 10, 76, 0, 164, 5, 57 >,
 	< 59, 4, 6, 0, 71, 170, 6, 58 >,
 	// order 5
 	< 60, 5, 4, 0, 90, 109, 1, -1 >,
 	< 61, 5, 4, 75, 0, 111, 2, 60 >,
 	< 62, 5, 6, 32, 84, 154, 3, 61 >,
 	< 63, 5, 6, 100, 0, 121, 8, 62 >,
 	< 64, 5, 10, 0, 92, 177, 7, 63 >,
 	< 65, 5, 10, 0, 60, 170, 0, 64 >,
 	< 66, 5, 6, 76, 47, 173, 4, 65 >,
 	< 67, 5, 7, 0, 0, 136, 9, 66 >,
 	< 68, 5, 10, 0, 0, 100, 5, 67 >,
 	< 69, 5, 1, 100, 0, 109, 6, 68 >,
 	< 70, 5, 1, 99, 64, 144, 1, 69 >,
 	< 71, 5, 9, 0, 52, 132, 2, 70 >,
 	// order 6
 	< 72, 6, 3, 84, 0, 200, 3, -1 >,
 	< 73, 6, 1, 0, 66, 182, 8, 72 >,
 	< 74, 6, 9, 94, 48, 174, 7, 73 >,
 	< 75, 6, 1, 87, 0, 200, 0, 74 >,
 	< 76, 6, 9, 54, 68, 138, 4, 75 >,
 	< 77, 6, 2, 56, 0, 166, 9, 76 >,
 	< 78, 6, 8, 34, 0, 141, 5, 77 >,
 	< 79, 6, 9, 0, 0, 127, 6, 78 >,
 	< 80, 6, 3, 49, 0, 106, 1, 79 >,
 	< 81, 6, 1, 45, 90, 175, 2, 80 >,
 	< 82, 6, 2, 0, 0, 147, 3, 81 >,
 	< 83, 6, 10, 0, 0, 145, 8, 82 >,
 	// order 7
 	< 84, 7, 7, 0, 0, 114, 7, -1 >,
 	< 85, 7, 4, 0, 40, 167, 0, 84 >,
 	< 86, 7, 1, 0, 0, 151, 4, 85 >,
 	< 87, 7, 8, 79, 67, 114, 9, 86 >,
 	< 88, 7, 9, 0, 97, 182, 5, 87 >,
 	< 89, 7, 6, 64, 60, 159, 6, 88 >,
 	< 90, 7, 3, 0, 0, 156, 1, 89 >,
 	< 91, 7, 5, 0, 0, 175, 2, 90 >,
 	< 92, 7, 10, 37, 38, 116, 3, 91 >,
 	< 93, 7, 4, 46, 0, 134, 8, 92 >,
 	< 94, 7, 7, 59, 0, 157, 7, 93 >,
 	< 95, 7, 10, 0, 0, 136, 0, 94 >,
 	// order 8
 	< 96, 8, 7, 81, 0, 171, 4, -1 >,
 	< 97, 8, 1, 53, 97, 134, 9, 96 >,
 	< 98, 8, 8, 42, 40, 179, 5, 97 >,
 	< 99, 8, 6, 0, 62, 188, 6, 98 >,
 	< 100, 8, 5, 0, 0, 181, 1, 99 >,
 	< 101, 8, 1, 81, 70, 139, 2, 100 >,
 	< 102, 8, 9, 38, 0, 127, 3, 101 >,
 	< 103, 8, 7, 0, 0, 138, 8, 102 >,
 	< 104, 8, 1, 49, 0, 157, 7, 103 >,
 	< 105, 8, 1, 0, 38, 179, 0, 104 >,
 	< 106, 8, 5, 62, 83, 116, 4, 105 >,
 	< 107, 8, 7, 0, 32, 193, 9, 106 >,
 	// order 9
 	< 108, 9, 6, 0, 0, 195, 5, -1 >,
 	< 109, 9, 10, 33, 0, 187, 6, 108 >,
 	< 110, 9, 2, 0, 0, 140, 1, 109 >,
 	< 111, 9, 5, 0, 0, 100, 2, 110 >,
 	< 112, 9, 7, 78, 0, 160, 3, 111 >,
 	< 113, 9, 1, 0, 57, 184, 8, 112 >,
 	< 114, 9, 4, 0, 59, 131, 7, 113 >,
 	< 115, 9, 1, 0, 0, 171, 0, 114 >,
 	< 116, 9, 9, 0, 43, 131, 4, 115 >,
 	< 117, 9, 5, 0, 37, 113, 9, 116 >,
 	< 118, 9, 1, 0, 97, 164, 5, 117 >,
 	< 119, 9, 7, 0, 0, 189, 6, 118 >,
 	// order 10
 	< 120, 10, 10, 0, 0, 111, 1, -1 >,
 	< 121, 10, 6, 0, 46, 124, 2, 120 >,
 	< 122, 10, 7, 0, 0, 196, 3, 121 >,
 	< 123, 10, 10, 0, 0, 188, 8, 122 >,
 	< 124, 10, 10, 55, 54, 132, 7, 123 >,
 	< 125, 10, 1, 53, 0, 171, 0, 124 >,
 	< 126, 10, 2, 85, 0, 166, 4, 125 >,
 	< 127, 10, 6, 0, 76, 100, 9, 126 >,
 	< 128, 10, 1, 0, 47, 101, 5, 127 >,
 	< 129, 10, 10, 0, 36, 153, 6, 128 >,
 	< 130, 10, 3, 84, 70, 200, 1, 129 >,
 	< 131, 10, 4, 82, 0, 141, 2, 130 >,
 	// order 11
 	< 132, 11, 3, 100, 0, 124, 3, -1 >,
 	< 133, 11, 10, 83, 0, 153, 8, 132 >,
 	< 134, 11, 8, 91, 57, 174, 7, 133 >,
 	< 135, 11, 4, 0, 0, 194, 0, 134 >,
 	< 136, 11, 10, 0, 60, 153, 4, 135 >,
 	< 137, 11, 3, 0, 77, 126, 9, 136 >,
 	< 138, 11, 8, 61, 90, 151, 5, 137 >,
 	< 139, 11, 7, 0, 36, 124, 6, 138 >,
 	< 140, 11, 10, 100, 98, 189, 1, 139 >,
 	< 141, 11, 8, 0, 0, 197, 2, 140 >,
 	< 142, 11, 4, 0, 0, 143, 3, 141 >,
 	< 143, 11, 10, 69, 31, 179, 8, 142 >,
 	// order 12
 	< 144, 12, 3, 0, 0, 174, 7, -1 >,
 	< 145, 12, 9, 0, 0, 104, 0, 144 >,
 	< 146, 12, 9, 0, 0, 156, 4, 145 >,
 	< 147, 12, 3, 32, 87, 189, 9, 146 >,
 	< 148, 12, 6, 0, 0, 141, 5, 147 >,
 	< 149, 12, 5, 0, 0, 148, 6, 148 >,
 	< 150, 12, 2, 0, 75, 107, 1, 149 >,
 	< 151, 12, 7, 51, 91, 160, 2, 150 >,
 	< 152, 12, 3, 83, 80, 131, 3, 151 >,
 	< 153, 12, 2, 84, 0, 159, 8, 152 >,
 	< 154, 12, 4, 0, 0, 168, 7, 153 >,
 	< 155, 12, 10, 60, 78, 182, 0, 154 >,
 	// order 13
 	< 156, 13, 3, 0, 0, 111, 4, -1 >,
 	< 157, 13, 2, 0, 0, 155, 9, 156 >,
 	< 158, 13, 9, 79, 0, 193, 5, 157 >,
 	< 159, 13, 6, 0, 82, 164, 6, 158 >,
 	< 160, 13, 2, 0, 0, 171, 1, 159 >,
 	< 161, 13, 4, 84, 0, 159, 2, 160 >,
 	< 162, 13, 4, 35, 40, 118, 3, 161 >,
 	< 163, 13, 8, 52, 64, 153, 8, 162 >,
 	< 164, 13, 1, 0, 0, 197, 7, 163 >,
 	< 165, 13, 3, 45, 64, 147, 0, 164 >,
 	< 166, 13, 2, 86, 59, 132, 4, 165 >,
 	< 167, 13, 6, 0, 0, 134, 9, 166 >,
 	// order 14
 	< 168, 14, 9, 74, 80, 107, 5, -1 >,
 	< 169, 14, 6, 40, 92, 108, 6, 168 >,
 	< 170, 14, 3, 0, 0, 116, 1, 169 >,
 	< 171, 14, 3, 36, 68, 183, 2, 170 >,
 	< 172, 14, 2, 61, 0, 108, 3, 171 >,
 	< 173, 14, 5, 62, 0, 127, 8, 172 >,
 	< 174, 14, 3, 0, 60, 148, 7, 173 >,
 	< 175, 14, 4, 0, 0, 135, 0, 174 >,
 	< 176, 14, 3, 0, 72, 110, 4, 175 >,
 	< 177, 14, 7, 80, 0, 107, 9, 176 >,
 	< 178, 14, 9, 83, 98, 154, 5, 177 >,
 	< 179, 14, 8, 0, 100, 112, 6, 178 >,
 	// order 15
 	< 180, 15, 3, 40, 88, 109, 1, -1 >,
 	< 181, 15, 4, 78, 65, 194, 2, 180 >,
 	< 182, 15, 4, 0, 0, 118, 3, 181 >,
 	< 183, 15, 4, 0, 0, 140, 8, 182 >,
 	< 184, 15, 8, 56, 52, 152, 7, 183 >,
 	< 185, 15, 4, 93, 90, 168, 0, 184 >,
 	< 186, 15, 2, 0, 0, 171, 4, 185 >,
 	< 187, 15, 8, 50, 51, 110, 9, 186 >,
 	< 188, 15, 6, 0, 0, 102, 5, 187 >,
 	< 189, 15, 5, 0, 55, 137, 6, 188 >,
 	< 190, 15, 2, 0, 59, 170, 1, 189 >,
 	< 191, 15, 4, 50, 0, 175, 2, 190 >,
 	// order 16
 	< 192, 16, 7, 94, 0, 183, 3, -1 >,
 	< 193, 16, 8, 0, 0, 172, 8, 192 >,
 	< 194, 16, 5, 0, 0, 184, 7, 193 >,
 	< 195, 16, 1, 97, 0, 130, 0, 194 >,
 	< 196, 16, 3, 0, 45, 153, 4, 195 >,
 	< 197, 16, 5, 68, 88, 133, 9, 196 >,
 	< 198, 16, 4, 0, 100, 186, 5, 197 >,
 	< 199, 16, 7, 0, 36, 149, 6, 198 >,
 	< 200, 16, 3, 0, 0, 183, 1, 199 >,
 	< 201, 16, 10, 0, 0, 129, 2, 200 >,
 	< 202, 16, 6, 82, 0, 122, 3, 201 >,
 	< 203, 16, 1, 0, 58, 118, 8, 202 >,
 	// order 17
 	< 204, 17, 6, 0, 0, 120, 7, -1 >,
 	< 205, 17, 3, 53, 0, 166, 0, 204 >,
 	< 206, 17, 1, 59, 0, 129, 4, 205 >,
 	< 207, 17, 2, 32, 75, 139, 9, 206 >,
 	< 208, 17, 6, 0, 48, 106, 5, 207 >,
 	< 209, 17, 1, 50, 0, 170, 6, 208 >,
 	< 210, 17, 8, 49, 0, 116, 1, 209 >,
 	< 211, 17, 8, 0, 0, 200, 2, 210 >,
 	< 212, 17, 3, 0, 55, 104, 3, 211 >,
 	< 213, 17, 4, 0, 62, 197, 8, 212 >,
 	< 214, 17, 5, 55, 0, 101, 7, 213 >,
 	< 215, 17, 6, 0, 31, 114, 0, 214 >,
 	// order 18
 	< 216, 18, 3, 0, 0, 113, 4, -1 >,
 	< 217, 18, 10, 0, 0, 113, 9, 216 >,
 	< 218, 18, 1, 0, 0, 160, 5, 217 >,
 	< 219, 18, 10, 57, 87, 101, 6, 218 >,
 	< 220, 18, 6, 98, 0, 113, 1, 219 >,
 	< 221, 18, 4, 82, 0, 170, 2, 220 >,
 	< 222, 18, 3, 32, 43, 190, 3, 221 >,
 	< 223, 18, 8, 63, 58, 179, 8, 222 >,
 	< 224, 18, 3, 71, 0, 156, 7, 223 >,
 	< 225, 18, 9, 68, 39, 178, 0, 224 >,
 	< 226, 18, 1, 0, 0, 117, 4, 225 >,
 	< 227, 18, 9, 0, 66, 122, 9, 226 >,
 	// order 19
 	< 228, 19, 9, 0, 57, 108, 5, -1 >,
 	< 229, 19, 5, 0, 0, 110, 6, 228 >,
 	< 230, 19, 6, 0, 0, 161, 1, 229 >,
 	< 231, 19, 8, 30, 86, 177, 2, 230 >,
 	< 232, 19, 9, 93, 39, 185, 3, 231 >,
 	< 233, 19, 10, 38, 92, 164, 8, 232 >,
 	< 234, 19, 8, 0, 0, 197, 7, 233 >,
 	< 235, 19, 10, 0, 0, 124, 0, 234 >,
 	< 236, 19, 2, 0, 60, 135, 4, 235 >,
 	< 237, 19, 8, 64, 0, 139, 9, 236 >,
 	< 238, 19, 2, 61, 78, 145, 5, 237 >,
 	< 239, 19, 10, 0, 68, 114, 6, 238 >,
 	// order 20
 	< 240, 20, 7, 0, 0, 123, 1, -1 >,
 	< 241, 20, 9, 31, 0, 181, 2, 240 >,
 	< 242, 20, 8, 75, 74, 143, 3, 241 >,
 	< 243, 20, 10, 0, 0, 142, 8, 242 >,
 	< 244, 20, 3, 0, 0, 174, 7, 243 >,
 	< 245, 20, 6, 43, 61, 173, 0, 244 >,
 	< 246, 20, 1, 0, 0, 167, 4, 245 >,
 	< 247, 20, 1, 0, 0, 149, 9, 246 >,
 	< 248, 20, 3, 0, 0, 160, 5, 247 >,
 	< 249, 20, 1, 77, 0, 135, 6, 248 >,
 	< 250, 20, 9, 0, 0, 154, 1, 249 >,
 	< 251, 20, 5, 0, 0, 131, 2, 250 >,
 	// order 21
 	< 252, 21, 7, 0, 88, 135, 3, -1 >,
 	< 253, 21, 7, 70, 84, 125, 8, 252 >,
 	< 254, 21, 6, 62, 0, 133, 7, 253 >,
 	< 255, 21, 5, 0, 0, 137, 0, 254 >,
 	< 256, 21, 7, 0, 35, 130, 4, 255 >,
 	< 257, 21, 6, 0, 43, 118, 9, 256 >,
 	< 258, 21, 6, 0, 0, 136, 5, 257 >,
 	< 259, 21, 5, 0, 77, 185, 6, 258 >,
 	< 260, 21, 8, 0, 0, 135, 1, 259 >,
 	< 261, 21, 9, 0, 56, 142, 2, 260 >,
 	< 262, 21, 2, 38, 0, 100, 3, 261 >,
 	< 263, 21, 10, 50, 64, 152, 8, 262 >,
 	// order 22
 	< 264, 22, 9, 0, 0, 138, 7, -1 >,
 	< 265, 22, 6, 0, 65, 163, 0, 264 >,
 	< 266, 22, 1, 0, 83, 141, 4, 265 >,
 	< 267, 22, 3, 0, 32, 184, 9, 266 >,
 	< 268, 22, 7, 41, 57, 126, 5, 267 >,
 	< 269, 22, 1, 0, 0, 110, 6, 268 >,
 	< 270, 22, 7, 0, 34, 114, 1, 269 >,
 	< 271, 22, 1, 0, 76, 184, 2, 270 >,
 	< 272, 22, 7, 45, 56, 114, 3, 271 >,
 	< 273, 22, 2, 0, 86, 180, 8, 272 >,
 	< 274, 22, 1, 0, 88, 194, 7, 273 >,
 	< 275, 22, 7, 0, 38, 145, 0, 274 >,
 	// order 23
 	< 276, 23, 8, 0, 0, 195, 4, -1 >,
 	< 277, 23, 10, 0, 73, 139, 9, 276 >,
 	< 278, 23, 8, 0, 44, 114, 5, 277 >,
 	< 279, 23, 1, 0, 0, 151, 6, 278 >,
 	< 280, 23, 3, 0, 74, 167, 1, 279 >,
 	< 281, 23, 4, 91, 47, 121, 2, 280 >,
 	< 282, 23, 4, 32, 57, 192, 3, 281 >,
 	< 283, 23, 3, 86, 0, 167, 8, 282 >,
 	< 284, 23, 5, 57, 0, 160, 7, 283 >,
 	< 285, 23, 2, 0, 85, 157, 0, 284 >,
 	< 286, 23, 3, 77, 0, 174, 4, 285 >,
 	< 287, 23, 2, 35, 0, 105, 9, 286 >,
 	// order 24
 	< 288, 24, 8, 0, 0, 103, 5, -1 >,
 	< 289, 24, 9, 0, 0, 182, 6, 288 >,
 	< 290, 24, 3, 67, 34, 157, 1, 289 >,
 	< 291, 24, 7, 47, 80, 148, 2, 290 >,
 	< 292, 24, 9, 0, 0, 164, 3, 291 >,
 	< 293, 24, 1, 55, 76, 177, 8, 292 >,
 	< 294, 24, 7, 62, 0, 194, 7, 293 >,
 	< 295, 24, 10, 0, 0, 119, 0, 294 >,
 	< 296, 24, 5, 46, 0, 103, 4, 295 >,
 	< 297, 24, 1, 93, 0, 136, 9, 296 >,
 	< 298, 24, 8, 30, 0, 186, 5, 297 >,
 	< 299, 24, 3, 100, 96, 184, 6, 298 >,
 	// order 25
 	< 300, 25, 9, 41, 0, 111, 1, -1 >,
 	< 301, 25, 8, 0, 74, 168, 2, 300 >,
 	< 302, 25, 7, 61, 0, 179, 3, 301 >,
 	< 303, 25, 6, 61, 61, 108, 8, 302 >,
 	< 304, 25, 3, 0, 91, 162, 7, 303 >,
 	< 305, 25, 4, 41, 0, 200, 0, 304 >,
 	< 306, 25, 6, 0, 0, 161, 4, 305 >,
 	< 307, 25, 8, 0, 95, 126, 9, 306 >,
 	< 308, 25, 6, 0, 0, 168, 5, 307 >,
 	< 309, 25, 2, 0, 35, 106, 6, 308 >,
 	< 310, 25, 7, 69, 0, 150, 1, 309 >,
 	< 311, 25, 8, 83, 0, 159, 2, 310 >,
 	// order 26
 	< 312, 26, 5, 0, 66, 134, 3, -1 >,
 	< 313, 26, 7, 0, 0, 109, 8, 312 >,
 	< 314, 26, 7, 0, 78, 152, 7, 313 >,
 	< 315, 26, 4, 91, 63, 172, 0, 314 >,
 	< 316, 26, 9, 0, 0, 155, 4, 315 >,
 	< 317, 26, 6, 0, 0, 140, 9, 316 >,
 	< 318, 26, 10, 34, 0, 178, 5, 317 >,
 	< 319, 26, 4, 0, 99, 171, 6, 318 >,
 	< 320, 26, 2, 37, 63, 140, 1, 319 >,
 	< 321, 26, 1, 0, 0, 103, 2, 320 >,
 	< 322, 26, 9, 93, 49, 157, 3, 321 >,
 	< 323, 26, 8, 0, 0, 199, 8, 322 >,
 	// order 27
 	< 324, 27, 10, 0, 0, 165, 7, -1 >,
 	< 325, 27, 6, 0, 98, 176, 0, 324 >,
 	< 326, 27, 4, 0, 0, 196, 4, 325 >,
 	< 327, 27, 2, 63, 54, 159, 9, 326 >,
 	< 328, 27, 10, 0, 0, 200, 5, 327 >,
 	< 329, 27, 5, 54, 53, 175, 6, 328 >,
 	< 330, 27, 3, 99, 100, 174, 1, 329 >,
 	< 331, 27, 1, 62, 99, 180, 2, 330 >,
 	< 332, 27, 1, 0, 96, 135, 3, 331 >,
 	< 333, 27, 7, 33, 97, 138, 8, 332 >,
 	< 334, 27, 9, 0, 68, 105, 7, 333 >,
 	< 335, 27, 9, 0, 0, 179, 0, 334 >,
 	// order 28
 	< 336, 28, 3, 0, 76, 111, 4, -1 >,
 	< 337, 28, 8, 59, 80, 115, 9, 336 >,
 	< 338, 28, 5, 37, 0, 110, 5, 337 >,
 	< 339, 28, 1, 0, 0, 174, 6, 338 >,
 	< 340, 28, 10, 0, 47, 126, 1, 339 >,
 	< 341, 28, 2, 64, 0, 101, 2, 340 >,
 	< 342, 28, 10, 0, 43, 152, 3, 341 >,
 	< 343, 28, 9, 53, 76, 164, 8, 342 >,
 	< 344, 28, 4, 0, 0, 180, 7, 343 >,
 	< 345, 28, 10, 0, 0, 111, 0, 344 >,
 	< 346, 28, 5, 0, 0, 185, 4, 345 >,
 	< 347, 28, 6, 30, 0, 131, 9, 346 >,
 	// order 29
 	< 348, 29, 4, 38, 0, 121, 5, -1 >,
 	< 349, 29, 7, 84, 60, 159, 6, 348 >,
 	< 350, 29, 6, 0, 77, 157, 1, 349 >,
 	< 351, 29, 2, 89, 62, 130, 2, 350 >,
 	< 352, 29, 9, 56, 98, 158, 3, 351 >,
 	< 353, 29, 6, 0, 0, 152, 8, 352 >,
 	< 354, 29, 7, 0, 88, 153, 7, 353 >,
 	< 355, 29, 2, 0, 51, 102, 0, 354 >,
 	< 356, 29, 3, 64, 37, 137, 4, 355 >,
 	< 357, 29, 7, 0, 0, 118, 9, 356 >,
 	< 358, 29, 2, 0, 36, 110, 5, 357 >,
 	< 359, 29, 7, 0, 0, 164, 6, 358 >,
 	// order 30
 	< 360, 30, 3, 0, 33, 107, 1, -1 >,
 	< 361, 30, 9, 82, 33, 196, 2, 360 >,
 	< 362, 30, 6, 0, 60, 106, 3, 361 >,
 	< 363, 30, 1, 0, 77, 159, 8, 362 >,
 	< 364, 30, 9, 0, 43, 135, 7, 363 >,
 	< 365, 30, 2, 89, 94, 103, 0, 364 >,
 	< 366, 30, 7, 0, 0, 180, 4, 365 >,
 	< 367, 30, 7, 59, 46, 163, 9, 366 >,
 	< 368, 30, 9, 0, 0, 166, 5, 367 >,
 	< 369, 30, 2, 60, 0, 102, 6, 368 >,
 	< 370, 30, 7, 0, 33, 131, 1, 369 >,
 	< 371, 30, 10, 91, 79, 126, 2, 370 >,
 	// order 31
 	< 372, 31, 10, 0, 0, 192, 3, -1 >,
 	< 373, 31, 9, 63, 55, 131, 8, 372 >,
 	< 374, 31, 6, 0, 0, 196, 7, 373 >,
 	< 375, 31, 1, 0, 0, 153, 0, 374 >,
 	< 376, 31, 3, 0, 0, 180, 4, 375 >,
 	< 377, 31, 7, 0, 94, 114, 9, 376 >,
 	< 378, 31, 8, 96, 79, 101, 5, 377 >,
 	< 379, 31, 10, 81, 0, 153, 6, 378 >,
 	< 380, 31, 9, 0, 0, 180, 1, 379 >,
 	< 381, 31, 7, 30, 0, 133, 2, 380 >,
 	< 382, 31, 1, 0, 59, 134, 3, 381 >,
 	< 383, 31, 6, 0, 0, 111, 8, 382 >,
 	// order 32
 	< 384, 32, 5, 47, 77, 171, 7, -1 >,
 	< 385, 32, 9, 0, 0, 190, 0, 384 >,
 	< 386, 32, 1, 0, 0, 132, 4, 385 >,
 	< 387, 32, 10, 80, 99, 137, 9, 386 >,
 	< 388, 32, 2, 51, 0, 157, 5, 387 >,
 	< 389, 32, 1, 93, 69, 118, 6, 388 >,
 	< 390, 32, 7, 72, 0, 128, 1, 389 >,
 	< 391, 32, 3, 77, 100, 125, 2, 390 >,
 	< 392, 32, 3, 0, 0, 188, 3, 391 >,
 	< 393, 32, 9, 100, 74, 166, 8, 392 >,
 	< 394, 32, 4, 100, 0, 151, 7, 393 >,
 	< 395, 32, 9, 0, 44, 191, 0, 394 >,
 	// order 33
 	< 396, 33, 9, 80, 0, 157, 4, -1 >,
 	< 397, 33, 7, 0, 68, 184, 9, 396 >,
 	< 398, 33, 2, 0, 0, 187, 5, 397 >,
 	< 399, 33, 7, 0, 0, 170, 6, 398 >,
 	< 400, 33, 2, 93, 96, 153, 1, 399 >,
 	< 401, 33, 4, 0, 92, 177, 2, 400 >,
 	< 402, 33, 4, 33, 0, 108, 3, 401 >,
 	< 403, 33, 4, 0, 0, 192, 8, 402 >,
 	< 404, 33, 4, 0, 54, 105, 7, 403 >,
 	< 405, 33, 8, 0, 0, 133, 0, 404 >,
 	< 406, 33, 2, 51, 77, 143, 4, 405 >,
 	< 407, 33, 7, 0, 96, 118, 9, 406 >,
 	// order 34
 	< 408, 34, 1, 0, 0, 111, 5, -1 >,
 	< 409, 34, 9, 0, 0, 113, 6, 408 >,
 	< 410, 34, 9, 0, 0, 127, 1, 409 >,
 	< 411, 34, 9, 0, 0, 198, 2, 410 >,
 	< 412, 34, 7, 92, 0, 105, 3, 411 >,
 	< 413, 34, 3, 64, 0, 146, 8, 412 >,
 	< 414, 34, 6, 74, 35, 142, 7, 413 >,
 	< 415, 34, 5, 0, 94, 119, 0, 414 >,
 	< 416, 34, 9, 0, 61, 134, 4, 415 >,
 	< 417, 34, 2, 0, 62, 150, 9, 416 >,
 	< 418, 34, 7, 0, 0, 104, 5, 417 >,
 	< 419, 34, 5, 0, 39, 179, 6, 418 >,
 	// order 35
 	< 420, 35, 6, 98, 0, 157, 1, -1 >,
 	< 421, 35, 6, 34, 0, 107, 2, 420 >,
 	< 422, 35, 8, 50, 0, 178, 3, 421 >,
 	< 423, 35, 8, 0, 80, 172, 8, 422 >,
 	< 424, 35, 2, 90, 98, 192, 7, 423 >,
 	< 425, 35, 6, 0, 73, 136, 0, 424 >,
 	< 426, 35, 8, 0, 0, 137, 4, 425 >,
 	< 427, 35, 7, 32, 0, 194, 9, 426 >,
 	< 428, 35, 9, 0, 69, 168, 5, 427 >,
 	< 429, 35, 10, 0, 77, 126, 6, 428 >,
 	< 430, 35, 4, 0, 0, 141, 1, 429 >,
 	< 431, 35, 7, 79, 0, 146, 2, 430 >,
 	// order 36
 	< 432, 36, 7, 54, 0, 160, 3, -1 >,
 	< 433, 36, 8, 0, 45, 111, 8, 432 >,
 	< 434, 36, 2, 33, 84, 190, 7, 433 >,
 	< 435, 36, 1, 50, 0, 106, 0, 434 >,
 	< 436, 36, 6, 64, 0, 124, 4, 435 >,
 	< 437, 36, 3, 77, 0, 164, 9, 436 >,
 	< 438, 36, 10, 71, 99, 147, 5, 437 >,
 	< 439, 36, 8, 0, 71, 139, 6, 438 >,
 	< 440, 36, 2, 68, 0, 132, 1, 439 >,
 	< 441, 36, 5, 0, 78, 174, 2, 440 >,
 	< 442, 36, 4, 0, 0, 109, 3, 441 >,
 	< 443, 36, 3, 87, 0, 144, 8, 442 >,
 	// order 37
 	< 444, 37, 5, 90, 0, 116, 7, -1 >,
 	< 445, 37, 4, 0, 85, 142, 0, 444 >,
 	< 446, 37, 3, 62, 0, 167, 4, 445 >,
 	< 447, 37, 5, 0, 40, 193, 9, 446 >,
 	< 448, 37, 9, 0, 0, 169, 5, 447 >,
 	< 449, 37, 9, 53, 0, 160, 6, 448 >,
 	< 450, 37, 8, 99, 58, 113, 1, 449 >,
 	< 451, 37, 6, 0, 0, 138, 2, 450 >,
 	< 452, 37, 1, 64, 36, 148, 3, 451 >,
 	< 453, 37, 10, 88, 78, 113, 8, 452 >,
 	< 454, 37, 10, 59, 40, 169, 7, 453 >,
 	< 455, 37, 2, 73, 49, 135, 0, 454 >,
 	// order 38
 	< 456, 38, 1, 46, 34, 130, 4, -1 >,
 	< 457, 38, 2, 0, 69, 111, 9, 456 >,
 	< 458, 38, 1, 0, 33, 120, 5, 457 >,
 	< 459, 38, 10, 66, 0, 191, 6, 458 >,
 	< 460, 38, 7, 51, 0, 181, 1, 459 >,
 	< 461, 38, 10, 39, 84, 104, 2, 460 >,
 	< 462, 38, 6, 0, 50, 125, 3, 461 >,
 	< 463, 38, 1, 67, 70, 126, 8, 462 >,
 	< 464, 38, 4, 54, 0, 136, 7, 463 >,
 	< 465, 38, 7, 76, 63, 182, 0, 464 >,
 	< 466, 38, 5, 0, 0, 192, 4, 465 >,
 	< 467, 38, 5, 0, 0, 127, 9, 466 >,
 	// order 39
 	< 468, 39, 10, 0, 35, 151, 5, -1 >,
 	< 469, 39, 3, 0, 97, 183, 6, 468 >,
 	< 470, 39, 8, 91, 0, 138, 1, 469 >,
 	< 471, 39, 4, 38, 73, 121, 2, 470 >,
 	< 472, 39, 2, 85, 83, 169, 3, 471 >,
 	< 473, 39, 2, 0, 0, 167, 8, 472 >,
 	< 474, 39, 7, 0, 0, 160, 7, 473 >,
 	< 475, 39, 1, 64, 31, 110, 0, 474 >,
 	< 476, 39, 9, 89, 0, 148, 4, 475 >,
 	< 477, 39, 10, 0, 84, 116, 9, 476 >,
 	< 478, 39, 4, 79, 0, 178, 5, 477 >,
 	< 479, 39, 3, 0, 83, 152, 6, 478 >,
 	// order 40
 	< 480, 40, 2, 73, 0, 110, 1, -1 >,
 	< 481, 40, 8, 82, 0, 178, 2, 480 >,
 	< 482, 40, 3, 0, 66, 135, 3, 481 >,
 	< 483, 40, 2, 0, 36, 181, 8, 482 >,
 	< 484, 40, 6, 0, 0, 116, 7, 483 >,
 	< 485, 40, 4, 65, 0, 182, 0, 484 >,
 	< 486, 40, 8, 99, 0, 150, 4, 485 >,
 	< 487, 40, 1, 0, 0, 169, 9, 486 >,
 	< 488, 40, 2, 58, 0, 161, 5, 487 >,
 	< 489, 40, 10, 32, 0, 119, 6, 488 >,
 	< 490, 40, 8, 41, 0, 142, 1, 489 >,
 	< 491, 40, 10, 95, 0, 145, 2, 490 >,
 	// order 41
 	< 492, 41, 9, 0, 0, 127, 3, -1 >,
 	< 493, 41, 10, 45, 0, 119, 8, 492 >,
 	< 494, 41, 1, 34, 61, 138, 7, 493 >,
 	< 495, 41, 4, 0, 0, 158, 0, 494 >,
 	< 496, 41, 5, 0, 0, 180, 4, 495 >,
 	< 497, 41, 4, 46, 35, 157, 9, 496 >,
 	< 498, 41, 2, 35, 0, 194, 5, 497 >,
 	< 499, 41, 9, 60, 0, 145, 6, 498 >,
 	< 500, 41, 10, 74, 37, 168, 1, 499 >,
 	< 501, 41, 7, 81, 0, 103, 2, 500 >,
 	< 502, 41, 6, 54, 43, 149, 3, 501 >,
 	< 503, 41, 4, 80, 36, 115, 8, 502 >,
 	// order 42
 	< 504, 42, 8, 0, 0, 143, 7, -1 >,
 	< 505, 42, 10, 69, 0, 195, 0, 504 >,
 	< 506, 42, 3, 74, 75, 148, 4, 505 >,
 	< 507, 42, 7, 94, 0, 183, 9, 506 >,
 	< 508, 42, 10, 72, 82, 140, 5, 507 >,
 	< 509, 42, 8, 0, 63, 142, 6, 508 >,
 	< 510, 42, 8, 72, 85, 163, 1, 509 >,
 	< 511, 42, 3, 93, 0, 171, 2, 510 >,
 	< 512, 42, 1, 0, 81, 103, 3, 511 >,
 	< 513, 42, 6, 0, 52, 180, 8, 512 >,
 	< 514, 42, 3, 0, 0, 117, 7, 513 >,
 	< 515, 42, 5, 79, 39, 117, 0, 514 >,
 	// order 43
 	< 516, 43, 8, 0, 100, 175, 4, -1 >,
 	< 517, 43, 1, 79, 0, 139, 9, 516 >,
 	< 518, 43, 3, 76, 0, 145, 5, 517 >,
 	< 519, 43, 4, 31, 0, 120, 6, 518 >,
 	< 520, 43, 4, 40, 68, 161, 1, 519 >,
 	< 521, 43, 5, 53, 69, 117, 2, 520 >,
 	< 522, 43, 8, 0, 73, 141, 3, 521 >,
 	< 523, 43, 10, 97, 52, 162, 8, 522 >,
 	< 524, 43, 10, 77, 95, 173, 7, 523 >,
 	< 525, 43, 2, 77, 0, 193, 0, 524 >,
 	< 526, 43, 8, 53, 0, 144, 4, 525 >,
 	< 527, 43, 2, 99, 0, 107, 9, 526 >,
 	// order 44
 	< 528, 44, 9, 0, 76, 133, 5, -1 >,
 	< 529, 44, 9, 95, 0, 141, 6, 528 >,
 	< 530, 44, 4, 0, 0, 121, 1, 529 >,
 	< 531, 44, 1, 30, 0, 100, 2, 530 >,
 	< 532, 44, 3, 0, 30, 185, 3, 531 >,
 	< 533, 44, 3, 0, 0, 118, 8, 532 >,
 	< 534, 44, 6, 51, 97, 155, 7, 533 >,
 	< 535, 44, 2, 92, 72, 190, 0, 534 >,
 	< 536, 44, 2, 74, 68, 175, 4, 535 >,
 	< 537, 44, 6, 0, 0, 156, 9, 536 >,
 	< 538, 44, 2, 0, 40, 183, 5, 537 >,
 	< 539, 44, 10, 0, 62, 125, 6, 538 >,
 	// order 45
 	< 540, 45, 6, 58, 0, 111, 1, -1 >,
 	< 541, 45, 6, 0, 37, 148, 2, 540 >,
 	< 542, 45, 1, 0, 38, 104, 3, 541 >,
 	< 543, 45, 5, 0, 0, 129, 8, 542 >,
 	< 544, 45, 5, 41, 0, 196, 7, 543 >,
 	< 545, 45, 7, 0, 87, 172, 0, 544 >,
 	< 546, 45, 2, 95, 0, 134, 4, 545 >,
 	< 547, 45, 4, 0, 0, 141, 9, 546 >,
 	< 548, 45, 7, 0, 86, 101, 5, 547 >,
 	< 549, 45, 7, 36, 0, 187, 6, 548 >,
 	< 550, 45, 1, 0, 85, 165, 1, 549 >,
 	< 551, 45, 10, 57, 61, 154, 2, 550 >,
 	// order 46
 	< 552, 46, 10, 50, 0, 195, 3, -1 >,
 	< 553, 46, 10, 0, 69, 178, 8, 552 >,
 	< 554, 46, 7, 90, 50, 182, 7, 553 >,
 	< 555, 46, 8, 0, 0, 140, 0, 554 >,
 	< 556, 46, 6, 100, 51, 146, 4, 555 >,
 	< 557, 46, 8, 0, 74, 195, 9, 556 >,
 	< 558, 46, 7, 91, 52, 135, 5, 557 >,
 	< 559, 46, 8, 0, 63, 153, 6, 558 >,
 	< 560, 46, 8, 0, 0, 143, 1, 559 >,
 	< 561, 46, 9, 0, 0, 117, 2, 560 >,
 	< 562, 46, 10, 0, 0, 104, 3, 561 >,
 	< 563, 46, 10, 0, 70, 173, 8, 562 >,
 	// order 47
 	< 564, 47, 5, 0, 34, 194, 7, -1 >,
 	< 565, 47, 9, 31, 95, 198, 0, 564 >,
 	< 566, 47, 5, 36, 96, 107, 4, 565 >,
 	< 567, 47, 2, 47, 73, 157, 9, 566 >,
 	< 568, 47, 10, 0, 79, 122, 5, 567 >,
 	< 569, 47, 10, 71, 85, 104, 6, 568 >,
 	< 570, 47, 6, 76, 0, 177, 1, 569 >,
 	< 571, 47, 3, 58, 47, 139, 2, 570 >,
 	< 572, 47, 8, 0, 0, 189, 3, 571 >,
 	< 573, 47, 2, 94, 53, 185, 8, 572 >,
 	< 574, 47, 9, 94, 51, 113, 7, 573 >,
 	< 575, 47, 8, 0, 0, 134, 0, 574 >,
 	// order 48
 	< 576, 48, 4, 95, 32, 127, 4, -1 >,
 	< 577, 48, 7, 0, 82, 147, 9, 576 >,
 	< 578, 48, 8, 0, 73, 159, 5, 577 >,
 	< 579, 48, 6, 0, 33, 168, 6, 578 >,
 	< 580, 48, 9, 0, 0, 171, 1, 579 >,
 	< 581, 48, 9, 82, 0, 111, 2, 580 >,
 	< 582, 48, 8, 0, 94, 105, 3, 581 >,
 	< 583, 48, 1, 0, 90, 185, 8, 582 >,
 	< 584, 48, 3, 0, 0, 158, 7, 583 >,
 	< 585, 48, 4, 0, 0, 138, 0, 584 >,
 	< 586, 48, 2, 72, 0, 129, 4, 585 >,
 	< 587, 48, 10, 62, 0, 173, 9, 586 >,
 	// order 49
 	< 588, 49, 8, 0, 91, 195, 5, -1 >,
 	< 589, 49, 6, 41, 58, 147, 6, 588 >,
 	< 590, 49, 6, 0, 64, 197, 1, 589 >,
 	< 591, 49, 8, 0, 91, 181, 2, 590 >,
 	< 592, 49, 6, 56, 82, 151, 3, 591 >,
 	< 593, 49, 4, 0, 47, 159, 8, 592 >,
 	< 594, 49, 9, 0, 79, 132, 7, 593 >,
 	< 595, 49, 5, 68, 45, 121, 0, 594 >,
 	< 596, 49, 10, 67, 0, 172, 4, 595 >,
 	< 597, 49, 10, 0, 0, 147, 9, 596 >,
 	< 598, 49, 7, 0, 44, 162, 5, 597 >,
 	< 599, 49, 2, 0, 0, 103, 6, 598 >,
 	// order 50
 	< 600, 50, 7, 0, 0, 114, 1, -1 >,
 	< 601, 50, 9, 36, 0, 179, 2, 600 >,
 	< 602, 50, 7, 0, 46, 126, 3, 601 >,
 	< 603, 50, 6, 0, 62, 110, 8, 602 >,
 	< 604, 50, 5, 61, 73, 178, 7, 603 >,
 	< 605, 50, 10, 0, 0, 166, 0, 604 >,
 	< 606, 50, 1, 0, 0, 134, 4, 605 >,
 	< 607, 50, 6, 36, 0, 180, 9, 606 >,
 	< 608, 50, 1, 41, 39, 168, 5, 607 >,
 	< 609, 50, 9, 62, 0, 133, 6, 608 >,
 	< 610, 50, 9, 0, 39, 171, 1, 609 >,
 	< 611, 50, 3, 0, 0, 147, 2, 610 >,
 	// order 51
 	< 612, 51, 4, 54, 54, 171, 3, -1 >,
 	< 613, 51, 5, 0, 0, 172, 8, 612 >,
 	< 614, 51, 3, 0, 0, 181, 7, 613 >,
 	< 615, 51, 5, 0, 0, 109, 0, 614 >,
 	< 616, 51, 4, 0, 97, 144, 4, 615 >,
 	< 617, 51, 4, 0, 34, 149, 9, 616 >,
 	< 618, 51, 1, 48, 77, 165, 5, 617 >,
 	< 619, 51, 5, 0, 0, 153, 6, 618 >,
 	< 620, 51, 4, 0, 0, 164, 1, 619 >,
 	< 621, 51, 6, 88, 71, 120, 2, 620 >,
 	< 622, 51, 3, 56, 0, 186, 3, 621 >,
 	< 623, 51, 5, 60, 99, 149, 8, 622 >,
 	// order 52
 	< 624, 52, 6, 99, 0, 168, 7, -1 >,
 	< 625, 52, 5, 0, 72, 138, 0, 624 >,
 	< 626, 52, 4, 87, 92, 183, 4, 625 >,
 	< 627, 52, 2, 0, 67, 129, 9, 626 >,
 	< 628, 52, 3, 46, 0, 126, 5, 627 >,
 	< 629, 52, 2, 48, 30, 154, 6, 628 >,
 	< 630, 52, 5, 0, 86, 122, 1, 629 >,
 	< 631, 52, 5, 50, 0, 101, 2, 630 >,
 	< 632, 52, 10, 93, 69, 139, 3, 631 >,
 	< 633, 52, 10, 69, 0, 183, 8, 632 >,
 	< 634, 52, 5, 0, 0, 177, 7, 633 >,
 	< 635, 52, 8, 59, 0, 146, 0, 634 >,
 	// order 53
 	< 636, 53, 6, 57, 70, 176, 4, -1 >,
 	< 637, 53, 10, 0, 76, 156, 9, 636 >,
 	< 638, 53, 5, 0, 0, 126, 5, 637 >,
 	< 639, 53, 1, 0, 79, 173, 6, 638 >,
 	< 640, 53, 10, 58, 80, 195, 1, 639 >,
 	< 641, 53, 9, 31, 0, 163, 2, 640 >,
 	< 642, 53, 5, 96, 0, 134, 3, 641 >,
 	< 643, 53, 5, 0, 0, 180, 8, 642 >,
 	< 644, 53, 5, 99, 62, 142, 7, 643 >,
 	< 645, 53, 4, 30, 59, 134, 0, 644 >,
 	< 646, 53, 8, 63, 47, 139, 4, 645 >,
 	< 647, 53, 2, 94, 0, 107, 9, 646 >,
 	// order 54
 	< 648, 54, 2, 0, 0, 144, 5, -1 >,
 	< 649, 54, 3, 95, 49, 131, 6, 648 >,
 	< 650, 54, 10, 0, 0, 170, 1, 649 >,
 	< 651, 54, 5, 50, 96, 154, 2, 650 >,
 	< 652, 54, 3, 0, 0, 172, 3, 651 >,
 	< 653, 54, 4, 0, 36, 104, 8, 652 >,
 	< 654, 54, 10, 92, 0, 182, 7, 653 >,
 	< 655, 54, 9, 53, 38, 108, 0, 654 >,
 	< 656, 54, 1, 0, 0, 103, 4, 655 >,
 	< 657, 54, 9, 0, 0, 119, 9, 656 >,
 	< 658, 54, 8, 88, 99, 183, 5, 657 >,
 	< 659, 54, 8, 0, 58, 108, 6, 658 >,
 	// order 55
 	< 660, 55, 8, 0, 70, 132, 1, -1 >,
 	< 661, 55, 8, 0, 0, 129, 2, 660 >,
 	< 662, 55, 9, 44, 0, 151, 3, 661 >,
 	< 663, 55, 9, 0, 0, 192, 8, 662 >,
 	< 664, 55, 3, 30, 0, 136, 7, 663 >,
 	< 665, 55, 4, 0, 0, 159, 0, 664 >,
 	< 666, 55, 10, 0, 0, 176, 4, 665 >,
 	< 667, 55, 2, 93, 0, 180, 9, 666 >,
 	< 668, 55, 3, 88, 0, 180, 5, 667 >,
 	< 669, 55, 3, 0, 0, 115, 6, 668 >,
 	< 670, 55, 7, 64, 0, 136, 1, 669 >,
 	< 671, 55, 6, 0, 0, 150, 2, 670 >,
 	// order 56
 	< 672, 56, 1, 95, 0, 137, 3, -1 >,
 	< 673, 56, 2, 0, 0, 186, 8, 672 >,
 	< 674, 56, 3, 0, 0, 127, 7, 673 >,
 	< 675, 56, 5, 0, 0, 121, 0, 674 >,
 	< 676, 56, 7, 0, 37, 180, 4, 675 >,
 	< 677, 56, 1, 0, 0, 155, 9, 676 >,
 	< 678, 56, 6, 0, 95, 145, 5, 677 >,
 	< 679, 56, 6, 61, 83, 188, 6, 678 >,
 	< 680, 56, 8, 0, 41, 169, 1, 679 >,
 	< 681, 56, 4, 45, 56, 111, 2, 680 >,
 	< 682, 56, 4, 0, 0, 196, 3, 681 >,
 	< 683, 56, 1, 57, 0, 159, 8, 682 >,
 	// order 57
 	< 684, 57, 9, 0, 72, 103, 7, -1 >,
 	< 685, 57, 4, 86, 85, 184, 0, 684 >,
 	< 686, 57, 6, 0, 0, 146, 4, 685 >,
 	< 687, 57, 5, 0, 59, 145, 9, 686 >,
 	< 688, 57, 3, 63, 0, 149, 5, 687 >,
 	< 689, 57, 8, 84, 0, 150, 6, 688 >,
 	< 690, 57, 2, 0, 42, 199, 1, 689 >,
 	< 691, 57, 5, 0, 0, 113, 2, 690 >,
 	< 692, 57, 4, 0, 0, 171, 3, 691 >,
 	< 693, 57, 10, 66, 92, 170, 8, 692 >,
 	< 694, 57, 5, 83, 88, 137, 7, 693 >,
 	< 695, 57, 1, 76, 0, 128, 0, 694 >,
 	// order 58
 	< 696, 58, 7, 0, 0, 101, 4, -1 >,
 	< 697, 58, 7, 33, 0, 120, 9, 696 >,
 	< 698, 58, 1, 0, 0, 165, 5, 697 >,
 	< 699, 58, 1, 0, 0, 110, 6, 698 >,
 	< 700, 58, 6, 98, 87, 107, 1, 699 >,
 	< 701, 58, 1, 56, 0, 172, 2, 700 >,
 	< 702, 58, 8, 71, 94, 186, 3, 701 >,
 	< 703, 58, 8, 0, 79, 128, 8, 702 >,
 	< 704, 58, 8, 0, 78, 167, 7, 703 >,
 	< 705, 58, 4, 0, 0, 191, 0, 704 >,
 	< 706, 58, 8, 0, 51, 103, 4, 705 >,
 	< 707, 58, 2, 88, 0, 129, 9, 706 >,
 	// order 59
 	< 708, 59, 2, 0, 53, 139, 5, -1 >,
 	< 709, 59, 3, 0, 0, 153, 6, 708 >,
 	< 710, 59, 8, 0, 63, 141, 1, 709 >,
 	< 711, 59, 3, 65, 38, 140, 2, 710 >,
 	< 712, 59, 7, 48, 0, 194, 3, 711 >,
 	< 713, 59, 7, 50, 83, 133, 8, 712 >,
 	< 714, 59, 9, 0, 0, 157, 7, 713 >,
 	< 715, 59, 1, 0, 0, 141, 0, 714 >,
 	< 716, 59, 5, 0, 75, 132, 4, 715 >,
 	< 717, 59, 6, 80, 32, 115, 9, 716 >,
 	< 718, 59, 7, 79, 75, 142, 5, 717 >,
 	< 719, 59, 1, 57, 54, 114, 6, 718 >,
 	// order 60
 	< 720, 60, 9, 62, 0, 166, 1, -1 >,
 	< 721, 60, 1, 47, 54, 155, 2, 720 >,
 	< 722, 60, 8, 0, 34, 195, 3, 721 >,
 	< 723, 60, 7, 93, 0, 125, 8, 722 >,
 	< 724, 60, 5, 0, 42, 144, 7, 723 >,
 	< 725, 60, 8, 0, 0, 148, 0, 724 >,
 	< 726, 60, 8, 34, 0, 108, 4, 725 >,
 	< 727, 60, 9, 32, 0, 166, 9, 726 >,
 	< 728, 60, 7, 52, 0, 102, 5, 727 >,
 	< 729, 60, 10, 91, 0, 106, 6, 728 >,
 	< 730, 60, 10, 0, 97, 189, 1, 729 >,
 	< 731, 60, 4, 79, 0, 122, 2, 730 >,
 	// order 61
 	< 732, 61, 3, 46, 0, 160, 3, -1 >,
 	< 733, 61, 10, 34, 43, 107, 8, 732 >,
 	< 734, 61, 6, 46, 62, 116, 7, 733 >,
 	< 735, 61, 9, 43, 95, 180, 0, 734 >,
 	< 736, 61, 10, 52, 38, 120, 4, 735 >,
 	< 737, 61, 8, 0, 0, 172, 9, 736 >,
 	< 738, 61, 2, 0, 70, 197, 5, 737 >,
 	< 739, 61, 8, 0, 0, 147, 6, 738 >,
 	< 740, 61, 2, 0, 53, 182, 1, 739 >,
 	< 741, 61, 7, 0, 0, 115, 2, 740 >,
 	< 742, 61, 9, 39, 0, 135, 3, 741 >,
 	< 743, 61, 10, 0, 50, 118, 8, 742 >,
 	// order 62
 	< 744, 62, 6, 95, 94, 188, 7, -1 >,
 	< 745, 62, 6, 79, 44, 110, 0, 744 >,
 	< 746, 62, 7, 60, 74, 197, 4, 745 >,
 	< 747, 62, 3, 0, 0, 187, 9, 746 >,
 	< 748, 62, 8, 55, 0, 159, 5, 747 >,
 	< 749, 62, 8, 0, 0, 129, 6, 748 >,
 	< 750, 62, 2, 0, 84, 160, 1, 749 >,
 	< 751, 62, 3, 0, 0, 146, 2, 750 >,
 	< 752, 62, 4, 68, 97, 175, 3, 751 >,
 	< 753, 62, 4, 0, 73, 128, 8, 752 >,
 	< 754, 62, 4, 86, 0, 168, 7, 753 >,
 	< 755, 62, 1, 0, 80, 129, 0, 754 >,
 	// order 63
 	< 756, 63, 8, 73, 32, 169, 4, -1 >,
 	< 757, 63, 8, 0, 63, 144, 9, 756 >,
 	< 758, 63, 9, 43, 0, 132, 5, 757 >,
 	< 759, 63, 3, 72, 53, 189, 6, 758 >,
 	< 760, 63, 5, 98, 74, 182, 1, 759 >,
 	< 761, 63, 1, 97, 55, 117, 2, 760 >,
 	< 762, 63, 6, 0, 98, 191, 3, 761 >,
 	< 763, 63, 1, 39, 0, 113, 8, 762 >,
 	< 764, 63, 9, 0, 72, 182, 7, 763 >,
 	< 765, 63, 4, 76, 0, 183, 0, 764 >,
 	< 766, 63, 10, 55, 74, 145, 4, 765 >,
 	< 767, 63, 1, 32, 0, 153, 9, 766 >,
 	// order 64
 	< 768, 64, 9, 71, 49, 139, 5, -1 >,
 	< 769, 64, 3, 68, 0, 120, 6, 768 >,
 	< 770, 64, 9, 0, 67, 178, 1, 769 >,
 	< 771, 64, 1, 80, 50, 154, 2, 770 >,
 	< 772, 64, 6, 0, 75, 111, 3, 771 >,
 	< 773, 64, 4, 0, 79, 109, 8, 772 >,
 	< 774, 64, 8, 98, 45, 198, 7, 773 >,
 	< 775, 64, 6, 75, 64, 156, 0, 774 >,
 	< 776, 64, 8, 0, 0, 186, 4, 775 >,
 	< 777, 64, 1, 33, 52, 172, 9, 776 >,
 	< 778, 64, 3, 0, 56, 192, 5, 777 >,
 	< 779, 64, 7, 0, 50, 155, 6, 778 >,
 	// order 65
 	< 780, 65, 6, 0, 0, 171, 1, -1 >,
 	< 781, 65, 10, 69, 0, 144, 2, 780 >,
 	< 782, 65, 8, 57, 0, 198, 3, 781 >,
 	< 783, 65, 5, 71, 0, 124, 8, 782 >,
 	< 784, 65, 8, 85, 30, 136, 7, 783 >,
 	< 785, 65, 7, 90, 0, 193, 0, 784 >,
 	< 786, 65, 8, 73, 99, 165, 4, 785 >,
 	< 787, 65, 10, 0, 63, 111, 9, 786 >,
 	< 788, 65, 1, 0, 82, 185, 5, 787 >,
 	< 789, 65, 3, 0, 45, 103, 6, 788 >,
 	< 790, 65, 1, 65, 86, 133, 1, 789 >,
 	< 791, 65, 1, 0, 0, 170, 2, 790 >,
 	// order 66
 	< 792, 66, 8, 66, 0, 124, 3, -1 >,
 	< 793, 66, 8, 0, 87, 179, 8, 792 >,
 	< 794, 66, 3, 0, 77, 193, 7, 793 >,
 	< 795, 66, 4, 0, 0, 152, 0, 794 >,
 	< 796, 66, 4, 97, 93, 169, 4, 795 >,
 	< 797, 66, 1, 0, 0, 117, 9, 796 >,
 	< 798, 66, 4, 30, 0, 178, 5, 797 >,
 	< 799, 66, 5, 0, 67, 150, 6, 798 >,
 	< 800, 66, 1, 0, 0, 109, 1, 799 >,
 	< 801, 66, 5, 73, 88, 168, 2, 800 >,
 	< 802, 66, 5, 0, 88, 105, 3, 801 >,
 	< 803, 66, 8, 38, 55, 117, 8, 802 >,
 	// order 67
 	< 804, 67, 7, 88, 0, 197, 7, -1 >,
 	< 805, 67, 3, 100, 0, 189, 0, 804 >,
 	< 806, 67, 4, 84, 0, 116, 4, 805 >,
 	< 807, 67, 10, 60, 0, 108, 9, 806 >,
 	< 808, 67, 2, 0, 78, 119, 5, 807 >,
 	< 809, 67, 10, 0, 0, 200, 6, 808 >,
 	< 810, 67, 7, 54, 0, 133, 1, 809 >,
 	< 811, 67, 4, 0, 0, 161, 2, 810 >,
 	< 812, 67, 5, 78, 70, 180, 3, 811 >,
 	< 813, 67, 2, 0, 0, 136, 8, 812 >,
 	< 814, 67, 9, 93, 67, 127, 7, 813 >,
 	< 815, 67, 10, 0, 0, 114, 0, 814 >,
 	// order 68
 	< 816, 68, 3, 32, 30, 160, 4, -1 >,
 	< 817, 68, 10, 64, 0, 107, 9, 816 >,
 	< 818, 68, 8, 48, 66, 139, 5, 817 >,
 	< 819, 68, 3, 90, 82, 194, 6, 818 >,
 	< 820, 68, 9, 38, 46, 181, 1, 819 >,
 	< 821, 68, 10, 0, 45, 104, 2, 820 >,
 	< 822, 68, 4, 0, 43, 189, 3, 821 >,
 	< 823, 68, 10, 41, 74, 129, 8, 822 >,
 	< 824, 68, 2, 0, 81, 101, 7, 823 >,
 	< 825, 68, 9, 79, 0, 163, 0, 824 >,
 	< 826, 68, 6, 0, 0, 198, 4, 825 >,
 	< 827, 68, 9, 81, 0, 158, 9, 826 >,
 	// order 69
 	< 828, 69, 1, 0, 77, 194, 5, -1 >,
 	< 829, 69, 5, 44, 0, 175, 6, 828 >,
 	< 830, 69, 1, 0, 51, 153, 1, 829 >,
 	< 831, 69, 5, 39, 86, 103, 2, 830 >,
 	< 832, 69, 7, 0, 59, 176, 3, 831 >,
 	< 833, 69, 5, 0, 0, 200, 8, 832 >,
 	< 834, 69, 2, 0, 58, 153, 7, 833 >,
 	< 835, 69, 2, 64, 48, 102, 0, 834 >,
 	< 836, 69, 7, 0, 49, 127, 4, 835 >,
 	< 837, 69, 8, 79, 96, 170, 9, 836 >,
 	< 838, 69, 3, 0, 63, 181, 5, 837 >,
 	< 839, 69, 7, 0, 0, 100, 6, 838 >,
 	// order 70
 	< 840, 70, 7, 59, 95, 138, 1, -1 >,
 	< 841, 70, 4, 54, 62, 143, 2, 840 >,
 	< 842, 70, 3, 55, 0, 134, 3, 841 >,
 	< 843, 70, 7, 0, 82, 162, 8, 842 >,
 	< 844, 70, 7, 0, 0, 188, 7, 843 >,
 	< 845, 70, 6, 34, 0, 191, 0, 844 >,
 	< 846, 70, 3, 48, 0, 167, 4, 845 >,
 	< 847, 70, 9, 0, 0, 189, 9, 846 >,
 	< 848, 70, 5, 54, 63, 127, 5, 847 >,
 	< 849, 70, 10, 43, 0, 147, 6, 848 >,
 	< 850, 70, 10, 0, 0, 125, 1, 849 >,
 	< 851, 70, 1, 0, 0, 118, 2, 850 >,
 	// order 71
 	< 852, 71, 1, 66, 98, 196, 3, -1 >,
 	< 853, 71, 3, 100, 0, 170, 8, 852 >,
 	< 854, 71, 5, 0, 0, 126, 7, 853 >,
 	< 855, 71, 6, 49, 70, 115, 0, 854 >,
 	< 856, 71, 10, 77, 94, 192, 4, 855 >,
 	< 857, 71, 2, 0, 50, 133, 9, 856 >,
 	< 858, 71, 6, 0, 0, 109, 5, 857 >,
 	< 859, 71, 10, 0, 0, 173, 6, 858 >,
 	< 860, 71, 3, 0, 43, 149, 1, 859 >,
 	< 861, 71, 8, 0, 89, 170, 2, 860 >,
 	< 862, 71, 5, 55, 31, 112, 3, 861 >,
 	< 863, 71, 9, 88, 0, 104, 8, 862 >,
 	// order 72
 	< 864, 72, 1, 100, 0, 137, 7, -1 >,
 	< 865, 72, 9, 97, 0, 161, 0, 864 >,
 	< 866, 72, 6, 47, 0, 181, 4, 865 >,
 	< 867, 72, 10, 42, 0, 146, 9, 866 >,
 	< 868, 72, 3, 0, 68, 151, 5, 867 >,
 	< 869, 72, 10, 38, 0, 127, 6, 868 >,
 	< 870, 72, 1, 0, 0, 168, 1, 869 >,
 	< 871, 72, 2, 99, 0, 111, 2, 870 >,
 	< 872, 72, 9, 84, 35, 189, 3, 871 >,
 	< 873, 72, 9, 0, 0, 122, 8, 872 >,
 	< 874, 72, 2, 0, 77, 160, 7, 873 >,
 	< 875, 72, 9, 32, 0, 163, 0, 874 >,
 	// order 73
 	< 876, 73, 5, 0, 83, 191, 4, -1 >,
 	< 877, 73, 6, 0, 70, 114, 9, 876 >,
 	< 878, 73, 1, 82, 0, 129, 5, 877 >,
 	< 879, 73, 9, 0, 66, 166, 6, 878 >,
 	< 880, 73, 7, 50, 30, 124, 1, 879 >,
 	< 881, 73, 4, 81, 58, 170, 2, 880 >,
 	< 882, 73, 6, 0, 82, 183, 3, 881 >,
 	< 883, 73, 1, 67, 52, 154, 8, 882 >,
 	< 884, 73, 4, 0, 0, 130, 7, 883 >,
 	< 885, 73, 7, 0, 58, 112, 0, 884 >,
 	< 886, 73, 6, 30, 89, 186, 4, 885 >,
 	< 887, 73, 8, 41, 0, 186, 9, 886 >,
 	// order 74
 	< 888, 74, 8, 56, 0, 130, 5, -1 >,
 	< 889, 74, 4, 33, 0, 190, 6, 888 >,
 	< 890, 74, 10, 51, 0, 197, 1, 889 >,
 	< 891, 74, 8, 96, 55, 100, 2, 890 >,
 	< 892, 74, 5, 0, 0, 173, 3, 891 >,
 	< 893, 74, 5, 0, 98, 126, 8, 892 >,
 	< 894, 74, 1, 0, 0, 147, 7, 893 >,
 	< 895, 74, 9, 85, 100, 127, 0, 894 >,
 	< 896, 74, 9, 99, 0, 154, 4, 895 >,
 	< 897, 74, 9, 47, 38, 197, 9, 896 >,
 	< 898, 74, 8, 0, 0, 185, 5, 897 >,
 	< 899, 74, 4, 0, 0, 172, 6, 898 >,
 	// order 75
 	< 900, 75, 9, 0, 36, 117, 1, -1 >,
 	< 901, 75, 9, 77, 65, 139, 2, 900 >,
 	< 902, 75, 10, 97, 0, 155, 3, 901 >,
 	< 903, 75, 4, 0, 0, 164, 8, 902 >,
 	< 904, 75, 9, 94, 0, 185, 7, 903 >,
 	< 905, 75, 3, 0, 45, 162, 0, 904 >,
 	< 906, 75, 6, 0, 35, 110, 4, 905 >,
 	< 907, 75, 1, 0, 86, 142, 9, 906 >,
 	< 908, 75, 10, 0, 82, 149, 5, 907 >,
 	< 909, 75, 2, 84, 66, 151, 6, 908 >,
 	< 910, 75, 9, 0, 89, 119, 1, 909 >,
 	< 911, 75, 3, 47, 60, 164, 2, 910 >,
 	// order 76
 	< 912, 76, 5, 0, 50, 138, 3, -1 >,
 	< 913, 76, 10, 59, 0, 177, 8, 912 >,
 	< 914, 76, 7, 79, 87, 116, 7, 913 >,
 	< 915, 76, 6, 52, 34, 170, 0, 914 >,
 	< 916, 76, 2, 78, 0, 123, 4, 915 >,
 	< 917, 76, 10, 66, 0, 193, 9, 916 >,
 	< 918, 76, 10, 0, 78, 175, 5, 917 >,
 	< 919, 76, 3, 33, 65, 112, 6, 918 >,
 	< 920, 76, 8, 0, 90, 113, 1, 919 >,
 	< 921, 76, 4, 0, 0, 155, 2, 920 >,
 	< 922, 76, 6, 71, 37, 133, 3, 921 >,
 	< 923, 76, 7, 0, 97, 162, 8, 922 >,
 	// order 77
 	< 924, 77, 9, 0, 75, 141, 7, -1 >,
 	< 925, 77, 10, 0, 0, 133, 0, 924 >,
 	< 926, 77, 10, 0, 70, 158, 4, 925 >,
 	< 927, 77, 4, 0, 42, 110, 9, 926 >,
 	< 928, 77, 6, 58, 55, 115, 5, 927 >,
 	< 929, 77, 8, 70, 0, 160, 6, 928 >,
 	< 930, 77, 5, 0, 91, 124, 1, 929 >,
 	< 931, 77, 4, 0, 0, 145, 2, 930 >,
 	< 932, 77, 2, 0, 85, 161, 3, 931 >,
 	< 933, 77, 3, 0, 0, 117, 8, 932 >,
 	< 934, 77, 8, 81, 0, 158, 7, 933 >,
 	< 935, 77, 5, 64, 56, 149, 0, 934 >,
 	// order 78
 	< 936, 78, 7, 70, 0, 173, 4, -1 >,
 	< 937, 78, 6, 80, 53, 103, 9, 936 >,
 	< 938, 78, 1, 81, 48, 197, 5, 937 >,
 	< 939, 78, 7, 0, 0, 200, 6, 938 >,
 	< 940, 78, 7, 87, 91, 121, 1, 939 >,
 	< 941, 78, 8, 95, 77, 107, 2, 940 >,
 	< 942, 78, 7, 43, 80, 105, 3, 941 >,
 	< 943, 78, 1, 0, 0, 132, 8, 942 >,
 	< 944, 78, 9, 87, 0, 147, 7, 943 >,
 	< 945, 78, 7, 0, 91, 147, 0, 944 >,
 	< 946, 78, 4, 0, 41, 175, 4, 945 >,
 	< 947, 78, 5, 53, 0, 118, 9, 946 >,
 	// order 79
 	< 948, 79, 8, 55, 33, 197, 5, -1 >,
 	< 949, 79, 8, 48, 37, 166, 6, 948 >,
 	< 950, 79, 6, 0, 36, 176, 1, 949 >,
 	< 951, 79, 9, 39, 0, 194, 2, 950 >,
 	< 952, 79, 10, 0, 42, 176, 3, 951 >,
 	< 953, 79, 1, 48, 0, 175, 8, 952 >,
 	< 954, 79, 4, 0, 48, 136, 7, 953 >,
 	< 955, 79, 9, 66, 72, 174, 0, 954 >,
 	< 956, 79, 3, 0, 96, 162, 4, 955 >,
 	< 957, 79, 2, 78, 71, 197, 9, 956 >,
 	< 958, 79, 9, 77, 0, 118, 5, 957 >,
 	< 959, 79, 9, 0, 74, 200, 6, 958 >,
 	// order 80
 	< 960, 80, 4, 0, 0, 130, 1, -1 >,
 	< 961, 80, 9, 81, 93, 123, 2, 960 >,
 	< 962, 80, 3, 44, 89, 113, 3, 961 >,
 	< 963, 80, 3, 0, 49, 158, 8, 962 >,
 	< 964, 80, 3, 0, 0, 144, 7, 963 >,
 	< 965, 80, 8, 44, 36, 131, 0, 964 >,
 	< 966, 80, 3, 82, 31, 129, 4, 965 >,
 	< 967, 80, 7, 62, 85, 109, 9, 966 >,
 	< 968, 80, 4, 34, 34, 133, 5, 967 >,
 	< 969, 80, 1, 34, 54, 141, 6, 968 >,
 	< 970, 80, 2, 0, 0, 187, 1, 969 >,
 	< 971, 80, 2, 0, 46, 181, 2, 970 >,
 	// order 81
 	< 972, 81, 10, 0, 62, 169, 3, -1 >,
 	< 973, 81, 9, 74, 0, 140, 8, 972 >,
 	< 974, 81, 4, 37, 73, 138, 7, 973 >,
 	< 975, 81, 1, 92, 63, 125, 0, 974 >,
 	< 976, 81, 4, 53, 88, 129, 4, 975 >,
 	< 977, 81, 8, 53, 0, 154, 9, 976 >,
 	< 978, 81, 3, 0, 49, 118, 5, 977 >,
 	< 979, 81, 4, 45, 80, 143, 6, 978 >,
 	< 980, 81, 1, 34, 0, 139, 1, 979 >,
 	< 981, 81, 5, 0, 76, 163, 2, 980 >,
 	< 982, 81, 4, 73, 0, 113, 3, 981 >,
 	< 983, 81, 10, 68, 77, 107, 8, 982 >,
 	// order 82
 	< 984, 82, 10, 0, 55, 187, 7, -1 >,
 	< 985, 82, 1, 40, 0, 139, 0, 984 >,
 	< 986, 82, 5, 98, 80, 169, 4, 985 >,
 	< 987, 82, 5, 49, 82, 175, 9, 986 >,
 	< 988, 82, 10, 84, 0, 112, 5, 987 >,
 	< 989, 82, 1, 0, 77, 113, 6, 988 >,
 	< 990, 82, 1, 0, 0, 136, 1, 989 >,
 	< 991, 82, 3, 0, 57, 116, 2, 990 >,
 	< 992, 82, 5, 0, 0, 186, 3, 991 >,
 	< 993, 82, 2, 67, 0, 125, 8, 992 >,
 	< 994, 82, 6, 72, 0, 133, 7, 993 >,
 	< 995, 82, 2, 0, 72, 175, 0, 994 >,
 	// order 83
 	< 996, 83, 10, 79, 81, 134, 4, -1 >,
 	< 997, 83, 6, 69, 0, 143, 9, 996 >,
 	< 998, 83, 5, 0, 63, 129, 5, 997 >,
 	< 999, 83, 5, 37, 63, 159, 6, 998 >,
 	< 1000, 83, 7, 0, 31, 153, 1, 999 >,
 	< 1001, 83, 10, 0, 31, 139, 2, 1000 >,
 	< 1002, 83, 5, 59, 0, 175, 3, 1001 >,
 	< 1003, 83, 5, 66, 33, 198, 8, 1002 >,
 	< 1004, 83, 1, 41, 0, 172, 7, 1003 >,
 	< 1005, 83, 6, 0, 76, 176, 0, 1004 >,
 	< 1006, 83, 10, 0, 0, 118, 4, 1005 >,
 	< 1007, 83, 6, 79, 66, 158, 9, 1006 >,
 	// order 84
 	< 1008, 84, 7, 0, 0, 197, 5, -1 >,
 	< 1009, 84, 6, 0, 0, 155, 6, 1008 >,
 	< 1010, 84, 1, 0, 31, 142, 1, 1009 >,
 	< 1011, 84, 7, 57, 83, 182, 2, 1010 >,
 	< 1012, 84, 5, 40, 0, 164, 3, 1011 >,
 	< 1013, 84, 5, 32, 0, 124, 8, 1012 >,
 	< 1014, 84, 6, 79, 0, 147, 7, 1013 >,
 	< 1015, 84, 4, 84, 0, 169, 0, 1014 >,
 	< 1016, 84, 3, 0, 0, 172, 4, 1015 >,
 	< 1017, 84, 5, 0, 90, 177, 9, 1016 >,
 	< 1018, 84, 7, 0, 0, 195, 5, 1017 >,
 	< 1019, 84, 1, 0, 67, 198, 6, 1018 >,
 	// order 85
 	< 1020, 85, 5, 0, 0, 143, 1, -1 >,
 	< 1021, 85, 10, 0, 0, 135, 2, 1020 >,
 	< 1022, 85, 9, 97, 0, 186, 3, 1021 >,
 	< 1023, 85, 7, 34, 98, 149, 8, 1022 >,
 	< 1024, 85, 5, 63, 75, 127, 7, 1023 >,
 	< 1025, 85, 6, 0, 0, 187, 0, 1024 >,
 	< 1026, 85, 7, 0, 84, 175, 4, 1025 >,
 	< 1027, 85, 4, 72, 64, 118, 9, 1026 >,
 	< 1028, 85, 3, 0, 0, 102, 5, 1027 >,
 	< 1029, 85, 10, 0, 65, 147, 6, 1028 >,
 	< 1030, 85, 9, 0, 0, 110, 1, 1029 >,
 	< 1031, 85, 2, 0, 96, 145, 2, 1030 >,
 	// order 86
 	< 1032, 86, 2, 0, 0, 197, 3, -1 >,
 	< 1033, 86, 5, 0, 35, 154, 8, 1032 >,
 	< 1034, 86, 2, 0, 63, 175, 7, 1033 >,
 	< 1035, 86, 5, 0, 0, 174, 0, 1034 >,
 	< 1036, 86, 3, 82, 88, 162, 4, 1035 >,
 	< 1037, 86, 1, 48, 84, 167, 9, 1036 >,
 	< 1038, 86, 7, 0, 40, 166, 5, 1037 >,
 	< 1039, 86, 1, 0, 0, 166, 6, 1038 >,
 	< 1040, 86, 1, 0, 95, 163, 1, 1039 >,
 	< 1041, 86, 3, 59, 74, 180, 2, 1040 >,
 	< 1042, 86, 10, 0, 58, 172, 3, 1041 >,
 	< 1043, 86, 4, 69, 65, 195, 8, 1042 >,
 	// order 87
 	< 1044, 87, 1, 0, 63, 181, 7, -1 >,
 	< 1045, 87, 2, 0, 0, 142, 0, 1044 >,
 	< 1046, 87, 3, 35, 0, 140, 4, 1045 >,
 	< 1047, 87, 10, 43, 0, 143, 9, 1046 >,
 	< 1048, 87, 6, 48, 80, 127, 5, 1047 >,
 	< 1049, 87, 8, 0, 0, 130, 6, 1048 >,
 	< 1050, 87, 5, 0, 0, 115, 1, 1049 >,
 	< 1051, 87, 2, 0, 33, 115, 2, 1050 >,
 	< 1052, 87, 5, 0, 0, 161, 3, 1051 >,
 	< 1053, 87, 3, 0, 0, 129, 8, 1052 >,
 	< 1054, 87, 6, 0, 62, 140, 7, 1053 >,
 	< 1055, 87, 2, 96, 0, 175, 0, 1054 >,
 	// order 88
 	< 1056, 88, 4, 0, 0, 110, 4, -1 >,
 	< 1057, 88, 8, 85, 90, 148, 9, 1056 >,
 	< 1058, 88, 10, 0, 0, 138, 5, 1057 >,
 	< 1059, 88, 9, 0, 98, 147, 6, 1058 >,
 	< 1060, 88, 10, 0, 0, 158, 1, 1059 >,
 	< 1061, 88, 10, 0, 0, 162, 2, 1060 >,
 	< 1062, 88, 9, 0, 0, 183, 3, 1061 >,
 	< 1063, 88, 3, 56, 0, 190, 8, 1062 >,
 	< 1064, 88, 10, 0, 44, 183, 7, 1063 >,
 	< 1065, 88, 3, 76, 0, 158, 0, 1064 >,
 	< 1066, 88, 8, 0, 55, 127, 4, 1065 >,
 	< 1067, 88, 6, 0, 0, 170, 9, 1066 >,
 	// order 89
 	< 1068, 89, 9, 45, 56, 127, 5, -1 >,
 	< 1069, 89, 10, 72, 80, 128, 6, 1068 >,
 	< 1070, 89, 10, 0, 35, 158, 1, 1069 >,
 	< 1071, 89, 3, 0, 0, 178, 2, 1070 >,
 	< 1072, 89, 9, 74, 76, 118, 3, 1071 >,
 	< 1073, 89, 3, 99, 0, 175, 8, 1072 >,
 	< 1074, 89, 3, 52, 0, 175, 7, 1073 >,
 	< 1075, 89, 4, 0, 93, 140, 0, 1074 >,
 	< 1076, 89, 1, 0, 51, 180, 4, 1075 >,
 	< 1077, 89, 3, 50, 53, 120, 9, 1076 >,
 	< 1078, 89, 4, 33, 72, 145, 5, 1077 >,
 	< 1079, 89, 8, 0, 40, 163, 6, 1078 >,
 	// order 90
 	< 1080, 90, 4, 99, 0, 188, 1, -1 >,
 	< 1081, 90, 7, 0, 0, 190, 2, 1080 >,
 	< 1082, 90, 4, 0, 0, 178, 3, 1081 >,
 	< 1083, 90, 10, 46, 97, 157, 8, 1082 >,
 	< 1084, 90, 5, 0, 68, 198, 7, 1083 >,
 	< 1085, 90, 8, 0, 40, 191, 0, 1084 >,
 	< 1086, 90, 7, 45, 0, 142, 4, 1085 >,
 	< 1087, 90, 7, 52, 55, 103, 9, 1086 >,
 	< 1088, 90, 10, 0, 0, 189, 5, 1087 >,
 	< 1089, 90, 2, 48, 74, 121, 6, 1088 >,
 	< 1090, 90, 9, 0, 0, 172, 1, 1089 >,
 	< 1091, 90, 4, 0, 0, 100, 2, 1090 >,
 	// order 91
 	< 1092, 91, 5, 97, 0, 131, 3, -1 >,
 	< 1093, 91, 3, 0, 0, 111, 8, 1092 >,
 	< 1094, 91, 4, 0, 0, 192, 7, 1093 >,
 	< 1095, 91, 4, 68, 0, 182, 0, 1094 >,
 	< 1096, 91, 6, 91, 0, 101, 4, 1095 >,
 	< 1097, 91, 10, 79, 81, 109, 9, 1096 >,
 	< 1098, 91, 6, 0, 0, 128, 5, 1097 >,
 	< 1099, 91, 4, 0, 36, 176, 6, 1098 >,
 	< 1100, 91, 2, 0, 0, 109, 1, 1099 >,
 	< 1101, 91, 5, 57, 0, 129, 2, 1100 >,
 	< 1102, 91, 6, 71, 0, 152, 3, 1101 >,
 	< 1103, 91, 10, 39, 0, 159, 8, 1102 >,
 	// order 92
 	< 1104, 92, 10, 73, 0, 175, 7, -1 >,
 	< 1105, 92, 10, 50, 0, 199, 0, 1104 >,
 	< 1106, 92, 7, 0, 61, 174, 4, 1105 >,
 	< 1107, 92, 7, 0, 0, 178, 9, 1106 >,
 	< 1108, 92, 9, 0, 41, 141, 5, 1107 >,
 	< 1109, 92, 3, 0, 52, 156, 6, 1108 >,
 	< 1110, 92, 3, 42, 42, 110, 1, 1109 >,
 	< 1111, 92, 1, 79, 43, 185, 2, 1110 >,
 	< 1112, 92, 7, 0, 0, 168, 3, 1111 >,
 	< 1113, 92, 3, 39, 0, 186, 8, 1112 >,
 	< 1114, 92, 7, 55, 0, 147, 7, 1113 >,
 	< 1115, 92, 5, 44, 0, 158, 0, 1114 >,
 	// order 93
 	< 1116, 93, 4, 0, 97, 147, 4, -1 >,
 	< 1117, 93, 5, 0, 54, 165, 9, 1116 >,
 	< 1118, 93, 2, 70, 98, 150, 5, 1117 >,
 	< 1119, 93, 4, 82, 60, 138, 6, 1118 >,
 	< 1120, 93, 9, 72, 0, 181, 1, 1119 >,
 	< 1121, 93, 4, 79, 54, 148, 2, 1120 >,
 	< 1122, 93, 1, 71, 50, 191, 3, 1121 >,
 	< 1123, 93, 3, 37, 89, 174, 8, 1122 >,
 	< 1124, 93, 10, 85, 0, 198, 7, 1123 >,
 	< 1125, 93, 1, 63, 0, 115, 0, 1124 >,
 	< 1126, 93, 1, 0, 0, 134, 4, 1125 >,
 	< 1127, 93, 5, 33, 76, 106, 9, 1126 >,
 	// order 94
 	< 1128, 94, 8, 0, 0, 180, 5, -1 >,
 	< 1129, 94, 4, 33, 65, 109, 6, 1128 >,
 	< 1130, 94, 4, 100, 74, 106, 1, 1129 >,
 	< 1131, 94, 1, 82, 91, 188, 2, 1130 >,
 	< 1132, 94, 3, 85, 0, 188, 3, 1131 >,
 	< 1133, 94, 10, 0, 87, 119, 8, 1132 >,
 	< 1134, 94, 2, 98, 62, 198, 7, 1133 >,
 	< 1135, 94, 2, 0, 0, 183, 0, 1134 >,
 	< 1136, 94, 10, 0, 59, 143, 4, 1135 >,
 	< 1137, 94, 1, 58, 41, 118, 9, 1136 >,
 	< 1138, 94, 1, 0, 97, 155, 5, 1137 >,
 	< 1139, 94, 1, 0, 36, 144, 6, 1138 >,
 	// order 95
 	< 1140, 95, 10, 0, 0, 145, 1, -1 >,
 	< 1141, 95, 3, 86, 33, 180, 2, 1140 >,
 	< 1142, 95, 4, 32, 32, 109, 3, 1141 >,
 	< 1143, 95, 4, 87, 0, 104, 8, 1142 >,
 	< 1144, 95, 10, 30, 0, 158, 7, 1143 >,
 	< 1145, 95, 1, 94, 93, 164, 0, 1144 >,
 	< 1146, 95, 10, 0, 0, 190, 4, 1145 >,
 	< 1147, 95, 8, 45, 0, 192, 9, 1146 >,
 	< 1148, 95, 8, 55, 60, 115, 5, 1147 >,
 	< 1149, 95, 10, 62, 62, 192, 6, 1148 >,
 	< 1150, 95, 9, 0, 74, 112, 1, 1149 >,
 	< 1151, 95, 4, 96, 78, 109, 2, 1150 >,
 	// order 96
 	< 1152, 96, 9, 77, 90, 113, 3, -1 >,
 	< 1153, 96, 4, 0, 83, 131, 8, 1152 >,
 	< 1154, 96, 3, 0, 0, 119, 7, 1153 >,
 	< 1155, 96, 7, 0, 0, 196, 0, 1154 >,
 	< 1156, 96, 5, 0, 0, 172, 4, 1155 >,
 	< 1157, 96, 1, 39, 0, 159, 9, 1156 >,
 	< 1158, 96, 7, 38, 37, 147, 5, 1157 >,
 	< 1159, 96, 5, 0, 65, 114, 6, 1158 >,
 	< 1160, 96, 8, 0, 0, 195, 1, 1159 >,
 	< 1161, 96, 2, 40, 53, 193, 2, 1160 >,
 	< 1162, 96, 7, 0, 98, 123, 3, 1161 >,
 	< 1163, 96, 9, 0, 0, 161, 8, 1162 >,
 	// order 97
 	< 1164, 97, 7, 90, 84, 193, 7, -1 >,
 	< 1165, 97, 7, 0, 0, 196, 0, 1164 >,
 	< 1166, 97, 9, 0, 95, 192, 4, 1165 >,
 	< 1167, 97, 2, 0, 0, 149, 9, 1166 >,
 	< 1168, 97, 6, 0, 74, 195, 5, 1167 >,
 	< 1169, 97, 7, 57, 0, 101, 6, 1168 >,
 	< 1170, 97, 9, 30, 0, 115, 1, 1169 >,
 	< 1171, 97, 9, 0, 49, 152, 2, 1170 >,
 	< 1172, 97, 1, 46, 0, 155, 3, 1171 >,
 	< 1173, 97, 6, 82, 0, 196, 8, 1172 >,
 	< 1174, 97, 8, 87, 62, 111, 7, 1173 >,
 	< 1175, 97, 9, 0, 39, 180, 0, 1174 >,
 	// order 98
 	< 1176, 98, 6, 0, 0, 126, 4, -1 >,
 	< 1177, 98, 3, 33, 37, 149, 9, 1176 >,
 	< 1178, 98, 3, 0, 0, 147, 5, 1177 >,
 	< 1179, 98, 1, 0, 35, 143, 6, 1178 >,
 	< 1180, 98, 9, 0, 0, 129, 1, 1179 >,
 	< 1181, 98, 3, 0, 33, 161, 2, 1180 >,
 	< 1182, 98, 1, 54, 0, 114, 3, 1181 >,
 	< 1183, 98, 8, 0, 0, 194, 8, 1182 >,
 	< 1184, 98, 8, 0, 83, 197, 7, 1183 >,
 	< 1185, 98, 2, 0, 81, 132, 0, 1184 >,
 	< 1186, 98, 6, 0, 30, 100, 4, 1185 >,
 	< 1187, 98, 5, 0, 59, 108, 9, 1186 >,
 	// order 99
 	< 1188, 99, 1, 0, 0, 176, 5, -1 >,
 	< 1189, 99, 5, 38, 0, 125, 6, 1188 >,
 	< 1190, 99, 10, 99, 53, 109, 1, 1189 >,
 	< 1191, 99, 9, 36, 0, 196, 2, 1190 >,
 	< 1192, 99, 9, 51, 68, 116, 3, 1191 >,
 	< 1193, 99, 2, 54, 92, 116, 8, 1192 >,
 	< 1194, 99, 1, 0, 66, 183, 7, 1193 >,
 	< 1195, 99, 10, 0, 0, 104, 0, 1194 >,
 	< 1196, 99, 4, 0, 70, 152, 4, 1195 >,
 	< 1197, 99, 7, 94, 0, 177, 9, 1196 >,
 	< 1198, 99, 2, 0, 0, 125, 5, 1197 >,
 	< 1199, 99, 4, 93, 0, 127, 6, 1198 >
 };
