/*********************************************
 * OPL 12.10.0.0 Data
 * Author: Kinast
 * Creation date: Aug 17, 2021 at 11:49:57 AM
 *********************************************/

 nOrders = 100;
 nTasks = 1200;

 nWorkgroups = 10;
 nWorkstations = 50;

 nCobots = 0;
 cobotTimeFactor = 0.7;

 workstations = {
 	< 0, "Workstation 0", 0, 1.08, 1.11, 1, 1 >,
 	< 1, "Workstation 1", 1, 1.13, 0.91, 1, 1 >,
 	< 2, "Workstation 2", 2, 0.93, 0.77, 1, 1 >,
 	< 3, "Workstation 3", 3, 1.1, 0.77, 1, 2 >,
 	< 4, "Workstation 4", 0, 0.85, 0.97, 1, 4 >,
 	< 5, "Workstation 5", 4, 1.03, 1.17, 1, 1 >,
 	< 6, "Workstation 6", 2, 1.14, 0.87, 1, 1 >,
 	< 7, "Workstation 7", 5, 1.05, 1.12, 1, 5 >,
 	< 8, "Workstation 8", 6, 1.09, 1.14, 1, 1 >,
 	< 9, "Workstation 9", 6, 0.98, 1.06, 1, 1 >,
 	< 10, "Workstation 10", 2, 0.8, 1.17, 1, 4 >,
 	< 11, "Workstation 11", 7, 0.94, 1.22, 1, 2 >,
 	< 12, "Workstation 12", 8, 1.01, 1, 1, 2 >,
 	< 13, "Workstation 13", 0, 0.89, 0.97, 1, 2 >,
 	< 14, "Workstation 14", 0, 0.96, 0.93, 1, 4 >,
 	< 15, "Workstation 15", 5, 1.2, 1.15, 1, 1 >,
 	< 16, "Workstation 16", 6, 1.04, 0.98, 1, 4 >,
 	< 17, "Workstation 17", 5, 0.88, 1.05, 1, 1 >,
 	< 18, "Workstation 18", 1, 1.04, 1.03, 1, 2 >,
 	< 19, "Workstation 19", 6, 0.92, 1.08, 1, 2 >,
 	< 20, "Workstation 20", 8, 1.2, 0.89, 1, 1 >,
 	< 21, "Workstation 21", 5, 0.84, 1.04, 1, 1 >,
 	< 22, "Workstation 22", 5, 0.93, 0.99, 1, 1 >,
 	< 23, "Workstation 23", 3, 0.81, 0.84, 1, 2 >,
 	< 24, "Workstation 24", 4, 0.85, 0.78, 1, 1 >,
 	< 25, "Workstation 25", 1, 1.06, 0.79, 1, 1 >,
 	< 26, "Workstation 26", 9, 1.06, 0.94, 1, 3 >,
 	< 27, "Workstation 27", 4, 0.94, 1.07, 1, 5 >,
 	< 28, "Workstation 28", 7, 1.23, 1.23, 1, 1 >,
 	< 29, "Workstation 29", 1, 1.05, 0.86, 1, 1 >,
 	< 30, "Workstation 30", 1, 0.8, 0.87, 1, 1 >,
 	< 31, "Workstation 31", 8, 1.11, 0.86, 1, 2 >,
 	< 32, "Workstation 32", 3, 1.24, 0.8, 1, 2 >,
 	< 33, "Workstation 33", 7, 0.82, 0.96, 1, 1 >,
 	< 34, "Workstation 34", 8, 0.97, 0.93, 1, 2 >,
 	< 35, "Workstation 35", 3, 1.21, 1.13, 1, 4 >,
 	< 36, "Workstation 36", 8, 0.95, 0.83, 1, 4 >,
 	< 37, "Workstation 37", 9, 1.01, 1.23, 1, 5 >,
 	< 38, "Workstation 38", 3, 1.21, 0.9, 1, 1 >,
 	< 39, "Workstation 39", 7, 1.23, 1.18, 1, 5 >,
 	< 40, "Workstation 40", 2, 1.19, 1.18, 1, 2 >,
 	< 41, "Workstation 41", 9, 0.89, 0.86, 1, 1 >,
 	< 42, "Workstation 42", 9, 1, 0.93, 1, 4 >,
 	< 43, "Workstation 43", 2, 1.01, 1.05, 1, 2 >,
 	< 44, "Workstation 44", 4, 0.95, 1.17, 1, 4 >,
 	< 45, "Workstation 45", 4, 0.93, 0.98, 1, 1 >,
 	< 46, "Workstation 46", 9, 1.1, 1.22, 1, 3 >,
 	< 47, "Workstation 47", 6, 0.81, 1.09, 1, 4 >,
 	< 48, "Workstation 48", 0, 0.84, 1.11, 1, 3 >,
 	< 49, "Workstation 49", 7, 1.11, 1.19, 1, 3 >
 };

 tasks = {
 	// order 0
 	< 0, 0, 7, 0, 0, 132, 9, -1 >,
 	< 1, 0, 8, 41, 0, 101, 3, 0 >,
 	< 2, 0, 9, 50, 89, 198, 8, 1 >,
 	< 3, 0, 8, 0, 0, 141, 7, 2 >,
 	< 4, 0, 8, 0, 0, 141, 6, 3 >,
 	< 5, 0, 7, 30, 83, 176, 1, 4 >,
 	< 6, 0, 1, 60, 0, 195, 5, 5 >,
 	< 7, 0, 3, 98, 0, 110, 0, 6 >,
 	< 8, 0, 4, 60, 0, 109, 2, 7 >,
 	< 9, 0, 2, 31, 0, 180, 4, 8 >,
 	< 10, 0, 1, 56, 46, 109, 9, 9 >,
 	< 11, 0, 7, 67, 84, 133, 3, 10 >,
 	// order 1
 	< 12, 1, 5, 0, 31, 106, 8, -1 >,
 	< 13, 1, 1, 69, 0, 183, 7, 12 >,
 	< 14, 1, 7, 0, 0, 116, 6, 13 >,
 	< 15, 1, 7, 52, 0, 113, 1, 14 >,
 	< 16, 1, 10, 97, 36, 143, 5, 15 >,
 	< 17, 1, 8, 90, 79, 144, 0, 16 >,
 	< 18, 1, 8, 0, 0, 112, 2, 17 >,
 	< 19, 1, 1, 0, 0, 110, 4, 18 >,
 	< 20, 1, 6, 0, 0, 143, 9, 19 >,
 	< 21, 1, 3, 0, 0, 163, 3, 20 >,
 	< 22, 1, 1, 0, 0, 159, 8, 21 >,
 	< 23, 1, 1, 0, 82, 146, 7, 22 >,
 	// order 2
 	< 24, 2, 7, 72, 0, 106, 6, -1 >,
 	< 25, 2, 2, 77, 0, 187, 1, 24 >,
 	< 26, 2, 10, 0, 0, 155, 5, 25 >,
 	< 27, 2, 2, 0, 0, 162, 0, 26 >,
 	< 28, 2, 10, 0, 66, 179, 2, 27 >,
 	< 29, 2, 4, 0, 56, 160, 4, 28 >,
 	< 30, 2, 2, 0, 0, 158, 9, 29 >,
 	< 31, 2, 3, 59, 63, 179, 3, 30 >,
 	< 32, 2, 5, 72, 88, 143, 8, 31 >,
 	< 33, 2, 1, 31, 95, 134, 7, 32 >,
 	< 34, 2, 8, 87, 96, 112, 6, 33 >,
 	< 35, 2, 2, 0, 0, 112, 1, 34 >,
 	// order 3
 	< 36, 3, 8, 0, 31, 158, 5, -1 >,
 	< 37, 3, 5, 57, 0, 156, 0, 36 >,
 	< 38, 3, 8, 41, 0, 151, 2, 37 >,
 	< 39, 3, 8, 55, 0, 155, 4, 38 >,
 	< 40, 3, 10, 0, 83, 160, 9, 39 >,
 	< 41, 3, 5, 75, 50, 145, 3, 40 >,
 	< 42, 3, 3, 53, 0, 129, 8, 41 >,
 	< 43, 3, 2, 90, 85, 163, 7, 42 >,
 	< 44, 3, 8, 0, 45, 170, 6, 43 >,
 	< 45, 3, 8, 0, 0, 143, 1, 44 >,
 	< 46, 3, 8, 76, 0, 131, 5, 45 >,
 	< 47, 3, 7, 60, 0, 164, 0, 46 >,
 	// order 4
 	< 48, 4, 2, 89, 0, 153, 2, -1 >,
 	< 49, 4, 10, 92, 0, 156, 4, 48 >,
 	< 50, 4, 9, 74, 50, 164, 9, 49 >,
 	< 51, 4, 4, 0, 0, 173, 3, 50 >,
 	< 52, 4, 10, 68, 79, 132, 8, 51 >,
 	< 53, 4, 10, 0, 77, 139, 7, 52 >,
 	< 54, 4, 4, 32, 98, 196, 6, 53 >,
 	< 55, 4, 3, 0, 0, 187, 1, 54 >,
 	< 56, 4, 10, 74, 47, 130, 5, 55 >,
 	< 57, 4, 9, 77, 0, 162, 0, 56 >,
 	< 58, 4, 1, 0, 75, 112, 2, 57 >,
 	< 59, 4, 10, 0, 0, 104, 4, 58 >,
 	// order 5
 	< 60, 5, 8, 0, 41, 152, 9, -1 >,
 	< 61, 5, 9, 38, 0, 168, 3, 60 >,
 	< 62, 5, 1, 0, 0, 187, 8, 61 >,
 	< 63, 5, 1, 94, 0, 146, 7, 62 >,
 	< 64, 5, 1, 0, 0, 117, 6, 63 >,
 	< 65, 5, 4, 52, 0, 139, 1, 64 >,
 	< 66, 5, 1, 99, 89, 120, 5, 65 >,
 	< 67, 5, 2, 57, 0, 102, 0, 66 >,
 	< 68, 5, 5, 84, 100, 129, 2, 67 >,
 	< 69, 5, 5, 69, 33, 121, 4, 68 >,
 	< 70, 5, 7, 43, 0, 149, 9, 69 >,
 	< 71, 5, 9, 0, 0, 120, 3, 70 >,
 	// order 6
 	< 72, 6, 6, 0, 0, 147, 8, -1 >,
 	< 73, 6, 8, 0, 0, 193, 7, 72 >,
 	< 74, 6, 8, 0, 0, 145, 6, 73 >,
 	< 75, 6, 3, 0, 0, 125, 1, 74 >,
 	< 76, 6, 7, 0, 0, 131, 5, 75 >,
 	< 77, 6, 4, 88, 75, 131, 0, 76 >,
 	< 78, 6, 10, 43, 31, 118, 2, 77 >,
 	< 79, 6, 1, 94, 76, 112, 4, 78 >,
 	< 80, 6, 3, 0, 0, 100, 9, 79 >,
 	< 81, 6, 9, 0, 83, 137, 3, 80 >,
 	< 82, 6, 10, 84, 77, 114, 8, 81 >,
 	< 83, 6, 1, 86, 0, 115, 7, 82 >,
 	// order 7
 	< 84, 7, 9, 0, 0, 168, 6, -1 >,
 	< 85, 7, 8, 0, 0, 102, 1, 84 >,
 	< 86, 7, 4, 0, 0, 176, 5, 85 >,
 	< 87, 7, 6, 0, 94, 117, 0, 86 >,
 	< 88, 7, 4, 63, 0, 189, 2, 87 >,
 	< 89, 7, 10, 0, 59, 180, 4, 88 >,
 	< 90, 7, 4, 0, 30, 110, 9, 89 >,
 	< 91, 7, 2, 0, 0, 190, 3, 90 >,
 	< 92, 7, 10, 0, 0, 181, 8, 91 >,
 	< 93, 7, 2, 56, 86, 114, 7, 92 >,
 	< 94, 7, 2, 0, 46, 191, 6, 93 >,
 	< 95, 7, 5, 93, 0, 194, 1, 94 >,
 	// order 8
 	< 96, 8, 5, 0, 52, 124, 5, -1 >,
 	< 97, 8, 9, 57, 0, 101, 0, 96 >,
 	< 98, 8, 6, 0, 0, 101, 2, 97 >,
 	< 99, 8, 1, 38, 0, 131, 4, 98 >,
 	< 100, 8, 4, 32, 0, 161, 9, 99 >,
 	< 101, 8, 3, 0, 87, 109, 3, 100 >,
 	< 102, 8, 6, 0, 0, 146, 8, 101 >,
 	< 103, 8, 4, 0, 68, 195, 7, 102 >,
 	< 104, 8, 6, 0, 99, 144, 6, 103 >,
 	< 105, 8, 8, 34, 0, 175, 1, 104 >,
 	< 106, 8, 3, 0, 0, 185, 5, 105 >,
 	< 107, 8, 6, 60, 0, 200, 0, 106 >,
 	// order 9
 	< 108, 9, 4, 0, 47, 117, 2, -1 >,
 	< 109, 9, 3, 89, 0, 164, 4, 108 >,
 	< 110, 9, 9, 52, 0, 117, 9, 109 >,
 	< 111, 9, 6, 63, 72, 145, 3, 110 >,
 	< 112, 9, 1, 0, 0, 185, 8, 111 >,
 	< 113, 9, 6, 51, 0, 168, 7, 112 >,
 	< 114, 9, 8, 32, 45, 189, 6, 113 >,
 	< 115, 9, 8, 0, 78, 158, 1, 114 >,
 	< 116, 9, 10, 0, 0, 136, 5, 115 >,
 	< 117, 9, 2, 32, 0, 135, 0, 116 >,
 	< 118, 9, 6, 0, 87, 155, 2, 117 >,
 	< 119, 9, 3, 72, 0, 158, 4, 118 >,
 	// order 10
 	< 120, 10, 5, 65, 94, 190, 9, -1 >,
 	< 121, 10, 6, 97, 0, 176, 3, 120 >,
 	< 122, 10, 10, 89, 0, 150, 8, 121 >,
 	< 123, 10, 9, 91, 78, 186, 7, 122 >,
 	< 124, 10, 2, 36, 0, 104, 6, 123 >,
 	< 125, 10, 3, 0, 31, 114, 1, 124 >,
 	< 126, 10, 7, 0, 0, 102, 5, 125 >,
 	< 127, 10, 5, 66, 0, 164, 0, 126 >,
 	< 128, 10, 3, 0, 72, 166, 2, 127 >,
 	< 129, 10, 5, 0, 32, 139, 4, 128 >,
 	< 130, 10, 2, 80, 69, 136, 9, 129 >,
 	< 131, 10, 6, 60, 52, 147, 3, 130 >,
 	// order 11
 	< 132, 11, 10, 0, 47, 171, 8, -1 >,
 	< 133, 11, 6, 34, 0, 125, 7, 132 >,
 	< 134, 11, 5, 0, 0, 177, 6, 133 >,
 	< 135, 11, 4, 0, 0, 100, 1, 134 >,
 	< 136, 11, 10, 0, 0, 157, 5, 135 >,
 	< 137, 11, 10, 0, 44, 173, 0, 136 >,
 	< 138, 11, 7, 99, 0, 161, 2, 137 >,
 	< 139, 11, 4, 36, 99, 142, 4, 138 >,
 	< 140, 11, 8, 0, 99, 107, 9, 139 >,
 	< 141, 11, 9, 0, 63, 179, 3, 140 >,
 	< 142, 11, 10, 0, 0, 143, 8, 141 >,
 	< 143, 11, 9, 55, 0, 135, 7, 142 >,
 	// order 12
 	< 144, 12, 2, 0, 89, 132, 6, -1 >,
 	< 145, 12, 2, 0, 0, 179, 1, 144 >,
 	< 146, 12, 8, 77, 59, 101, 5, 145 >,
 	< 147, 12, 3, 0, 39, 149, 0, 146 >,
 	< 148, 12, 1, 0, 0, 172, 2, 147 >,
 	< 149, 12, 10, 87, 76, 175, 4, 148 >,
 	< 150, 12, 5, 0, 45, 180, 9, 149 >,
 	< 151, 12, 2, 0, 64, 185, 3, 150 >,
 	< 152, 12, 8, 68, 91, 111, 8, 151 >,
 	< 153, 12, 2, 38, 0, 136, 7, 152 >,
 	< 154, 12, 3, 0, 49, 110, 6, 153 >,
 	< 155, 12, 10, 93, 53, 148, 1, 154 >,
 	// order 13
 	< 156, 13, 6, 0, 0, 116, 5, -1 >,
 	< 157, 13, 1, 73, 30, 185, 0, 156 >,
 	< 158, 13, 2, 0, 57, 155, 2, 157 >,
 	< 159, 13, 4, 89, 0, 109, 4, 158 >,
 	< 160, 13, 8, 0, 0, 121, 9, 159 >,
 	< 161, 13, 3, 96, 40, 145, 3, 160 >,
 	< 162, 13, 8, 67, 0, 116, 8, 161 >,
 	< 163, 13, 5, 79, 0, 161, 7, 162 >,
 	< 164, 13, 1, 0, 0, 152, 6, 163 >,
 	< 165, 13, 1, 43, 69, 168, 1, 164 >,
 	< 166, 13, 10, 0, 0, 123, 5, 165 >,
 	< 167, 13, 8, 0, 33, 195, 0, 166 >,
 	// order 14
 	< 168, 14, 3, 95, 69, 108, 2, -1 >,
 	< 169, 14, 4, 64, 0, 105, 4, 168 >,
 	< 170, 14, 7, 0, 92, 200, 9, 169 >,
 	< 171, 14, 6, 0, 38, 127, 3, 170 >,
 	< 172, 14, 6, 0, 0, 146, 8, 171 >,
 	< 173, 14, 6, 77, 0, 153, 7, 172 >,
 	< 174, 14, 2, 76, 89, 196, 6, 173 >,
 	< 175, 14, 2, 73, 0, 177, 1, 174 >,
 	< 176, 14, 2, 77, 35, 179, 5, 175 >,
 	< 177, 14, 4, 0, 0, 123, 0, 176 >,
 	< 178, 14, 8, 96, 81, 161, 2, 177 >,
 	< 179, 14, 8, 0, 0, 138, 4, 178 >,
 	// order 15
 	< 180, 15, 7, 0, 37, 121, 9, -1 >,
 	< 181, 15, 10, 0, 95, 183, 3, 180 >,
 	< 182, 15, 10, 59, 0, 107, 8, 181 >,
 	< 183, 15, 9, 0, 57, 173, 7, 182 >,
 	< 184, 15, 4, 0, 0, 129, 6, 183 >,
 	< 185, 15, 4, 0, 35, 110, 1, 184 >,
 	< 186, 15, 4, 0, 0, 157, 5, 185 >,
 	< 187, 15, 1, 0, 82, 157, 0, 186 >,
 	< 188, 15, 3, 0, 0, 144, 2, 187 >,
 	< 189, 15, 4, 0, 0, 104, 4, 188 >,
 	< 190, 15, 4, 72, 46, 114, 9, 189 >,
 	< 191, 15, 9, 0, 0, 128, 3, 190 >,
 	// order 16
 	< 192, 16, 4, 80, 0, 122, 8, -1 >,
 	< 193, 16, 4, 70, 0, 175, 7, 192 >,
 	< 194, 16, 2, 0, 0, 133, 6, 193 >,
 	< 195, 16, 2, 54, 0, 134, 1, 194 >,
 	< 196, 16, 10, 76, 0, 134, 5, 195 >,
 	< 197, 16, 7, 0, 0, 122, 0, 196 >,
 	< 198, 16, 2, 0, 0, 125, 2, 197 >,
 	< 199, 16, 1, 54, 0, 185, 4, 198 >,
 	< 200, 16, 2, 35, 87, 197, 9, 199 >,
 	< 201, 16, 5, 32, 0, 127, 3, 200 >,
 	< 202, 16, 8, 0, 74, 198, 8, 201 >,
 	< 203, 16, 1, 0, 73, 138, 7, 202 >,
 	// order 17
 	< 204, 17, 6, 0, 69, 145, 6, -1 >,
 	< 205, 17, 2, 0, 52, 139, 1, 204 >,
 	< 206, 17, 10, 0, 47, 134, 5, 205 >,
 	< 207, 17, 3, 0, 0, 169, 0, 206 >,
 	< 208, 17, 6, 0, 85, 120, 2, 207 >,
 	< 209, 17, 5, 61, 49, 196, 4, 208 >,
 	< 210, 17, 6, 62, 0, 157, 9, 209 >,
 	< 211, 17, 9, 0, 0, 136, 3, 210 >,
 	< 212, 17, 8, 0, 0, 172, 8, 211 >,
 	< 213, 17, 10, 0, 62, 156, 7, 212 >,
 	< 214, 17, 3, 88, 0, 103, 6, 213 >,
 	< 215, 17, 1, 95, 0, 163, 1, 214 >,
 	// order 18
 	< 216, 18, 2, 83, 72, 135, 5, -1 >,
 	< 217, 18, 9, 0, 64, 168, 0, 216 >,
 	< 218, 18, 6, 0, 0, 183, 2, 217 >,
 	< 219, 18, 10, 0, 0, 190, 4, 218 >,
 	< 220, 18, 9, 79, 0, 189, 9, 219 >,
 	< 221, 18, 5, 39, 0, 158, 3, 220 >,
 	< 222, 18, 5, 76, 73, 199, 8, 221 >,
 	< 223, 18, 7, 0, 0, 144, 7, 222 >,
 	< 224, 18, 4, 0, 43, 198, 6, 223 >,
 	< 225, 18, 9, 79, 49, 111, 1, 224 >,
 	< 226, 18, 7, 31, 0, 172, 5, 225 >,
 	< 227, 18, 5, 0, 43, 103, 0, 226 >,
 	// order 19
 	< 228, 19, 3, 0, 41, 197, 2, -1 >,
 	< 229, 19, 1, 58, 0, 121, 4, 228 >,
 	< 230, 19, 10, 96, 78, 199, 9, 229 >,
 	< 231, 19, 6, 0, 0, 170, 3, 230 >,
 	< 232, 19, 9, 0, 0, 147, 8, 231 >,
 	< 233, 19, 8, 74, 0, 191, 7, 232 >,
 	< 234, 19, 6, 0, 0, 126, 6, 233 >,
 	< 235, 19, 5, 0, 40, 102, 1, 234 >,
 	< 236, 19, 1, 84, 0, 147, 5, 235 >,
 	< 237, 19, 1, 0, 74, 148, 0, 236 >,
 	< 238, 19, 8, 93, 0, 187, 2, 237 >,
 	< 239, 19, 5, 0, 43, 131, 4, 238 >,
 	// order 20
 	< 240, 20, 4, 0, 0, 195, 9, -1 >,
 	< 241, 20, 6, 35, 82, 154, 3, 240 >,
 	< 242, 20, 4, 89, 0, 127, 8, 241 >,
 	< 243, 20, 2, 70, 0, 113, 7, 242 >,
 	< 244, 20, 3, 0, 0, 115, 6, 243 >,
 	< 245, 20, 3, 0, 94, 128, 1, 244 >,
 	< 246, 20, 8, 0, 0, 156, 5, 245 >,
 	< 247, 20, 9, 100, 0, 182, 0, 246 >,
 	< 248, 20, 8, 99, 0, 187, 2, 247 >,
 	< 249, 20, 1, 0, 92, 141, 4, 248 >,
 	< 250, 20, 10, 70, 81, 106, 9, 249 >,
 	< 251, 20, 1, 0, 47, 171, 3, 250 >,
 	// order 21
 	< 252, 21, 4, 42, 0, 198, 8, -1 >,
 	< 253, 21, 4, 56, 0, 183, 7, 252 >,
 	< 254, 21, 3, 37, 39, 115, 6, 253 >,
 	< 255, 21, 9, 0, 0, 105, 1, 254 >,
 	< 256, 21, 4, 0, 0, 197, 5, 255 >,
 	< 257, 21, 6, 0, 78, 150, 0, 256 >,
 	< 258, 21, 8, 0, 0, 122, 2, 257 >,
 	< 259, 21, 2, 0, 87, 197, 4, 258 >,
 	< 260, 21, 9, 38, 0, 188, 9, 259 >,
 	< 261, 21, 6, 32, 0, 184, 3, 260 >,
 	< 262, 21, 6, 47, 61, 118, 8, 261 >,
 	< 263, 21, 4, 0, 44, 192, 7, 262 >,
 	// order 22
 	< 264, 22, 8, 51, 46, 135, 6, -1 >,
 	< 265, 22, 10, 0, 51, 119, 1, 264 >,
 	< 266, 22, 4, 60, 0, 195, 5, 265 >,
 	< 267, 22, 9, 0, 51, 153, 0, 266 >,
 	< 268, 22, 8, 36, 67, 162, 2, 267 >,
 	< 269, 22, 9, 0, 60, 128, 4, 268 >,
 	< 270, 22, 7, 0, 0, 107, 9, 269 >,
 	< 271, 22, 9, 75, 0, 169, 3, 270 >,
 	< 272, 22, 6, 0, 58, 156, 8, 271 >,
 	< 273, 22, 5, 0, 47, 145, 7, 272 >,
 	< 274, 22, 7, 93, 0, 104, 6, 273 >,
 	< 275, 22, 10, 0, 0, 171, 1, 274 >,
 	// order 23
 	< 276, 23, 8, 0, 0, 121, 5, -1 >,
 	< 277, 23, 9, 82, 53, 139, 0, 276 >,
 	< 278, 23, 2, 0, 61, 161, 2, 277 >,
 	< 279, 23, 10, 0, 0, 170, 4, 278 >,
 	< 280, 23, 1, 0, 0, 188, 9, 279 >,
 	< 281, 23, 8, 0, 51, 171, 3, 280 >,
 	< 282, 23, 7, 0, 0, 162, 8, 281 >,
 	< 283, 23, 4, 65, 39, 124, 7, 282 >,
 	< 284, 23, 7, 0, 73, 109, 6, 283 >,
 	< 285, 23, 6, 0, 0, 184, 1, 284 >,
 	< 286, 23, 6, 0, 0, 178, 5, 285 >,
 	< 287, 23, 7, 48, 67, 124, 0, 286 >,
 	// order 24
 	< 288, 24, 7, 33, 32, 113, 2, -1 >,
 	< 289, 24, 3, 0, 96, 185, 4, 288 >,
 	< 290, 24, 10, 0, 31, 159, 9, 289 >,
 	< 291, 24, 3, 0, 0, 111, 3, 290 >,
 	< 292, 24, 3, 41, 84, 142, 8, 291 >,
 	< 293, 24, 3, 0, 37, 107, 7, 292 >,
 	< 294, 24, 4, 53, 0, 137, 6, 293 >,
 	< 295, 24, 7, 86, 0, 183, 1, 294 >,
 	< 296, 24, 4, 47, 71, 125, 5, 295 >,
 	< 297, 24, 7, 34, 0, 105, 0, 296 >,
 	< 298, 24, 2, 0, 99, 173, 2, 297 >,
 	< 299, 24, 1, 73, 99, 172, 4, 298 >,
 	// order 25
 	< 300, 25, 4, 66, 80, 132, 9, -1 >,
 	< 301, 25, 7, 52, 0, 101, 3, 300 >,
 	< 302, 25, 3, 33, 99, 118, 8, 301 >,
 	< 303, 25, 2, 68, 0, 181, 7, 302 >,
 	< 304, 25, 1, 0, 56, 152, 6, 303 >,
 	< 305, 25, 7, 33, 0, 157, 1, 304 >,
 	< 306, 25, 9, 45, 0, 148, 5, 305 >,
 	< 307, 25, 7, 49, 0, 110, 0, 306 >,
 	< 308, 25, 10, 36, 0, 101, 2, 307 >,
 	< 309, 25, 10, 36, 61, 128, 4, 308 >,
 	< 310, 25, 5, 0, 89, 129, 9, 309 >,
 	< 311, 25, 5, 0, 31, 142, 3, 310 >,
 	// order 26
 	< 312, 26, 3, 0, 0, 144, 8, -1 >,
 	< 313, 26, 4, 66, 70, 162, 7, 312 >,
 	< 314, 26, 4, 0, 0, 183, 6, 313 >,
 	< 315, 26, 4, 0, 0, 136, 1, 314 >,
 	< 316, 26, 6, 62, 0, 174, 5, 315 >,
 	< 317, 26, 3, 0, 0, 163, 0, 316 >,
 	< 318, 26, 6, 0, 0, 122, 2, 317 >,
 	< 319, 26, 5, 0, 80, 141, 4, 318 >,
 	< 320, 26, 7, 80, 0, 129, 9, 319 >,
 	< 321, 26, 6, 0, 96, 199, 3, 320 >,
 	< 322, 26, 10, 62, 0, 198, 8, 321 >,
 	< 323, 26, 10, 0, 0, 196, 7, 322 >,
 	// order 27
 	< 324, 27, 9, 0, 0, 102, 6, -1 >,
 	< 325, 27, 10, 0, 53, 138, 1, 324 >,
 	< 326, 27, 5, 57, 38, 197, 5, 325 >,
 	< 327, 27, 5, 76, 67, 189, 0, 326 >,
 	< 328, 27, 4, 55, 0, 141, 2, 327 >,
 	< 329, 27, 9, 0, 0, 122, 4, 328 >,
 	< 330, 27, 3, 0, 81, 184, 9, 329 >,
 	< 331, 27, 10, 76, 92, 133, 3, 330 >,
 	< 332, 27, 3, 59, 0, 160, 8, 331 >,
 	< 333, 27, 3, 64, 46, 131, 7, 332 >,
 	< 334, 27, 8, 34, 71, 180, 6, 333 >,
 	< 335, 27, 7, 54, 51, 115, 1, 334 >,
 	// order 28
 	< 336, 28, 2, 65, 49, 104, 5, -1 >,
 	< 337, 28, 10, 0, 74, 120, 0, 336 >,
 	< 338, 28, 7, 65, 0, 183, 2, 337 >,
 	< 339, 28, 2, 0, 53, 200, 4, 338 >,
 	< 340, 28, 10, 45, 50, 134, 9, 339 >,
 	< 341, 28, 8, 0, 0, 152, 3, 340 >,
 	< 342, 28, 5, 68, 0, 147, 8, 341 >,
 	< 343, 28, 1, 0, 0, 144, 7, 342 >,
 	< 344, 28, 8, 0, 0, 107, 6, 343 >,
 	< 345, 28, 5, 0, 36, 151, 1, 344 >,
 	< 346, 28, 8, 0, 0, 123, 5, 345 >,
 	< 347, 28, 10, 0, 0, 103, 0, 346 >,
 	// order 29
 	< 348, 29, 3, 0, 80, 127, 2, -1 >,
 	< 349, 29, 1, 37, 78, 106, 4, 348 >,
 	< 350, 29, 3, 81, 89, 118, 9, 349 >,
 	< 351, 29, 7, 65, 0, 177, 3, 350 >,
 	< 352, 29, 3, 0, 0, 119, 8, 351 >,
 	< 353, 29, 3, 57, 0, 198, 7, 352 >,
 	< 354, 29, 4, 0, 0, 182, 6, 353 >,
 	< 355, 29, 1, 0, 61, 108, 1, 354 >,
 	< 356, 29, 8, 82, 92, 186, 5, 355 >,
 	< 357, 29, 7, 0, 51, 104, 0, 356 >,
 	< 358, 29, 4, 0, 68, 151, 2, 357 >,
 	< 359, 29, 1, 62, 0, 177, 4, 358 >,
 	// order 30
 	< 360, 30, 9, 62, 78, 117, 9, -1 >,
 	< 361, 30, 4, 81, 0, 146, 3, 360 >,
 	< 362, 30, 2, 80, 31, 147, 8, 361 >,
 	< 363, 30, 5, 0, 0, 122, 7, 362 >,
 	< 364, 30, 3, 0, 0, 164, 6, 363 >,
 	< 365, 30, 1, 0, 51, 200, 1, 364 >,
 	< 366, 30, 8, 0, 0, 132, 5, 365 >,
 	< 367, 30, 10, 0, 0, 104, 0, 366 >,
 	< 368, 30, 2, 51, 0, 189, 2, 367 >,
 	< 369, 30, 9, 40, 100, 101, 4, 368 >,
 	< 370, 30, 5, 42, 0, 157, 9, 369 >,
 	< 371, 30, 6, 75, 0, 107, 3, 370 >,
 	// order 31
 	< 372, 31, 7, 65, 82, 170, 8, -1 >,
 	< 373, 31, 2, 62, 50, 174, 7, 372 >,
 	< 374, 31, 5, 0, 43, 108, 6, 373 >,
 	< 375, 31, 4, 0, 64, 155, 1, 374 >,
 	< 376, 31, 4, 88, 0, 157, 5, 375 >,
 	< 377, 31, 2, 84, 0, 160, 0, 376 >,
 	< 378, 31, 1, 70, 87, 154, 2, 377 >,
 	< 379, 31, 2, 0, 0, 133, 4, 378 >,
 	< 380, 31, 1, 0, 83, 116, 9, 379 >,
 	< 381, 31, 9, 0, 0, 146, 3, 380 >,
 	< 382, 31, 3, 0, 71, 106, 8, 381 >,
 	< 383, 31, 5, 85, 0, 113, 7, 382 >,
 	// order 32
 	< 384, 32, 10, 0, 56, 168, 6, -1 >,
 	< 385, 32, 8, 0, 88, 138, 1, 384 >,
 	< 386, 32, 6, 0, 0, 123, 5, 385 >,
 	< 387, 32, 2, 0, 0, 114, 0, 386 >,
 	< 388, 32, 1, 0, 87, 141, 2, 387 >,
 	< 389, 32, 4, 0, 0, 141, 4, 388 >,
 	< 390, 32, 4, 60, 0, 176, 9, 389 >,
 	< 391, 32, 9, 0, 0, 131, 3, 390 >,
 	< 392, 32, 4, 33, 0, 171, 8, 391 >,
 	< 393, 32, 2, 30, 38, 135, 7, 392 >,
 	< 394, 32, 4, 0, 53, 148, 6, 393 >,
 	< 395, 32, 8, 0, 0, 118, 1, 394 >,
 	// order 33
 	< 396, 33, 7, 0, 0, 150, 5, -1 >,
 	< 397, 33, 3, 0, 0, 139, 0, 396 >,
 	< 398, 33, 2, 55, 0, 183, 2, 397 >,
 	< 399, 33, 9, 0, 0, 110, 4, 398 >,
 	< 400, 33, 1, 64, 0, 141, 9, 399 >,
 	< 401, 33, 4, 89, 0, 195, 3, 400 >,
 	< 402, 33, 10, 0, 32, 171, 8, 401 >,
 	< 403, 33, 6, 0, 31, 157, 7, 402 >,
 	< 404, 33, 6, 74, 41, 181, 6, 403 >,
 	< 405, 33, 2, 52, 72, 151, 1, 404 >,
 	< 406, 33, 1, 0, 71, 197, 5, 405 >,
 	< 407, 33, 10, 0, 54, 167, 0, 406 >,
 	// order 34
 	< 408, 34, 3, 0, 0, 130, 2, -1 >,
 	< 409, 34, 5, 76, 0, 161, 4, 408 >,
 	< 410, 34, 2, 0, 69, 127, 9, 409 >,
 	< 411, 34, 9, 0, 0, 160, 3, 410 >,
 	< 412, 34, 3, 0, 62, 135, 8, 411 >,
 	< 413, 34, 5, 52, 0, 112, 7, 412 >,
 	< 414, 34, 7, 0, 0, 105, 6, 413 >,
 	< 415, 34, 3, 64, 0, 173, 1, 414 >,
 	< 416, 34, 9, 0, 0, 111, 5, 415 >,
 	< 417, 34, 9, 62, 0, 142, 0, 416 >,
 	< 418, 34, 9, 0, 63, 184, 2, 417 >,
 	< 419, 34, 7, 40, 0, 182, 4, 418 >,
 	// order 35
 	< 420, 35, 8, 51, 0, 141, 9, -1 >,
 	< 421, 35, 6, 51, 30, 144, 3, 420 >,
 	< 422, 35, 7, 58, 46, 129, 8, 421 >,
 	< 423, 35, 10, 0, 65, 190, 7, 422 >,
 	< 424, 35, 10, 64, 60, 113, 6, 423 >,
 	< 425, 35, 5, 55, 0, 174, 1, 424 >,
 	< 426, 35, 7, 91, 38, 197, 5, 425 >,
 	< 427, 35, 6, 76, 62, 198, 0, 426 >,
 	< 428, 35, 2, 50, 72, 131, 2, 427 >,
 	< 429, 35, 8, 0, 0, 132, 4, 428 >,
 	< 430, 35, 9, 81, 63, 109, 9, 429 >,
 	< 431, 35, 8, 85, 55, 195, 3, 430 >,
 	// order 36
 	< 432, 36, 2, 93, 42, 195, 8, -1 >,
 	< 433, 36, 5, 90, 0, 149, 7, 432 >,
 	< 434, 36, 7, 0, 0, 114, 6, 433 >,
 	< 435, 36, 5, 70, 30, 125, 1, 434 >,
 	< 436, 36, 4, 97, 60, 148, 5, 435 >,
 	< 437, 36, 5, 0, 30, 182, 0, 436 >,
 	< 438, 36, 7, 0, 0, 160, 2, 437 >,
 	< 439, 36, 9, 40, 71, 180, 4, 438 >,
 	< 440, 36, 5, 59, 0, 135, 9, 439 >,
 	< 441, 36, 2, 51, 45, 107, 3, 440 >,
 	< 442, 36, 4, 85, 97, 186, 8, 441 >,
 	< 443, 36, 8, 0, 58, 104, 7, 442 >,
 	// order 37
 	< 444, 37, 1, 99, 0, 181, 6, -1 >,
 	< 445, 37, 6, 97, 0, 172, 1, 444 >,
 	< 446, 37, 5, 0, 32, 153, 5, 445 >,
 	< 447, 37, 7, 0, 0, 154, 0, 446 >,
 	< 448, 37, 10, 86, 49, 153, 2, 447 >,
 	< 449, 37, 8, 91, 0, 141, 4, 448 >,
 	< 450, 37, 4, 58, 0, 170, 9, 449 >,
 	< 451, 37, 8, 0, 0, 136, 3, 450 >,
 	< 452, 37, 5, 32, 55, 193, 8, 451 >,
 	< 453, 37, 3, 88, 0, 116, 7, 452 >,
 	< 454, 37, 7, 0, 0, 143, 6, 453 >,
 	< 455, 37, 3, 0, 80, 159, 1, 454 >,
 	// order 38
 	< 456, 38, 1, 82, 31, 132, 5, -1 >,
 	< 457, 38, 9, 0, 0, 133, 0, 456 >,
 	< 458, 38, 8, 90, 39, 128, 2, 457 >,
 	< 459, 38, 8, 56, 0, 130, 4, 458 >,
 	< 460, 38, 9, 61, 83, 124, 9, 459 >,
 	< 461, 38, 2, 44, 0, 181, 3, 460 >,
 	< 462, 38, 5, 49, 97, 115, 8, 461 >,
 	< 463, 38, 8, 0, 0, 116, 7, 462 >,
 	< 464, 38, 5, 0, 73, 181, 6, 463 >,
 	< 465, 38, 3, 0, 0, 144, 1, 464 >,
 	< 466, 38, 3, 55, 0, 128, 5, 465 >,
 	< 467, 38, 9, 0, 48, 108, 0, 466 >,
 	// order 39
 	< 468, 39, 7, 0, 0, 193, 2, -1 >,
 	< 469, 39, 10, 0, 0, 168, 4, 468 >,
 	< 470, 39, 6, 0, 45, 133, 9, 469 >,
 	< 471, 39, 3, 0, 0, 143, 3, 470 >,
 	< 472, 39, 8, 0, 32, 183, 8, 471 >,
 	< 473, 39, 9, 37, 0, 107, 7, 472 >,
 	< 474, 39, 4, 80, 41, 151, 6, 473 >,
 	< 475, 39, 10, 0, 0, 123, 1, 474 >,
 	< 476, 39, 6, 64, 67, 178, 5, 475 >,
 	< 477, 39, 9, 35, 0, 112, 0, 476 >,
 	< 478, 39, 2, 62, 80, 132, 2, 477 >,
 	< 479, 39, 1, 49, 0, 182, 4, 478 >,
 	// order 40
 	< 480, 40, 8, 0, 79, 183, 9, -1 >,
 	< 481, 40, 7, 0, 56, 182, 3, 480 >,
 	< 482, 40, 1, 0, 39, 180, 8, 481 >,
 	< 483, 40, 4, 33, 0, 197, 7, 482 >,
 	< 484, 40, 1, 0, 45, 104, 6, 483 >,
 	< 485, 40, 3, 0, 0, 118, 1, 484 >,
 	< 486, 40, 10, 85, 82, 193, 5, 485 >,
 	< 487, 40, 5, 89, 38, 134, 0, 486 >,
 	< 488, 40, 4, 51, 0, 183, 2, 487 >,
 	< 489, 40, 6, 0, 100, 154, 4, 488 >,
 	< 490, 40, 9, 0, 0, 179, 9, 489 >,
 	< 491, 40, 8, 0, 76, 159, 3, 490 >,
 	// order 41
 	< 492, 41, 6, 0, 62, 124, 8, -1 >,
 	< 493, 41, 3, 0, 0, 120, 7, 492 >,
 	< 494, 41, 4, 78, 0, 190, 6, 493 >,
 	< 495, 41, 7, 40, 41, 121, 1, 494 >,
 	< 496, 41, 7, 67, 0, 138, 5, 495 >,
 	< 497, 41, 8, 49, 43, 134, 0, 496 >,
 	< 498, 41, 2, 0, 0, 155, 2, 497 >,
 	< 499, 41, 4, 58, 0, 177, 4, 498 >,
 	< 500, 41, 5, 0, 0, 157, 9, 499 >,
 	< 501, 41, 5, 81, 0, 188, 3, 500 >,
 	< 502, 41, 2, 62, 0, 144, 8, 501 >,
 	< 503, 41, 10, 65, 0, 108, 7, 502 >,
 	// order 42
 	< 504, 42, 5, 34, 0, 101, 6, -1 >,
 	< 505, 42, 1, 0, 81, 134, 1, 504 >,
 	< 506, 42, 4, 82, 57, 172, 5, 505 >,
 	< 507, 42, 2, 97, 67, 104, 0, 506 >,
 	< 508, 42, 2, 0, 71, 189, 2, 507 >,
 	< 509, 42, 7, 60, 87, 152, 4, 508 >,
 	< 510, 42, 4, 100, 0, 127, 9, 509 >,
 	< 511, 42, 2, 30, 0, 200, 3, 510 >,
 	< 512, 42, 1, 51, 92, 107, 8, 511 >,
 	< 513, 42, 8, 46, 69, 157, 7, 512 >,
 	< 514, 42, 5, 77, 0, 143, 6, 513 >,
 	< 515, 42, 2, 84, 0, 160, 1, 514 >,
 	// order 43
 	< 516, 43, 6, 0, 0, 198, 5, -1 >,
 	< 517, 43, 4, 0, 59, 139, 0, 516 >,
 	< 518, 43, 8, 0, 0, 112, 2, 517 >,
 	< 519, 43, 9, 82, 0, 160, 4, 518 >,
 	< 520, 43, 1, 66, 0, 197, 9, 519 >,
 	< 521, 43, 8, 0, 0, 176, 3, 520 >,
 	< 522, 43, 10, 61, 0, 158, 8, 521 >,
 	< 523, 43, 8, 0, 0, 100, 7, 522 >,
 	< 524, 43, 5, 78, 0, 181, 6, 523 >,
 	< 525, 43, 9, 0, 58, 138, 1, 524 >,
 	< 526, 43, 5, 88, 37, 114, 5, 525 >,
 	< 527, 43, 8, 36, 0, 133, 0, 526 >,
 	// order 44
 	< 528, 44, 7, 31, 100, 169, 2, -1 >,
 	< 529, 44, 10, 0, 54, 170, 4, 528 >,
 	< 530, 44, 8, 52, 0, 192, 9, 529 >,
 	< 531, 44, 6, 79, 0, 115, 3, 530 >,
 	< 532, 44, 4, 92, 37, 104, 8, 531 >,
 	< 533, 44, 4, 0, 38, 133, 7, 532 >,
 	< 534, 44, 9, 81, 0, 167, 6, 533 >,
 	< 535, 44, 9, 38, 0, 131, 1, 534 >,
 	< 536, 44, 9, 0, 32, 130, 5, 535 >,
 	< 537, 44, 4, 46, 0, 170, 0, 536 >,
 	< 538, 44, 4, 0, 0, 134, 2, 537 >,
 	< 539, 44, 1, 0, 93, 165, 4, 538 >,
 	// order 45
 	< 540, 45, 7, 0, 46, 136, 9, -1 >,
 	< 541, 45, 10, 72, 0, 124, 3, 540 >,
 	< 542, 45, 7, 0, 94, 185, 8, 541 >,
 	< 543, 45, 6, 36, 87, 168, 7, 542 >,
 	< 544, 45, 4, 74, 0, 194, 6, 543 >,
 	< 545, 45, 7, 0, 0, 106, 1, 544 >,
 	< 546, 45, 6, 0, 63, 160, 5, 545 >,
 	< 547, 45, 10, 0, 60, 106, 0, 546 >,
 	< 548, 45, 5, 98, 67, 162, 2, 547 >,
 	< 549, 45, 9, 0, 0, 180, 4, 548 >,
 	< 550, 45, 3, 0, 36, 198, 9, 549 >,
 	< 551, 45, 3, 0, 0, 180, 3, 550 >,
 	// order 46
 	< 552, 46, 5, 0, 0, 121, 8, -1 >,
 	< 553, 46, 10, 56, 0, 109, 7, 552 >,
 	< 554, 46, 4, 65, 76, 184, 6, 553 >,
 	< 555, 46, 4, 57, 37, 181, 1, 554 >,
 	< 556, 46, 2, 0, 0, 159, 5, 555 >,
 	< 557, 46, 8, 0, 88, 150, 0, 556 >,
 	< 558, 46, 4, 0, 30, 100, 2, 557 >,
 	< 559, 46, 8, 0, 100, 127, 4, 558 >,
 	< 560, 46, 2, 0, 94, 143, 9, 559 >,
 	< 561, 46, 3, 0, 0, 187, 3, 560 >,
 	< 562, 46, 8, 0, 69, 104, 8, 561 >,
 	< 563, 46, 10, 0, 42, 162, 7, 562 >,
 	// order 47
 	< 564, 47, 2, 0, 53, 160, 6, -1 >,
 	< 565, 47, 10, 0, 97, 165, 1, 564 >,
 	< 566, 47, 1, 0, 0, 140, 5, 565 >,
 	< 567, 47, 7, 55, 0, 157, 0, 566 >,
 	< 568, 47, 8, 0, 0, 111, 2, 567 >,
 	< 569, 47, 8, 0, 0, 147, 4, 568 >,
 	< 570, 47, 10, 30, 97, 193, 9, 569 >,
 	< 571, 47, 10, 34, 0, 112, 3, 570 >,
 	< 572, 47, 2, 100, 54, 174, 8, 571 >,
 	< 573, 47, 9, 0, 63, 193, 7, 572 >,
 	< 574, 47, 1, 96, 0, 144, 6, 573 >,
 	< 575, 47, 4, 36, 0, 124, 1, 574 >,
 	// order 48
 	< 576, 48, 2, 67, 97, 197, 5, -1 >,
 	< 577, 48, 2, 0, 0, 157, 0, 576 >,
 	< 578, 48, 6, 46, 0, 164, 2, 577 >,
 	< 579, 48, 8, 40, 0, 192, 4, 578 >,
 	< 580, 48, 6, 30, 83, 137, 9, 579 >,
 	< 581, 48, 8, 64, 40, 198, 3, 580 >,
 	< 582, 48, 4, 98, 0, 147, 8, 581 >,
 	< 583, 48, 10, 0, 79, 117, 7, 582 >,
 	< 584, 48, 4, 55, 59, 170, 6, 583 >,
 	< 585, 48, 7, 81, 81, 113, 1, 584 >,
 	< 586, 48, 7, 0, 0, 154, 5, 585 >,
 	< 587, 48, 10, 44, 0, 185, 0, 586 >,
 	// order 49
 	< 588, 49, 8, 0, 47, 134, 2, -1 >,
 	< 589, 49, 3, 0, 0, 166, 4, 588 >,
 	< 590, 49, 8, 45, 0, 136, 9, 589 >,
 	< 591, 49, 2, 47, 33, 107, 3, 590 >,
 	< 592, 49, 8, 74, 0, 119, 8, 591 >,
 	< 593, 49, 3, 0, 95, 196, 7, 592 >,
 	< 594, 49, 9, 49, 0, 155, 6, 593 >,
 	< 595, 49, 5, 48, 0, 143, 1, 594 >,
 	< 596, 49, 5, 0, 0, 179, 5, 595 >,
 	< 597, 49, 2, 46, 0, 139, 0, 596 >,
 	< 598, 49, 10, 73, 0, 134, 2, 597 >,
 	< 599, 49, 1, 85, 0, 105, 4, 598 >,
 	// order 50
 	< 600, 50, 2, 50, 0, 171, 9, -1 >,
 	< 601, 50, 10, 0, 35, 182, 3, 600 >,
 	< 602, 50, 7, 99, 74, 167, 8, 601 >,
 	< 603, 50, 4, 90, 0, 129, 7, 602 >,
 	< 604, 50, 10, 0, 30, 120, 6, 603 >,
 	< 605, 50, 3, 0, 49, 167, 1, 604 >,
 	< 606, 50, 7, 0, 0, 196, 5, 605 >,
 	< 607, 50, 7, 0, 0, 135, 0, 606 >,
 	< 608, 50, 9, 0, 40, 129, 2, 607 >,
 	< 609, 50, 8, 0, 80, 154, 4, 608 >,
 	< 610, 50, 7, 33, 46, 177, 9, 609 >,
 	< 611, 50, 2, 0, 54, 151, 3, 610 >,
 	// order 51
 	< 612, 51, 8, 31, 40, 194, 8, -1 >,
 	< 613, 51, 5, 96, 69, 130, 7, 612 >,
 	< 614, 51, 5, 32, 0, 185, 6, 613 >,
 	< 615, 51, 2, 99, 0, 150, 1, 614 >,
 	< 616, 51, 9, 0, 73, 175, 5, 615 >,
 	< 617, 51, 2, 0, 49, 134, 0, 616 >,
 	< 618, 51, 8, 41, 0, 194, 2, 617 >,
 	< 619, 51, 4, 0, 70, 100, 4, 618 >,
 	< 620, 51, 8, 38, 0, 157, 9, 619 >,
 	< 621, 51, 10, 0, 0, 127, 3, 620 >,
 	< 622, 51, 3, 56, 0, 120, 8, 621 >,
 	< 623, 51, 8, 45, 42, 128, 7, 622 >,
 	// order 52
 	< 624, 52, 4, 0, 45, 159, 6, -1 >,
 	< 625, 52, 7, 71, 0, 150, 1, 624 >,
 	< 626, 52, 10, 58, 0, 172, 5, 625 >,
 	< 627, 52, 3, 0, 0, 104, 0, 626 >,
 	< 628, 52, 8, 30, 100, 135, 2, 627 >,
 	< 629, 52, 4, 98, 42, 112, 4, 628 >,
 	< 630, 52, 7, 50, 79, 189, 9, 629 >,
 	< 631, 52, 9, 96, 0, 161, 3, 630 >,
 	< 632, 52, 1, 52, 0, 197, 8, 631 >,
 	< 633, 52, 7, 0, 0, 163, 7, 632 >,
 	< 634, 52, 1, 0, 0, 130, 6, 633 >,
 	< 635, 52, 4, 79, 47, 186, 1, 634 >,
 	// order 53
 	< 636, 53, 9, 46, 0, 135, 5, -1 >,
 	< 637, 53, 3, 0, 31, 139, 0, 636 >,
 	< 638, 53, 3, 0, 0, 164, 2, 637 >,
 	< 639, 53, 4, 87, 50, 138, 4, 638 >,
 	< 640, 53, 2, 0, 0, 155, 9, 639 >,
 	< 641, 53, 1, 0, 0, 199, 3, 640 >,
 	< 642, 53, 4, 0, 0, 103, 8, 641 >,
 	< 643, 53, 6, 0, 0, 172, 7, 642 >,
 	< 644, 53, 9, 0, 85, 185, 6, 643 >,
 	< 645, 53, 9, 0, 0, 138, 1, 644 >,
 	< 646, 53, 7, 0, 95, 137, 5, 645 >,
 	< 647, 53, 8, 0, 90, 174, 0, 646 >,
 	// order 54
 	< 648, 54, 4, 78, 0, 124, 2, -1 >,
 	< 649, 54, 1, 0, 0, 184, 4, 648 >,
 	< 650, 54, 2, 0, 31, 135, 9, 649 >,
 	< 651, 54, 7, 0, 0, 172, 3, 650 >,
 	< 652, 54, 6, 46, 0, 109, 8, 651 >,
 	< 653, 54, 2, 0, 65, 105, 7, 652 >,
 	< 654, 54, 10, 0, 0, 145, 6, 653 >,
 	< 655, 54, 8, 0, 30, 112, 1, 654 >,
 	< 656, 54, 2, 83, 63, 164, 5, 655 >,
 	< 657, 54, 10, 0, 56, 140, 0, 656 >,
 	< 658, 54, 3, 0, 0, 130, 2, 657 >,
 	< 659, 54, 1, 0, 0, 138, 4, 658 >,
 	// order 55
 	< 660, 55, 7, 88, 66, 107, 9, -1 >,
 	< 661, 55, 5, 0, 0, 177, 3, 660 >,
 	< 662, 55, 2, 60, 31, 129, 8, 661 >,
 	< 663, 55, 10, 88, 55, 119, 7, 662 >,
 	< 664, 55, 10, 55, 0, 180, 6, 663 >,
 	< 665, 55, 8, 0, 56, 138, 1, 664 >,
 	< 666, 55, 9, 58, 50, 119, 5, 665 >,
 	< 667, 55, 3, 31, 0, 189, 0, 666 >,
 	< 668, 55, 5, 78, 73, 120, 2, 667 >,
 	< 669, 55, 1, 0, 0, 151, 4, 668 >,
 	< 670, 55, 8, 0, 0, 152, 9, 669 >,
 	< 671, 55, 2, 0, 0, 128, 3, 670 >,
 	// order 56
 	< 672, 56, 7, 0, 0, 139, 8, -1 >,
 	< 673, 56, 8, 93, 0, 141, 7, 672 >,
 	< 674, 56, 10, 66, 0, 175, 6, 673 >,
 	< 675, 56, 1, 0, 99, 167, 1, 674 >,
 	< 676, 56, 2, 0, 43, 158, 5, 675 >,
 	< 677, 56, 1, 38, 99, 109, 0, 676 >,
 	< 678, 56, 2, 0, 55, 132, 2, 677 >,
 	< 679, 56, 2, 30, 90, 107, 4, 678 >,
 	< 680, 56, 4, 30, 0, 182, 9, 679 >,
 	< 681, 56, 4, 96, 0, 192, 3, 680 >,
 	< 682, 56, 2, 50, 0, 115, 8, 681 >,
 	< 683, 56, 10, 54, 80, 138, 7, 682 >,
 	// order 57
 	< 684, 57, 3, 0, 85, 169, 6, -1 >,
 	< 685, 57, 9, 0, 69, 159, 1, 684 >,
 	< 686, 57, 1, 33, 83, 119, 5, 685 >,
 	< 687, 57, 1, 0, 39, 159, 0, 686 >,
 	< 688, 57, 9, 0, 66, 153, 2, 687 >,
 	< 689, 57, 3, 0, 0, 120, 4, 688 >,
 	< 690, 57, 7, 0, 0, 170, 9, 689 >,
 	< 691, 57, 1, 0, 0, 171, 3, 690 >,
 	< 692, 57, 2, 70, 69, 133, 8, 691 >,
 	< 693, 57, 2, 46, 0, 140, 7, 692 >,
 	< 694, 57, 8, 0, 0, 133, 6, 693 >,
 	< 695, 57, 6, 58, 0, 196, 1, 694 >,
 	// order 58
 	< 696, 58, 3, 0, 47, 177, 5, -1 >,
 	< 697, 58, 4, 31, 55, 173, 0, 696 >,
 	< 698, 58, 3, 0, 0, 111, 2, 697 >,
 	< 699, 58, 1, 72, 0, 184, 4, 698 >,
 	< 700, 58, 8, 50, 84, 140, 9, 699 >,
 	< 701, 58, 8, 80, 94, 169, 3, 700 >,
 	< 702, 58, 4, 0, 0, 196, 8, 701 >,
 	< 703, 58, 10, 0, 0, 120, 7, 702 >,
 	< 704, 58, 5, 0, 0, 188, 6, 703 >,
 	< 705, 58, 6, 0, 37, 200, 1, 704 >,
 	< 706, 58, 4, 0, 0, 108, 5, 705 >,
 	< 707, 58, 4, 0, 0, 188, 0, 706 >,
 	// order 59
 	< 708, 59, 6, 0, 0, 163, 2, -1 >,
 	< 709, 59, 4, 0, 0, 146, 4, 708 >,
 	< 710, 59, 1, 93, 40, 106, 9, 709 >,
 	< 711, 59, 3, 0, 0, 141, 3, 710 >,
 	< 712, 59, 7, 58, 0, 164, 8, 711 >,
 	< 713, 59, 7, 70, 0, 155, 7, 712 >,
 	< 714, 59, 8, 30, 0, 200, 6, 713 >,
 	< 715, 59, 1, 0, 90, 158, 1, 714 >,
 	< 716, 59, 1, 92, 0, 150, 5, 715 >,
 	< 717, 59, 2, 41, 47, 175, 0, 716 >,
 	< 718, 59, 9, 93, 73, 147, 2, 717 >,
 	< 719, 59, 2, 78, 0, 178, 4, 718 >,
 	// order 60
 	< 720, 60, 10, 83, 0, 194, 9, -1 >,
 	< 721, 60, 9, 35, 60, 152, 3, 720 >,
 	< 722, 60, 6, 0, 97, 199, 8, 721 >,
 	< 723, 60, 10, 0, 62, 173, 7, 722 >,
 	< 724, 60, 2, 91, 38, 150, 6, 723 >,
 	< 725, 60, 4, 48, 42, 158, 1, 724 >,
 	< 726, 60, 3, 51, 34, 124, 5, 725 >,
 	< 727, 60, 10, 0, 70, 132, 0, 726 >,
 	< 728, 60, 4, 0, 76, 166, 2, 727 >,
 	< 729, 60, 5, 0, 0, 180, 4, 728 >,
 	< 730, 60, 6, 0, 85, 188, 9, 729 >,
 	< 731, 60, 9, 58, 63, 141, 3, 730 >,
 	// order 61
 	< 732, 61, 5, 0, 32, 195, 8, -1 >,
 	< 733, 61, 7, 0, 45, 198, 7, 732 >,
 	< 734, 61, 3, 72, 0, 156, 6, 733 >,
 	< 735, 61, 2, 89, 37, 106, 1, 734 >,
 	< 736, 61, 6, 0, 0, 124, 5, 735 >,
 	< 737, 61, 2, 86, 0, 142, 0, 736 >,
 	< 738, 61, 6, 50, 0, 187, 2, 737 >,
 	< 739, 61, 10, 0, 80, 101, 4, 738 >,
 	< 740, 61, 2, 0, 0, 182, 9, 739 >,
 	< 741, 61, 4, 0, 0, 130, 3, 740 >,
 	< 742, 61, 4, 49, 89, 136, 8, 741 >,
 	< 743, 61, 4, 98, 86, 179, 7, 742 >,
 	// order 62
 	< 744, 62, 2, 74, 63, 158, 6, -1 >,
 	< 745, 62, 7, 0, 72, 168, 1, 744 >,
 	< 746, 62, 1, 0, 96, 174, 5, 745 >,
 	< 747, 62, 4, 81, 0, 100, 0, 746 >,
 	< 748, 62, 3, 0, 40, 196, 2, 747 >,
 	< 749, 62, 9, 86, 100, 158, 4, 748 >,
 	< 750, 62, 8, 93, 80, 139, 9, 749 >,
 	< 751, 62, 4, 59, 79, 172, 3, 750 >,
 	< 752, 62, 10, 0, 0, 113, 8, 751 >,
 	< 753, 62, 5, 64, 0, 119, 7, 752 >,
 	< 754, 62, 7, 94, 0, 100, 6, 753 >,
 	< 755, 62, 7, 83, 75, 162, 1, 754 >,
 	// order 63
 	< 756, 63, 7, 0, 0, 120, 5, -1 >,
 	< 757, 63, 9, 0, 0, 200, 0, 756 >,
 	< 758, 63, 3, 0, 50, 152, 2, 757 >,
 	< 759, 63, 8, 94, 78, 149, 4, 758 >,
 	< 760, 63, 2, 0, 57, 108, 9, 759 >,
 	< 761, 63, 2, 73, 82, 183, 3, 760 >,
 	< 762, 63, 10, 35, 0, 111, 8, 761 >,
 	< 763, 63, 9, 45, 0, 116, 7, 762 >,
 	< 764, 63, 6, 0, 0, 119, 6, 763 >,
 	< 765, 63, 10, 0, 0, 130, 1, 764 >,
 	< 766, 63, 4, 100, 0, 126, 5, 765 >,
 	< 767, 63, 5, 0, 0, 171, 0, 766 >,
 	// order 64
 	< 768, 64, 3, 0, 77, 132, 2, -1 >,
 	< 769, 64, 3, 0, 0, 106, 4, 768 >,
 	< 770, 64, 3, 0, 85, 198, 9, 769 >,
 	< 771, 64, 4, 0, 0, 158, 3, 770 >,
 	< 772, 64, 1, 0, 0, 117, 8, 771 >,
 	< 773, 64, 7, 51, 0, 200, 7, 772 >,
 	< 774, 64, 9, 59, 98, 109, 6, 773 >,
 	< 775, 64, 2, 41, 0, 150, 1, 774 >,
 	< 776, 64, 3, 0, 41, 185, 5, 775 >,
 	< 777, 64, 3, 77, 84, 169, 0, 776 >,
 	< 778, 64, 8, 92, 0, 163, 2, 777 >,
 	< 779, 64, 6, 0, 0, 122, 4, 778 >,
 	// order 65
 	< 780, 65, 4, 48, 39, 165, 9, -1 >,
 	< 781, 65, 6, 0, 73, 126, 3, 780 >,
 	< 782, 65, 2, 88, 0, 176, 8, 781 >,
 	< 783, 65, 6, 0, 0, 136, 7, 782 >,
 	< 784, 65, 7, 83, 0, 115, 6, 783 >,
 	< 785, 65, 2, 0, 90, 146, 1, 784 >,
 	< 786, 65, 7, 83, 0, 113, 5, 785 >,
 	< 787, 65, 3, 49, 0, 119, 0, 786 >,
 	< 788, 65, 7, 0, 0, 198, 2, 787 >,
 	< 789, 65, 6, 89, 0, 156, 4, 788 >,
 	< 790, 65, 4, 0, 0, 172, 9, 789 >,
 	< 791, 65, 1, 81, 0, 103, 3, 790 >,
 	// order 66
 	< 792, 66, 4, 42, 73, 107, 8, -1 >,
 	< 793, 66, 10, 57, 79, 103, 7, 792 >,
 	< 794, 66, 8, 0, 0, 114, 6, 793 >,
 	< 795, 66, 7, 0, 84, 172, 1, 794 >,
 	< 796, 66, 7, 0, 0, 117, 5, 795 >,
 	< 797, 66, 5, 0, 0, 195, 0, 796 >,
 	< 798, 66, 8, 59, 0, 195, 2, 797 >,
 	< 799, 66, 9, 0, 0, 184, 4, 798 >,
 	< 800, 66, 9, 0, 0, 190, 9, 799 >,
 	< 801, 66, 2, 0, 0, 153, 3, 800 >,
 	< 802, 66, 6, 64, 57, 143, 8, 801 >,
 	< 803, 66, 3, 0, 0, 178, 7, 802 >,
 	// order 67
 	< 804, 67, 6, 79, 0, 167, 6, -1 >,
 	< 805, 67, 8, 77, 49, 100, 1, 804 >,
 	< 806, 67, 9, 0, 39, 183, 5, 805 >,
 	< 807, 67, 3, 0, 87, 144, 0, 806 >,
 	< 808, 67, 2, 75, 75, 169, 2, 807 >,
 	< 809, 67, 4, 0, 0, 118, 4, 808 >,
 	< 810, 67, 6, 37, 0, 119, 9, 809 >,
 	< 811, 67, 2, 57, 0, 123, 3, 810 >,
 	< 812, 67, 5, 0, 0, 152, 8, 811 >,
 	< 813, 67, 8, 0, 60, 157, 7, 812 >,
 	< 814, 67, 2, 80, 53, 149, 6, 813 >,
 	< 815, 67, 9, 0, 0, 103, 1, 814 >,
 	// order 68
 	< 816, 68, 2, 0, 0, 166, 5, -1 >,
 	< 817, 68, 1, 0, 0, 130, 0, 816 >,
 	< 818, 68, 5, 77, 33, 155, 2, 817 >,
 	< 819, 68, 6, 85, 38, 115, 4, 818 >,
 	< 820, 68, 3, 0, 83, 109, 9, 819 >,
 	< 821, 68, 5, 38, 30, 133, 3, 820 >,
 	< 822, 68, 1, 55, 0, 195, 8, 821 >,
 	< 823, 68, 2, 33, 0, 155, 7, 822 >,
 	< 824, 68, 1, 0, 0, 190, 6, 823 >,
 	< 825, 68, 7, 41, 56, 170, 1, 824 >,
 	< 826, 68, 1, 33, 100, 134, 5, 825 >,
 	< 827, 68, 6, 78, 36, 153, 0, 826 >,
 	// order 69
 	< 828, 69, 5, 70, 78, 145, 2, -1 >,
 	< 829, 69, 7, 38, 33, 161, 4, 828 >,
 	< 830, 69, 3, 61, 60, 167, 9, 829 >,
 	< 831, 69, 7, 0, 0, 130, 3, 830 >,
 	< 832, 69, 3, 0, 73, 110, 8, 831 >,
 	< 833, 69, 7, 36, 0, 149, 7, 832 >,
 	< 834, 69, 5, 81, 52, 173, 6, 833 >,
 	< 835, 69, 1, 50, 71, 131, 1, 834 >,
 	< 836, 69, 9, 0, 30, 191, 5, 835 >,
 	< 837, 69, 8, 0, 0, 190, 0, 836 >,
 	< 838, 69, 10, 0, 0, 134, 2, 837 >,
 	< 839, 69, 5, 0, 0, 134, 4, 838 >,
 	// order 70
 	< 840, 70, 1, 0, 0, 139, 9, -1 >,
 	< 841, 70, 6, 0, 48, 156, 3, 840 >,
 	< 842, 70, 6, 73, 93, 183, 8, 841 >,
 	< 843, 70, 8, 50, 0, 111, 7, 842 >,
 	< 844, 70, 1, 86, 53, 159, 6, 843 >,
 	< 845, 70, 6, 0, 68, 192, 1, 844 >,
 	< 846, 70, 4, 55, 0, 129, 5, 845 >,
 	< 847, 70, 6, 53, 0, 178, 0, 846 >,
 	< 848, 70, 8, 0, 0, 143, 2, 847 >,
 	< 849, 70, 5, 30, 0, 140, 4, 848 >,
 	< 850, 70, 4, 0, 0, 197, 9, 849 >,
 	< 851, 70, 3, 0, 0, 107, 3, 850 >,
 	// order 71
 	< 852, 71, 1, 72, 0, 166, 8, -1 >,
 	< 853, 71, 1, 57, 73, 164, 7, 852 >,
 	< 854, 71, 6, 0, 0, 197, 6, 853 >,
 	< 855, 71, 9, 0, 0, 135, 1, 854 >,
 	< 856, 71, 7, 95, 68, 107, 5, 855 >,
 	< 857, 71, 3, 0, 100, 101, 0, 856 >,
 	< 858, 71, 2, 88, 0, 185, 2, 857 >,
 	< 859, 71, 4, 60, 0, 133, 4, 858 >,
 	< 860, 71, 6, 0, 50, 136, 9, 859 >,
 	< 861, 71, 8, 0, 0, 114, 3, 860 >,
 	< 862, 71, 6, 94, 91, 154, 8, 861 >,
 	< 863, 71, 2, 0, 0, 126, 7, 862 >,
 	// order 72
 	< 864, 72, 5, 88, 0, 163, 6, -1 >,
 	< 865, 72, 5, 80, 43, 160, 1, 864 >,
 	< 866, 72, 2, 47, 0, 102, 5, 865 >,
 	< 867, 72, 5, 0, 0, 118, 0, 866 >,
 	< 868, 72, 4, 87, 63, 139, 2, 867 >,
 	< 869, 72, 3, 97, 80, 109, 4, 868 >,
 	< 870, 72, 7, 0, 63, 176, 9, 869 >,
 	< 871, 72, 7, 0, 76, 106, 3, 870 >,
 	< 872, 72, 6, 0, 57, 172, 8, 871 >,
 	< 873, 72, 7, 89, 0, 200, 7, 872 >,
 	< 874, 72, 9, 98, 0, 104, 6, 873 >,
 	< 875, 72, 2, 46, 0, 177, 1, 874 >,
 	// order 73
 	< 876, 73, 8, 64, 65, 174, 5, -1 >,
 	< 877, 73, 7, 49, 100, 160, 0, 876 >,
 	< 878, 73, 6, 0, 0, 167, 2, 877 >,
 	< 879, 73, 2, 0, 69, 199, 4, 878 >,
 	< 880, 73, 2, 81, 0, 176, 9, 879 >,
 	< 881, 73, 3, 0, 0, 160, 3, 880 >,
 	< 882, 73, 8, 66, 52, 177, 8, 881 >,
 	< 883, 73, 7, 0, 99, 105, 7, 882 >,
 	< 884, 73, 5, 44, 50, 133, 6, 883 >,
 	< 885, 73, 8, 0, 0, 103, 1, 884 >,
 	< 886, 73, 9, 81, 75, 189, 5, 885 >,
 	< 887, 73, 8, 0, 68, 143, 0, 886 >,
 	// order 74
 	< 888, 74, 2, 38, 0, 109, 2, -1 >,
 	< 889, 74, 7, 78, 0, 108, 4, 888 >,
 	< 890, 74, 2, 65, 68, 167, 9, 889 >,
 	< 891, 74, 8, 60, 0, 116, 3, 890 >,
 	< 892, 74, 1, 93, 0, 179, 8, 891 >,
 	< 893, 74, 1, 92, 81, 116, 7, 892 >,
 	< 894, 74, 5, 51, 36, 191, 6, 893 >,
 	< 895, 74, 2, 87, 0, 137, 1, 894 >,
 	< 896, 74, 10, 93, 0, 121, 5, 895 >,
 	< 897, 74, 1, 0, 0, 139, 0, 896 >,
 	< 898, 74, 4, 0, 0, 105, 2, 897 >,
 	< 899, 74, 2, 0, 51, 156, 4, 898 >,
 	// order 75
 	< 900, 75, 3, 37, 0, 103, 9, -1 >,
 	< 901, 75, 3, 48, 71, 182, 3, 900 >,
 	< 902, 75, 8, 76, 78, 162, 8, 901 >,
 	< 903, 75, 3, 0, 92, 159, 7, 902 >,
 	< 904, 75, 7, 54, 57, 136, 6, 903 >,
 	< 905, 75, 3, 90, 0, 190, 1, 904 >,
 	< 906, 75, 2, 66, 0, 159, 5, 905 >,
 	< 907, 75, 7, 54, 61, 163, 0, 906 >,
 	< 908, 75, 3, 70, 0, 144, 2, 907 >,
 	< 909, 75, 4, 0, 50, 174, 4, 908 >,
 	< 910, 75, 7, 39, 0, 101, 9, 909 >,
 	< 911, 75, 2, 66, 0, 187, 3, 910 >,
 	// order 76
 	< 912, 76, 8, 88, 35, 131, 8, -1 >,
 	< 913, 76, 5, 0, 86, 121, 7, 912 >,
 	< 914, 76, 10, 0, 0, 163, 6, 913 >,
 	< 915, 76, 7, 0, 95, 189, 1, 914 >,
 	< 916, 76, 4, 91, 0, 144, 5, 915 >,
 	< 917, 76, 10, 0, 0, 158, 0, 916 >,
 	< 918, 76, 5, 89, 70, 190, 2, 917 >,
 	< 919, 76, 6, 97, 0, 112, 4, 918 >,
 	< 920, 76, 10, 0, 0, 150, 9, 919 >,
 	< 921, 76, 6, 64, 0, 162, 3, 920 >,
 	< 922, 76, 4, 91, 38, 155, 8, 921 >,
 	< 923, 76, 9, 77, 0, 114, 7, 922 >,
 	// order 77
 	< 924, 77, 10, 0, 0, 120, 6, -1 >,
 	< 925, 77, 10, 0, 71, 114, 1, 924 >,
 	< 926, 77, 1, 53, 86, 193, 5, 925 >,
 	< 927, 77, 9, 56, 79, 144, 0, 926 >,
 	< 928, 77, 3, 0, 0, 154, 2, 927 >,
 	< 929, 77, 10, 0, 31, 103, 4, 928 >,
 	< 930, 77, 8, 0, 43, 120, 9, 929 >,
 	< 931, 77, 6, 40, 40, 176, 3, 930 >,
 	< 932, 77, 10, 69, 69, 122, 8, 931 >,
 	< 933, 77, 8, 0, 53, 141, 7, 932 >,
 	< 934, 77, 1, 0, 75, 200, 6, 933 >,
 	< 935, 77, 3, 32, 0, 117, 1, 934 >,
 	// order 78
 	< 936, 78, 6, 0, 0, 163, 5, -1 >,
 	< 937, 78, 6, 0, 56, 187, 0, 936 >,
 	< 938, 78, 4, 64, 67, 134, 2, 937 >,
 	< 939, 78, 9, 99, 63, 162, 4, 938 >,
 	< 940, 78, 4, 56, 0, 130, 9, 939 >,
 	< 941, 78, 5, 69, 63, 148, 3, 940 >,
 	< 942, 78, 1, 55, 50, 191, 8, 941 >,
 	< 943, 78, 1, 42, 89, 195, 7, 942 >,
 	< 944, 78, 6, 67, 0, 129, 6, 943 >,
 	< 945, 78, 2, 78, 0, 165, 1, 944 >,
 	< 946, 78, 6, 0, 0, 189, 5, 945 >,
 	< 947, 78, 5, 0, 32, 182, 0, 946 >,
 	// order 79
 	< 948, 79, 1, 56, 0, 136, 2, -1 >,
 	< 949, 79, 2, 68, 98, 197, 4, 948 >,
 	< 950, 79, 3, 65, 88, 157, 9, 949 >,
 	< 951, 79, 8, 0, 0, 139, 3, 950 >,
 	< 952, 79, 3, 41, 0, 102, 8, 951 >,
 	< 953, 79, 2, 0, 0, 141, 7, 952 >,
 	< 954, 79, 8, 40, 0, 175, 6, 953 >,
 	< 955, 79, 1, 0, 0, 117, 1, 954 >,
 	< 956, 79, 10, 74, 81, 134, 5, 955 >,
 	< 957, 79, 4, 81, 34, 193, 0, 956 >,
 	< 958, 79, 5, 83, 0, 186, 2, 957 >,
 	< 959, 79, 2, 0, 0, 134, 4, 958 >,
 	// order 80
 	< 960, 80, 1, 0, 0, 137, 9, -1 >,
 	< 961, 80, 3, 0, 0, 178, 3, 960 >,
 	< 962, 80, 8, 75, 0, 159, 8, 961 >,
 	< 963, 80, 4, 0, 64, 106, 7, 962 >,
 	< 964, 80, 9, 0, 0, 141, 6, 963 >,
 	< 965, 80, 8, 0, 0, 126, 1, 964 >,
 	< 966, 80, 2, 0, 93, 191, 5, 965 >,
 	< 967, 80, 10, 0, 97, 170, 0, 966 >,
 	< 968, 80, 5, 0, 41, 120, 2, 967 >,
 	< 969, 80, 10, 95, 0, 146, 4, 968 >,
 	< 970, 80, 9, 0, 0, 165, 9, 969 >,
 	< 971, 80, 4, 0, 0, 108, 3, 970 >,
 	// order 81
 	< 972, 81, 1, 50, 92, 196, 8, -1 >,
 	< 973, 81, 1, 43, 87, 166, 7, 972 >,
 	< 974, 81, 5, 56, 50, 109, 6, 973 >,
 	< 975, 81, 6, 87, 0, 143, 1, 974 >,
 	< 976, 81, 9, 32, 0, 182, 5, 975 >,
 	< 977, 81, 2, 66, 71, 194, 0, 976 >,
 	< 978, 81, 8, 0, 0, 168, 2, 977 >,
 	< 979, 81, 6, 37, 0, 180, 4, 978 >,
 	< 980, 81, 2, 0, 30, 114, 9, 979 >,
 	< 981, 81, 10, 0, 0, 127, 3, 980 >,
 	< 982, 81, 5, 49, 44, 142, 8, 981 >,
 	< 983, 81, 10, 71, 0, 164, 7, 982 >,
 	// order 82
 	< 984, 82, 3, 0, 35, 152, 6, -1 >,
 	< 985, 82, 10, 0, 0, 161, 1, 984 >,
 	< 986, 82, 6, 0, 55, 148, 5, 985 >,
 	< 987, 82, 4, 39, 0, 123, 0, 986 >,
 	< 988, 82, 9, 71, 0, 136, 2, 987 >,
 	< 989, 82, 9, 98, 0, 200, 4, 988 >,
 	< 990, 82, 8, 98, 86, 156, 9, 989 >,
 	< 991, 82, 8, 0, 64, 114, 3, 990 >,
 	< 992, 82, 9, 0, 79, 147, 8, 991 >,
 	< 993, 82, 2, 52, 75, 177, 7, 992 >,
 	< 994, 82, 9, 0, 0, 198, 6, 993 >,
 	< 995, 82, 7, 0, 44, 187, 1, 994 >,
 	// order 83
 	< 996, 83, 1, 57, 95, 105, 5, -1 >,
 	< 997, 83, 7, 95, 74, 143, 0, 996 >,
 	< 998, 83, 6, 0, 0, 159, 2, 997 >,
 	< 999, 83, 9, 92, 82, 164, 4, 998 >,
 	< 1000, 83, 3, 0, 0, 185, 9, 999 >,
 	< 1001, 83, 7, 88, 77, 153, 3, 1000 >,
 	< 1002, 83, 5, 37, 78, 193, 8, 1001 >,
 	< 1003, 83, 8, 0, 0, 135, 7, 1002 >,
 	< 1004, 83, 5, 0, 0, 133, 6, 1003 >,
 	< 1005, 83, 3, 0, 0, 139, 1, 1004 >,
 	< 1006, 83, 9, 81, 0, 112, 5, 1005 >,
 	< 1007, 83, 4, 33, 35, 144, 0, 1006 >,
 	// order 84
 	< 1008, 84, 2, 30, 37, 194, 2, -1 >,
 	< 1009, 84, 10, 33, 94, 178, 4, 1008 >,
 	< 1010, 84, 5, 0, 0, 123, 9, 1009 >,
 	< 1011, 84, 10, 0, 69, 135, 3, 1010 >,
 	< 1012, 84, 2, 0, 0, 111, 8, 1011 >,
 	< 1013, 84, 9, 65, 48, 164, 7, 1012 >,
 	< 1014, 84, 2, 99, 0, 161, 6, 1013 >,
 	< 1015, 84, 4, 0, 58, 136, 1, 1014 >,
 	< 1016, 84, 3, 0, 0, 191, 5, 1015 >,
 	< 1017, 84, 8, 0, 0, 174, 0, 1016 >,
 	< 1018, 84, 2, 79, 0, 151, 2, 1017 >,
 	< 1019, 84, 1, 51, 85, 129, 4, 1018 >,
 	// order 85
 	< 1020, 85, 10, 0, 0, 180, 9, -1 >,
 	< 1021, 85, 3, 35, 0, 187, 3, 1020 >,
 	< 1022, 85, 8, 66, 0, 128, 8, 1021 >,
 	< 1023, 85, 3, 0, 97, 120, 7, 1022 >,
 	< 1024, 85, 4, 80, 68, 150, 6, 1023 >,
 	< 1025, 85, 10, 43, 57, 130, 1, 1024 >,
 	< 1026, 85, 5, 74, 0, 194, 5, 1025 >,
 	< 1027, 85, 1, 0, 0, 111, 0, 1026 >,
 	< 1028, 85, 7, 59, 52, 124, 2, 1027 >,
 	< 1029, 85, 3, 52, 0, 106, 4, 1028 >,
 	< 1030, 85, 4, 60, 46, 167, 9, 1029 >,
 	< 1031, 85, 8, 0, 0, 181, 3, 1030 >,
 	// order 86
 	< 1032, 86, 9, 63, 0, 134, 8, -1 >,
 	< 1033, 86, 9, 88, 0, 106, 7, 1032 >,
 	< 1034, 86, 4, 36, 86, 129, 6, 1033 >,
 	< 1035, 86, 8, 0, 0, 166, 1, 1034 >,
 	< 1036, 86, 2, 91, 0, 195, 5, 1035 >,
 	< 1037, 86, 8, 0, 45, 126, 0, 1036 >,
 	< 1038, 86, 3, 0, 51, 181, 2, 1037 >,
 	< 1039, 86, 2, 65, 56, 147, 4, 1038 >,
 	< 1040, 86, 1, 0, 77, 163, 9, 1039 >,
 	< 1041, 86, 7, 96, 92, 151, 3, 1040 >,
 	< 1042, 86, 1, 77, 0, 174, 8, 1041 >,
 	< 1043, 86, 2, 69, 95, 161, 7, 1042 >,
 	// order 87
 	< 1044, 87, 10, 43, 85, 185, 6, -1 >,
 	< 1045, 87, 7, 0, 0, 124, 1, 1044 >,
 	< 1046, 87, 9, 0, 0, 183, 5, 1045 >,
 	< 1047, 87, 10, 52, 0, 142, 0, 1046 >,
 	< 1048, 87, 10, 0, 0, 178, 2, 1047 >,
 	< 1049, 87, 2, 0, 85, 142, 4, 1048 >,
 	< 1050, 87, 8, 60, 69, 141, 9, 1049 >,
 	< 1051, 87, 1, 0, 0, 178, 3, 1050 >,
 	< 1052, 87, 9, 52, 72, 126, 8, 1051 >,
 	< 1053, 87, 2, 0, 43, 184, 7, 1052 >,
 	< 1054, 87, 5, 0, 0, 124, 6, 1053 >,
 	< 1055, 87, 10, 0, 100, 100, 1, 1054 >,
 	// order 88
 	< 1056, 88, 7, 0, 0, 120, 5, -1 >,
 	< 1057, 88, 6, 0, 42, 164, 0, 1056 >,
 	< 1058, 88, 8, 80, 0, 154, 2, 1057 >,
 	< 1059, 88, 4, 0, 78, 178, 4, 1058 >,
 	< 1060, 88, 6, 0, 35, 159, 9, 1059 >,
 	< 1061, 88, 6, 0, 34, 147, 3, 1060 >,
 	< 1062, 88, 6, 0, 0, 119, 8, 1061 >,
 	< 1063, 88, 5, 0, 93, 111, 7, 1062 >,
 	< 1064, 88, 1, 0, 0, 197, 6, 1063 >,
 	< 1065, 88, 9, 59, 0, 131, 1, 1064 >,
 	< 1066, 88, 7, 0, 53, 165, 5, 1065 >,
 	< 1067, 88, 9, 0, 94, 106, 0, 1066 >,
 	// order 89
 	< 1068, 89, 5, 48, 83, 171, 2, -1 >,
 	< 1069, 89, 1, 54, 79, 140, 4, 1068 >,
 	< 1070, 89, 7, 67, 64, 106, 9, 1069 >,
 	< 1071, 89, 1, 45, 0, 146, 3, 1070 >,
 	< 1072, 89, 10, 0, 0, 169, 8, 1071 >,
 	< 1073, 89, 3, 0, 80, 152, 7, 1072 >,
 	< 1074, 89, 3, 59, 0, 178, 6, 1073 >,
 	< 1075, 89, 8, 48, 46, 107, 1, 1074 >,
 	< 1076, 89, 6, 48, 0, 119, 5, 1075 >,
 	< 1077, 89, 9, 55, 0, 190, 0, 1076 >,
 	< 1078, 89, 1, 50, 0, 126, 2, 1077 >,
 	< 1079, 89, 5, 31, 45, 175, 4, 1078 >,
 	// order 90
 	< 1080, 90, 9, 0, 0, 103, 9, -1 >,
 	< 1081, 90, 2, 0, 81, 138, 3, 1080 >,
 	< 1082, 90, 9, 0, 37, 187, 8, 1081 >,
 	< 1083, 90, 4, 77, 0, 143, 7, 1082 >,
 	< 1084, 90, 5, 0, 0, 162, 6, 1083 >,
 	< 1085, 90, 3, 39, 0, 151, 1, 1084 >,
 	< 1086, 90, 4, 46, 31, 132, 5, 1085 >,
 	< 1087, 90, 8, 0, 0, 133, 0, 1086 >,
 	< 1088, 90, 1, 38, 32, 108, 2, 1087 >,
 	< 1089, 90, 9, 43, 0, 189, 4, 1088 >,
 	< 1090, 90, 6, 0, 57, 179, 9, 1089 >,
 	< 1091, 90, 6, 69, 48, 102, 3, 1090 >,
 	// order 91
 	< 1092, 91, 7, 0, 0, 140, 8, -1 >,
 	< 1093, 91, 6, 0, 85, 109, 7, 1092 >,
 	< 1094, 91, 10, 54, 0, 165, 6, 1093 >,
 	< 1095, 91, 4, 48, 54, 190, 1, 1094 >,
 	< 1096, 91, 10, 0, 82, 194, 5, 1095 >,
 	< 1097, 91, 8, 45, 48, 189, 0, 1096 >,
 	< 1098, 91, 2, 0, 0, 109, 2, 1097 >,
 	< 1099, 91, 8, 0, 65, 174, 4, 1098 >,
 	< 1100, 91, 10, 0, 0, 195, 9, 1099 >,
 	< 1101, 91, 9, 34, 64, 191, 3, 1100 >,
 	< 1102, 91, 3, 0, 55, 108, 8, 1101 >,
 	< 1103, 91, 7, 77, 0, 187, 7, 1102 >,
 	// order 92
 	< 1104, 92, 6, 98, 33, 158, 6, -1 >,
 	< 1105, 92, 3, 0, 69, 137, 1, 1104 >,
 	< 1106, 92, 7, 0, 100, 153, 5, 1105 >,
 	< 1107, 92, 9, 93, 0, 166, 0, 1106 >,
 	< 1108, 92, 9, 94, 91, 157, 2, 1107 >,
 	< 1109, 92, 8, 62, 0, 157, 4, 1108 >,
 	< 1110, 92, 2, 40, 0, 145, 9, 1109 >,
 	< 1111, 92, 4, 48, 0, 160, 3, 1110 >,
 	< 1112, 92, 2, 67, 98, 199, 8, 1111 >,
 	< 1113, 92, 4, 84, 0, 177, 7, 1112 >,
 	< 1114, 92, 3, 0, 30, 105, 6, 1113 >,
 	< 1115, 92, 9, 0, 0, 156, 1, 1114 >,
 	// order 93
 	< 1116, 93, 6, 0, 87, 145, 5, -1 >,
 	< 1117, 93, 5, 0, 35, 150, 0, 1116 >,
 	< 1118, 93, 8, 86, 0, 164, 2, 1117 >,
 	< 1119, 93, 8, 0, 0, 190, 4, 1118 >,
 	< 1120, 93, 6, 0, 0, 169, 9, 1119 >,
 	< 1121, 93, 10, 96, 0, 139, 3, 1120 >,
 	< 1122, 93, 2, 0, 80, 125, 8, 1121 >,
 	< 1123, 93, 9, 0, 0, 140, 7, 1122 >,
 	< 1124, 93, 8, 0, 68, 153, 6, 1123 >,
 	< 1125, 93, 5, 0, 0, 113, 1, 1124 >,
 	< 1126, 93, 5, 0, 0, 120, 5, 1125 >,
 	< 1127, 93, 7, 49, 0, 121, 0, 1126 >,
 	// order 94
 	< 1128, 94, 2, 0, 30, 151, 2, -1 >,
 	< 1129, 94, 10, 0, 78, 200, 4, 1128 >,
 	< 1130, 94, 1, 0, 100, 153, 9, 1129 >,
 	< 1131, 94, 4, 40, 0, 104, 3, 1130 >,
 	< 1132, 94, 9, 59, 77, 151, 8, 1131 >,
 	< 1133, 94, 3, 0, 81, 101, 7, 1132 >,
 	< 1134, 94, 5, 77, 79, 184, 6, 1133 >,
 	< 1135, 94, 8, 71, 0, 185, 1, 1134 >,
 	< 1136, 94, 8, 0, 0, 176, 5, 1135 >,
 	< 1137, 94, 6, 0, 87, 102, 0, 1136 >,
 	< 1138, 94, 4, 56, 0, 127, 2, 1137 >,
 	< 1139, 94, 10, 54, 0, 170, 4, 1138 >,
 	// order 95
 	< 1140, 95, 8, 98, 74, 155, 9, -1 >,
 	< 1141, 95, 3, 0, 70, 195, 3, 1140 >,
 	< 1142, 95, 5, 70, 37, 113, 8, 1141 >,
 	< 1143, 95, 5, 100, 0, 168, 7, 1142 >,
 	< 1144, 95, 2, 76, 0, 145, 6, 1143 >,
 	< 1145, 95, 3, 80, 55, 168, 1, 1144 >,
 	< 1146, 95, 9, 37, 51, 157, 5, 1145 >,
 	< 1147, 95, 3, 0, 0, 177, 0, 1146 >,
 	< 1148, 95, 3, 0, 44, 181, 2, 1147 >,
 	< 1149, 95, 5, 0, 58, 144, 4, 1148 >,
 	< 1150, 95, 1, 37, 49, 132, 9, 1149 >,
 	< 1151, 95, 2, 0, 64, 111, 3, 1150 >,
 	// order 96
 	< 1152, 96, 7, 85, 92, 186, 8, -1 >,
 	< 1153, 96, 3, 94, 82, 106, 7, 1152 >,
 	< 1154, 96, 10, 74, 50, 164, 6, 1153 >,
 	< 1155, 96, 9, 0, 69, 193, 1, 1154 >,
 	< 1156, 96, 7, 0, 65, 155, 5, 1155 >,
 	< 1157, 96, 10, 0, 0, 127, 0, 1156 >,
 	< 1158, 96, 6, 74, 0, 109, 2, 1157 >,
 	< 1159, 96, 4, 71, 30, 149, 4, 1158 >,
 	< 1160, 96, 8, 0, 43, 172, 9, 1159 >,
 	< 1161, 96, 7, 90, 0, 116, 3, 1160 >,
 	< 1162, 96, 1, 0, 0, 166, 8, 1161 >,
 	< 1163, 96, 2, 50, 0, 175, 7, 1162 >,
 	// order 97
 	< 1164, 97, 9, 0, 63, 150, 6, -1 >,
 	< 1165, 97, 3, 0, 0, 169, 1, 1164 >,
 	< 1166, 97, 10, 47, 91, 106, 5, 1165 >,
 	< 1167, 97, 2, 0, 57, 178, 0, 1166 >,
 	< 1168, 97, 10, 0, 75, 110, 2, 1167 >,
 	< 1169, 97, 6, 0, 89, 199, 4, 1168 >,
 	< 1170, 97, 9, 45, 0, 114, 9, 1169 >,
 	< 1171, 97, 1, 0, 30, 193, 3, 1170 >,
 	< 1172, 97, 5, 90, 83, 191, 8, 1171 >,
 	< 1173, 97, 5, 0, 0, 146, 7, 1172 >,
 	< 1174, 97, 7, 94, 89, 142, 6, 1173 >,
 	< 1175, 97, 10, 55, 91, 168, 1, 1174 >,
 	// order 98
 	< 1176, 98, 3, 38, 0, 102, 5, -1 >,
 	< 1177, 98, 5, 33, 0, 162, 0, 1176 >,
 	< 1178, 98, 8, 0, 0, 138, 2, 1177 >,
 	< 1179, 98, 6, 93, 0, 107, 4, 1178 >,
 	< 1180, 98, 1, 57, 0, 108, 9, 1179 >,
 	< 1181, 98, 8, 50, 37, 117, 3, 1180 >,
 	< 1182, 98, 5, 0, 0, 179, 8, 1181 >,
 	< 1183, 98, 3, 0, 78, 189, 7, 1182 >,
 	< 1184, 98, 1, 97, 0, 107, 6, 1183 >,
 	< 1185, 98, 10, 0, 0, 146, 1, 1184 >,
 	< 1186, 98, 9, 0, 0, 116, 5, 1185 >,
 	< 1187, 98, 9, 38, 60, 104, 0, 1186 >,
 	// order 99
 	< 1188, 99, 4, 0, 0, 199, 2, -1 >,
 	< 1189, 99, 10, 43, 58, 152, 4, 1188 >,
 	< 1190, 99, 2, 0, 45, 131, 9, 1189 >,
 	< 1191, 99, 1, 0, 100, 120, 3, 1190 >,
 	< 1192, 99, 2, 0, 0, 183, 8, 1191 >,
 	< 1193, 99, 10, 38, 0, 114, 7, 1192 >,
 	< 1194, 99, 3, 53, 82, 135, 6, 1193 >,
 	< 1195, 99, 5, 78, 65, 189, 1, 1194 >,
 	< 1196, 99, 2, 0, 52, 137, 5, 1195 >,
 	< 1197, 99, 4, 90, 64, 149, 0, 1196 >,
 	< 1198, 99, 10, 0, 31, 100, 2, 1197 >,
 	< 1199, 99, 4, 0, 0, 177, 4, 1198 >
 };
