/*********************************************
 * OPL 12.10.0.0 Data
 * Author: Kinast
 * Creation date: Aug 17, 2021 at 11:50:03 AM
 *********************************************/

 nOrders = 100;
 nTasks = 1200;

 nWorkgroups = 10;
 nWorkstations = 50;

 nCobots = 0;
 cobotTimeFactor = 0.7;

 workstations = {
 	< 0, "Workstation 0", 0, 0.98, 0.96, 1, 4 >,
 	< 1, "Workstation 1", 1, 1.24, 0.92, 1, 1 >,
 	< 2, "Workstation 2", 2, 0.84, 0.92, 1, 1 >,
 	< 3, "Workstation 3", 3, 0.9, 1.02, 1, 1 >,
 	< 4, "Workstation 4", 4, 1.06, 1.03, 1, 5 >,
 	< 5, "Workstation 5", 5, 0.82, 1.16, 1, 1 >,
 	< 6, "Workstation 6", 0, 0.92, 0.8, 1, 1 >,
 	< 7, "Workstation 7", 0, 0.78, 0.95, 1, 4 >,
 	< 8, "Workstation 8", 6, 1.15, 1.13, 1, 1 >,
 	< 9, "Workstation 9", 3, 1.01, 0.91, 1, 3 >,
 	< 10, "Workstation 10", 7, 0.91, 1.1, 1, 5 >,
 	< 11, "Workstation 11", 8, 0.82, 0.84, 1, 2 >,
 	< 12, "Workstation 12", 9, 0.8, 0.78, 1, 1 >,
 	< 13, "Workstation 13", 8, 1.24, 0.79, 1, 1 >,
 	< 14, "Workstation 14", 1, 0.82, 0.82, 1, 5 >,
 	< 15, "Workstation 15", 9, 1.17, 1.08, 1, 2 >,
 	< 16, "Workstation 16", 4, 1.11, 1.11, 1, 1 >,
 	< 17, "Workstation 17", 4, 0.94, 1.23, 1, 3 >,
 	< 18, "Workstation 18", 3, 0.86, 1.08, 1, 2 >,
 	< 19, "Workstation 19", 1, 1.18, 0.76, 1, 5 >,
 	< 20, "Workstation 20", 5, 1.12, 1.04, 1, 1 >,
 	< 21, "Workstation 21", 2, 0.89, 1.25, 1, 2 >,
 	< 22, "Workstation 22", 8, 0.79, 0.91, 1, 3 >,
 	< 23, "Workstation 23", 1, 1.09, 1.14, 1, 1 >,
 	< 24, "Workstation 24", 6, 1.18, 0.89, 1, 5 >,
 	< 25, "Workstation 25", 6, 1.05, 1.25, 1, 4 >,
 	< 26, "Workstation 26", 7, 1.13, 0.85, 1, 5 >,
 	< 27, "Workstation 27", 1, 0.84, 0.98, 1, 5 >,
 	< 28, "Workstation 28", 3, 1.16, 0.76, 1, 1 >,
 	< 29, "Workstation 29", 6, 1.03, 1.17, 1, 1 >,
 	< 30, "Workstation 30", 9, 1.18, 1.07, 1, 2 >,
 	< 31, "Workstation 31", 4, 0.95, 0.81, 1, 1 >,
 	< 32, "Workstation 32", 4, 1.04, 1.15, 1, 2 >,
 	< 33, "Workstation 33", 0, 1.22, 1.14, 1, 3 >,
 	< 34, "Workstation 34", 0, 1.18, 0.94, 1, 2 >,
 	< 35, "Workstation 35", 8, 1.13, 1.21, 1, 5 >,
 	< 36, "Workstation 36", 7, 0.95, 0.97, 1, 1 >,
 	< 37, "Workstation 37", 5, 0.76, 0.82, 1, 1 >,
 	< 38, "Workstation 38", 2, 1.09, 0.92, 1, 1 >,
 	< 39, "Workstation 39", 2, 0.85, 0.79, 1, 3 >,
 	< 40, "Workstation 40", 8, 1.06, 1.22, 1, 1 >,
 	< 41, "Workstation 41", 5, 1.06, 0.82, 1, 2 >,
 	< 42, "Workstation 42", 7, 1.1, 0.84, 1, 1 >,
 	< 43, "Workstation 43", 5, 0.93, 0.87, 1, 4 >,
 	< 44, "Workstation 44", 7, 0.82, 0.88, 1, 3 >,
 	< 45, "Workstation 45", 2, 0.94, 0.91, 1, 5 >,
 	< 46, "Workstation 46", 6, 1.23, 1.06, 1, 1 >,
 	< 47, "Workstation 47", 3, 0.82, 1.01, 1, 1 >,
 	< 48, "Workstation 48", 9, 0.76, 1.2, 1, 1 >,
 	< 49, "Workstation 49", 9, 1.12, 1.09, 1, 1 >
 };

 tasks = {
 	// order 0
 	< 0, 0, 5, 0, 0, 147, 7, -1 >,
 	< 1, 0, 9, 81, 33, 156, 8, 0 >,
 	< 2, 0, 2, 57, 32, 145, 2, 1 >,
 	< 3, 0, 5, 0, 0, 160, 9, 2 >,
 	< 4, 0, 3, 0, 0, 177, 6, 3 >,
 	< 5, 0, 7, 67, 49, 145, 5, 4 >,
 	< 6, 0, 7, 69, 0, 180, 1, 5 >,
 	< 7, 0, 4, 0, 75, 173, 4, 6 >,
 	< 8, 0, 9, 46, 0, 174, 3, 7 >,
 	< 9, 0, 8, 65, 49, 199, 0, 8 >,
 	< 10, 0, 10, 52, 0, 134, 7, 9 >,
 	< 11, 0, 3, 87, 56, 190, 8, 10 >,
 	// order 1
 	< 12, 1, 5, 97, 0, 127, 2, -1 >,
 	< 13, 1, 10, 0, 60, 198, 9, 12 >,
 	< 14, 1, 8, 0, 49, 192, 6, 13 >,
 	< 15, 1, 1, 0, 54, 103, 5, 14 >,
 	< 16, 1, 2, 0, 0, 168, 1, 15 >,
 	< 17, 1, 10, 0, 0, 145, 4, 16 >,
 	< 18, 1, 2, 0, 81, 135, 3, 17 >,
 	< 19, 1, 10, 0, 38, 135, 0, 18 >,
 	< 20, 1, 5, 64, 89, 100, 7, 19 >,
 	< 21, 1, 2, 72, 0, 143, 8, 20 >,
 	< 22, 1, 3, 91, 54, 173, 2, 21 >,
 	< 23, 1, 5, 0, 0, 146, 9, 22 >,
 	// order 2
 	< 24, 2, 1, 69, 33, 127, 6, -1 >,
 	< 25, 2, 1, 81, 50, 190, 5, 24 >,
 	< 26, 2, 7, 0, 68, 118, 1, 25 >,
 	< 27, 2, 2, 0, 59, 164, 4, 26 >,
 	< 28, 2, 1, 0, 82, 184, 3, 27 >,
 	< 29, 2, 2, 0, 0, 199, 0, 28 >,
 	< 30, 2, 5, 93, 0, 174, 7, 29 >,
 	< 31, 2, 10, 0, 82, 112, 8, 30 >,
 	< 32, 2, 6, 47, 0, 132, 2, 31 >,
 	< 33, 2, 10, 0, 86, 155, 9, 32 >,
 	< 34, 2, 4, 83, 0, 138, 6, 33 >,
 	< 35, 2, 9, 71, 0, 143, 5, 34 >,
 	// order 3
 	< 36, 3, 9, 63, 87, 105, 1, -1 >,
 	< 37, 3, 8, 0, 73, 171, 4, 36 >,
 	< 38, 3, 4, 57, 84, 177, 3, 37 >,
 	< 39, 3, 9, 85, 0, 130, 0, 38 >,
 	< 40, 3, 3, 77, 36, 185, 7, 39 >,
 	< 41, 3, 1, 58, 64, 131, 8, 40 >,
 	< 42, 3, 3, 58, 0, 133, 2, 41 >,
 	< 43, 3, 3, 0, 0, 186, 9, 42 >,
 	< 44, 3, 2, 97, 56, 120, 6, 43 >,
 	< 45, 3, 7, 0, 98, 152, 5, 44 >,
 	< 46, 3, 10, 81, 41, 100, 1, 45 >,
 	< 47, 3, 10, 99, 0, 120, 4, 46 >,
 	// order 4
 	< 48, 4, 9, 59, 0, 121, 3, -1 >,
 	< 49, 4, 4, 0, 54, 160, 0, 48 >,
 	< 50, 4, 1, 0, 0, 188, 7, 49 >,
 	< 51, 4, 8, 81, 61, 178, 8, 50 >,
 	< 52, 4, 8, 98, 0, 165, 2, 51 >,
 	< 53, 4, 10, 48, 0, 130, 9, 52 >,
 	< 54, 4, 3, 0, 100, 101, 6, 53 >,
 	< 55, 4, 1, 45, 47, 176, 5, 54 >,
 	< 56, 4, 1, 95, 40, 170, 1, 55 >,
 	< 57, 4, 9, 0, 0, 124, 4, 56 >,
 	< 58, 4, 3, 54, 0, 190, 3, 57 >,
 	< 59, 4, 10, 0, 51, 171, 0, 58 >,
 	// order 5
 	< 60, 5, 1, 0, 0, 133, 7, -1 >,
 	< 61, 5, 7, 32, 75, 128, 8, 60 >,
 	< 62, 5, 6, 44, 0, 167, 2, 61 >,
 	< 63, 5, 4, 0, 0, 151, 9, 62 >,
 	< 64, 5, 3, 87, 0, 105, 6, 63 >,
 	< 65, 5, 10, 57, 38, 116, 5, 64 >,
 	< 66, 5, 5, 79, 77, 187, 1, 65 >,
 	< 67, 5, 6, 47, 0, 167, 4, 66 >,
 	< 68, 5, 1, 93, 75, 133, 3, 67 >,
 	< 69, 5, 4, 71, 79, 200, 0, 68 >,
 	< 70, 5, 1, 50, 0, 200, 7, 69 >,
 	< 71, 5, 4, 52, 0, 174, 8, 70 >,
 	// order 6
 	< 72, 6, 5, 85, 76, 135, 2, -1 >,
 	< 73, 6, 8, 62, 0, 107, 9, 72 >,
 	< 74, 6, 6, 100, 0, 131, 6, 73 >,
 	< 75, 6, 4, 34, 68, 129, 5, 74 >,
 	< 76, 6, 8, 73, 57, 180, 1, 75 >,
 	< 77, 6, 6, 0, 0, 111, 4, 76 >,
 	< 78, 6, 2, 0, 0, 106, 3, 77 >,
 	< 79, 6, 10, 77, 99, 183, 0, 78 >,
 	< 80, 6, 5, 95, 43, 128, 7, 79 >,
 	< 81, 6, 9, 100, 0, 125, 8, 80 >,
 	< 82, 6, 8, 0, 0, 106, 2, 81 >,
 	< 83, 6, 1, 0, 0, 197, 9, 82 >,
 	// order 7
 	< 84, 7, 1, 0, 0, 170, 6, -1 >,
 	< 85, 7, 10, 0, 0, 167, 5, 84 >,
 	< 86, 7, 2, 0, 91, 108, 1, 85 >,
 	< 87, 7, 8, 92, 0, 180, 4, 86 >,
 	< 88, 7, 1, 0, 0, 199, 3, 87 >,
 	< 89, 7, 10, 0, 0, 187, 0, 88 >,
 	< 90, 7, 5, 0, 0, 100, 7, 89 >,
 	< 91, 7, 9, 0, 30, 198, 8, 90 >,
 	< 92, 7, 7, 0, 98, 119, 2, 91 >,
 	< 93, 7, 8, 73, 0, 134, 9, 92 >,
 	< 94, 7, 5, 0, 63, 130, 6, 93 >,
 	< 95, 7, 9, 0, 0, 166, 5, 94 >,
 	// order 8
 	< 96, 8, 9, 0, 0, 198, 1, -1 >,
 	< 97, 8, 6, 0, 56, 154, 4, 96 >,
 	< 98, 8, 2, 0, 0, 126, 3, 97 >,
 	< 99, 8, 1, 34, 54, 183, 0, 98 >,
 	< 100, 8, 9, 64, 0, 159, 7, 99 >,
 	< 101, 8, 9, 79, 73, 184, 8, 100 >,
 	< 102, 8, 2, 35, 40, 195, 2, 101 >,
 	< 103, 8, 4, 0, 0, 188, 9, 102 >,
 	< 104, 8, 4, 0, 0, 141, 6, 103 >,
 	< 105, 8, 9, 0, 0, 110, 5, 104 >,
 	< 106, 8, 1, 0, 66, 144, 1, 105 >,
 	< 107, 8, 5, 57, 78, 107, 4, 106 >,
 	// order 9
 	< 108, 9, 8, 0, 0, 176, 3, -1 >,
 	< 109, 9, 8, 0, 45, 131, 0, 108 >,
 	< 110, 9, 10, 77, 0, 101, 7, 109 >,
 	< 111, 9, 10, 55, 0, 197, 8, 110 >,
 	< 112, 9, 8, 75, 63, 120, 2, 111 >,
 	< 113, 9, 3, 42, 100, 176, 9, 112 >,
 	< 114, 9, 4, 40, 63, 100, 6, 113 >,
 	< 115, 9, 6, 0, 0, 198, 5, 114 >,
 	< 116, 9, 9, 42, 0, 175, 1, 115 >,
 	< 117, 9, 2, 64, 72, 198, 4, 116 >,
 	< 118, 9, 7, 45, 0, 181, 3, 117 >,
 	< 119, 9, 9, 63, 0, 169, 0, 118 >,
 	// order 10
 	< 120, 10, 6, 0, 0, 157, 7, -1 >,
 	< 121, 10, 10, 0, 0, 148, 8, 120 >,
 	< 122, 10, 6, 31, 85, 102, 2, 121 >,
 	< 123, 10, 9, 0, 0, 145, 9, 122 >,
 	< 124, 10, 1, 0, 89, 140, 6, 123 >,
 	< 125, 10, 8, 84, 63, 167, 5, 124 >,
 	< 126, 10, 2, 0, 95, 128, 1, 125 >,
 	< 127, 10, 3, 30, 85, 180, 4, 126 >,
 	< 128, 10, 1, 0, 0, 181, 3, 127 >,
 	< 129, 10, 10, 0, 0, 120, 0, 128 >,
 	< 130, 10, 3, 0, 37, 138, 7, 129 >,
 	< 131, 10, 3, 0, 95, 139, 8, 130 >,
 	// order 11
 	< 132, 11, 10, 0, 0, 195, 2, -1 >,
 	< 133, 11, 9, 0, 38, 169, 9, 132 >,
 	< 134, 11, 6, 52, 0, 163, 6, 133 >,
 	< 135, 11, 7, 0, 0, 167, 5, 134 >,
 	< 136, 11, 6, 88, 74, 172, 1, 135 >,
 	< 137, 11, 2, 0, 94, 153, 4, 136 >,
 	< 138, 11, 7, 0, 70, 161, 3, 137 >,
 	< 139, 11, 7, 57, 0, 119, 0, 138 >,
 	< 140, 11, 9, 0, 57, 165, 7, 139 >,
 	< 141, 11, 5, 99, 61, 108, 8, 140 >,
 	< 142, 11, 3, 0, 0, 134, 2, 141 >,
 	< 143, 11, 6, 0, 79, 177, 9, 142 >,
 	// order 12
 	< 144, 12, 6, 91, 34, 123, 6, -1 >,
 	< 145, 12, 2, 86, 35, 191, 5, 144 >,
 	< 146, 12, 10, 0, 69, 200, 1, 145 >,
 	< 147, 12, 2, 47, 0, 130, 4, 146 >,
 	< 148, 12, 7, 0, 0, 138, 3, 147 >,
 	< 149, 12, 10, 0, 0, 105, 0, 148 >,
 	< 150, 12, 3, 0, 56, 165, 7, 149 >,
 	< 151, 12, 2, 0, 0, 133, 8, 150 >,
 	< 152, 12, 5, 0, 0, 117, 2, 151 >,
 	< 153, 12, 1, 0, 0, 133, 9, 152 >,
 	< 154, 12, 9, 86, 45, 160, 6, 153 >,
 	< 155, 12, 5, 47, 0, 141, 5, 154 >,
 	// order 13
 	< 156, 13, 2, 51, 65, 175, 1, -1 >,
 	< 157, 13, 7, 0, 0, 154, 4, 156 >,
 	< 158, 13, 9, 57, 89, 156, 3, 157 >,
 	< 159, 13, 9, 39, 36, 126, 0, 158 >,
 	< 160, 13, 1, 0, 61, 149, 7, 159 >,
 	< 161, 13, 1, 0, 0, 181, 8, 160 >,
 	< 162, 13, 5, 83, 0, 165, 2, 161 >,
 	< 163, 13, 2, 82, 0, 136, 9, 162 >,
 	< 164, 13, 3, 86, 0, 197, 6, 163 >,
 	< 165, 13, 5, 57, 0, 156, 5, 164 >,
 	< 166, 13, 7, 0, 0, 131, 1, 165 >,
 	< 167, 13, 9, 47, 34, 126, 4, 166 >,
 	// order 14
 	< 168, 14, 6, 97, 59, 157, 3, -1 >,
 	< 169, 14, 7, 43, 0, 120, 0, 168 >,
 	< 170, 14, 3, 50, 49, 125, 7, 169 >,
 	< 171, 14, 1, 32, 78, 137, 8, 170 >,
 	< 172, 14, 7, 0, 0, 149, 2, 171 >,
 	< 173, 14, 5, 0, 0, 187, 9, 172 >,
 	< 174, 14, 10, 41, 75, 103, 6, 173 >,
 	< 175, 14, 1, 58, 36, 119, 5, 174 >,
 	< 176, 14, 6, 0, 0, 141, 1, 175 >,
 	< 177, 14, 2, 74, 0, 121, 4, 176 >,
 	< 178, 14, 8, 0, 92, 129, 3, 177 >,
 	< 179, 14, 3, 39, 0, 118, 0, 178 >,
 	// order 15
 	< 180, 15, 6, 0, 46, 154, 7, -1 >,
 	< 181, 15, 6, 0, 0, 124, 8, 180 >,
 	< 182, 15, 3, 0, 48, 161, 2, 181 >,
 	< 183, 15, 5, 54, 92, 130, 9, 182 >,
 	< 184, 15, 10, 76, 47, 166, 6, 183 >,
 	< 185, 15, 6, 54, 67, 148, 5, 184 >,
 	< 186, 15, 4, 69, 0, 101, 1, 185 >,
 	< 187, 15, 2, 91, 54, 138, 4, 186 >,
 	< 188, 15, 2, 38, 97, 139, 3, 187 >,
 	< 189, 15, 6, 80, 0, 178, 0, 188 >,
 	< 190, 15, 3, 66, 99, 189, 7, 189 >,
 	< 191, 15, 10, 88, 0, 168, 8, 190 >,
 	// order 16
 	< 192, 16, 10, 0, 33, 146, 2, -1 >,
 	< 193, 16, 8, 0, 30, 159, 9, 192 >,
 	< 194, 16, 6, 0, 0, 186, 6, 193 >,
 	< 195, 16, 2, 75, 88, 189, 5, 194 >,
 	< 196, 16, 9, 0, 54, 157, 1, 195 >,
 	< 197, 16, 6, 0, 0, 196, 4, 196 >,
 	< 198, 16, 10, 0, 95, 150, 3, 197 >,
 	< 199, 16, 9, 37, 95, 177, 0, 198 >,
 	< 200, 16, 7, 47, 0, 165, 7, 199 >,
 	< 201, 16, 9, 0, 0, 186, 8, 200 >,
 	< 202, 16, 10, 0, 0, 200, 2, 201 >,
 	< 203, 16, 6, 80, 52, 148, 9, 202 >,
 	// order 17
 	< 204, 17, 10, 35, 0, 110, 6, -1 >,
 	< 205, 17, 5, 0, 0, 199, 5, 204 >,
 	< 206, 17, 10, 0, 82, 161, 1, 205 >,
 	< 207, 17, 1, 0, 0, 198, 4, 206 >,
 	< 208, 17, 4, 83, 0, 102, 3, 207 >,
 	< 209, 17, 3, 72, 0, 152, 0, 208 >,
 	< 210, 17, 4, 40, 0, 179, 7, 209 >,
 	< 211, 17, 5, 38, 81, 114, 8, 210 >,
 	< 212, 17, 8, 70, 0, 107, 2, 211 >,
 	< 213, 17, 6, 0, 59, 195, 9, 212 >,
 	< 214, 17, 4, 82, 0, 162, 6, 213 >,
 	< 215, 17, 8, 0, 85, 105, 5, 214 >,
 	// order 18
 	< 216, 18, 6, 0, 93, 135, 1, -1 >,
 	< 217, 18, 9, 0, 52, 164, 4, 216 >,
 	< 218, 18, 10, 55, 75, 112, 3, 217 >,
 	< 219, 18, 2, 0, 80, 176, 0, 218 >,
 	< 220, 18, 1, 71, 89, 140, 7, 219 >,
 	< 221, 18, 8, 0, 64, 148, 8, 220 >,
 	< 222, 18, 9, 75, 0, 101, 2, 221 >,
 	< 223, 18, 7, 46, 0, 121, 9, 222 >,
 	< 224, 18, 3, 30, 60, 192, 6, 223 >,
 	< 225, 18, 8, 0, 35, 170, 5, 224 >,
 	< 226, 18, 1, 0, 0, 165, 1, 225 >,
 	< 227, 18, 10, 65, 0, 135, 4, 226 >,
 	// order 19
 	< 228, 19, 9, 41, 0, 176, 3, -1 >,
 	< 229, 19, 7, 0, 0, 111, 0, 228 >,
 	< 230, 19, 6, 80, 0, 154, 7, 229 >,
 	< 231, 19, 8, 70, 0, 141, 8, 230 >,
 	< 232, 19, 5, 0, 41, 140, 2, 231 >,
 	< 233, 19, 8, 55, 0, 175, 9, 232 >,
 	< 234, 19, 1, 44, 37, 139, 6, 233 >,
 	< 235, 19, 7, 68, 0, 174, 5, 234 >,
 	< 236, 19, 8, 0, 0, 100, 1, 235 >,
 	< 237, 19, 4, 87, 79, 172, 4, 236 >,
 	< 238, 19, 5, 36, 49, 113, 3, 237 >,
 	< 239, 19, 5, 78, 53, 102, 0, 238 >,
 	// order 20
 	< 240, 20, 6, 0, 64, 193, 7, -1 >,
 	< 241, 20, 2, 0, 0, 131, 8, 240 >,
 	< 242, 20, 1, 0, 83, 162, 2, 241 >,
 	< 243, 20, 4, 0, 0, 181, 9, 242 >,
 	< 244, 20, 10, 63, 0, 163, 6, 243 >,
 	< 245, 20, 1, 0, 89, 125, 5, 244 >,
 	< 246, 20, 2, 91, 0, 141, 1, 245 >,
 	< 247, 20, 8, 51, 0, 190, 4, 246 >,
 	< 248, 20, 1, 73, 59, 137, 3, 247 >,
 	< 249, 20, 6, 0, 0, 165, 0, 248 >,
 	< 250, 20, 9, 0, 92, 104, 7, 249 >,
 	< 251, 20, 8, 63, 0, 178, 8, 250 >,
 	// order 21
 	< 252, 21, 4, 0, 0, 190, 2, -1 >,
 	< 253, 21, 10, 0, 0, 111, 9, 252 >,
 	< 254, 21, 3, 0, 30, 194, 6, 253 >,
 	< 255, 21, 2, 51, 96, 161, 5, 254 >,
 	< 256, 21, 3, 0, 73, 118, 1, 255 >,
 	< 257, 21, 5, 38, 100, 168, 4, 256 >,
 	< 258, 21, 2, 0, 62, 152, 3, 257 >,
 	< 259, 21, 10, 0, 68, 197, 0, 258 >,
 	< 260, 21, 2, 0, 0, 116, 7, 259 >,
 	< 261, 21, 10, 55, 38, 175, 8, 260 >,
 	< 262, 21, 8, 91, 0, 136, 2, 261 >,
 	< 263, 21, 7, 0, 0, 147, 9, 262 >,
 	// order 22
 	< 264, 22, 2, 0, 0, 112, 6, -1 >,
 	< 265, 22, 6, 43, 0, 149, 5, 264 >,
 	< 266, 22, 7, 99, 0, 140, 1, 265 >,
 	< 267, 22, 7, 0, 68, 146, 4, 266 >,
 	< 268, 22, 2, 66, 90, 124, 3, 267 >,
 	< 269, 22, 10, 73, 36, 184, 0, 268 >,
 	< 270, 22, 5, 0, 0, 141, 7, 269 >,
 	< 271, 22, 7, 55, 49, 180, 8, 270 >,
 	< 272, 22, 7, 30, 0, 178, 2, 271 >,
 	< 273, 22, 5, 0, 0, 113, 9, 272 >,
 	< 274, 22, 5, 0, 0, 195, 6, 273 >,
 	< 275, 22, 9, 89, 0, 188, 5, 274 >,
 	// order 23
 	< 276, 23, 7, 0, 65, 139, 1, -1 >,
 	< 277, 23, 8, 0, 31, 199, 4, 276 >,
 	< 278, 23, 1, 0, 99, 118, 3, 277 >,
 	< 279, 23, 4, 76, 0, 154, 0, 278 >,
 	< 280, 23, 5, 0, 0, 140, 7, 279 >,
 	< 281, 23, 6, 79, 0, 123, 8, 280 >,
 	< 282, 23, 4, 86, 64, 191, 2, 281 >,
 	< 283, 23, 10, 0, 0, 147, 9, 282 >,
 	< 284, 23, 3, 99, 0, 122, 6, 283 >,
 	< 285, 23, 2, 0, 42, 185, 5, 284 >,
 	< 286, 23, 6, 98, 0, 180, 1, 285 >,
 	< 287, 23, 5, 0, 42, 200, 4, 286 >,
 	// order 24
 	< 288, 24, 8, 0, 70, 165, 3, -1 >,
 	< 289, 24, 2, 0, 0, 109, 0, 288 >,
 	< 290, 24, 1, 0, 0, 175, 7, 289 >,
 	< 291, 24, 2, 0, 65, 200, 8, 290 >,
 	< 292, 24, 2, 0, 0, 184, 2, 291 >,
 	< 293, 24, 6, 77, 0, 185, 9, 292 >,
 	< 294, 24, 5, 35, 96, 106, 6, 293 >,
 	< 295, 24, 2, 42, 0, 141, 5, 294 >,
 	< 296, 24, 9, 0, 76, 174, 1, 295 >,
 	< 297, 24, 2, 57, 0, 179, 4, 296 >,
 	< 298, 24, 2, 0, 45, 189, 3, 297 >,
 	< 299, 24, 10, 93, 54, 190, 0, 298 >,
 	// order 25
 	< 300, 25, 3, 0, 69, 101, 7, -1 >,
 	< 301, 25, 4, 0, 0, 157, 8, 300 >,
 	< 302, 25, 5, 0, 35, 118, 2, 301 >,
 	< 303, 25, 1, 0, 36, 143, 9, 302 >,
 	< 304, 25, 10, 0, 0, 106, 6, 303 >,
 	< 305, 25, 4, 42, 0, 104, 5, 304 >,
 	< 306, 25, 2, 90, 79, 152, 1, 305 >,
 	< 307, 25, 6, 42, 0, 173, 4, 306 >,
 	< 308, 25, 8, 0, 0, 166, 3, 307 >,
 	< 309, 25, 4, 0, 88, 103, 0, 308 >,
 	< 310, 25, 9, 82, 38, 136, 7, 309 >,
 	< 311, 25, 7, 0, 0, 144, 8, 310 >,
 	// order 26
 	< 312, 26, 10, 93, 0, 200, 2, -1 >,
 	< 313, 26, 10, 59, 70, 162, 9, 312 >,
 	< 314, 26, 4, 0, 56, 170, 6, 313 >,
 	< 315, 26, 8, 66, 51, 193, 5, 314 >,
 	< 316, 26, 4, 0, 0, 139, 1, 315 >,
 	< 317, 26, 9, 0, 53, 190, 4, 316 >,
 	< 318, 26, 5, 0, 43, 189, 3, 317 >,
 	< 319, 26, 9, 0, 0, 173, 0, 318 >,
 	< 320, 26, 8, 92, 0, 141, 7, 319 >,
 	< 321, 26, 5, 33, 0, 141, 8, 320 >,
 	< 322, 26, 7, 68, 40, 200, 2, 321 >,
 	< 323, 26, 5, 0, 0, 160, 9, 322 >,
 	// order 27
 	< 324, 27, 1, 93, 0, 167, 6, -1 >,
 	< 325, 27, 2, 55, 64, 186, 5, 324 >,
 	< 326, 27, 7, 86, 78, 104, 1, 325 >,
 	< 327, 27, 1, 0, 84, 185, 4, 326 >,
 	< 328, 27, 7, 0, 48, 196, 3, 327 >,
 	< 329, 27, 9, 43, 0, 140, 0, 328 >,
 	< 330, 27, 10, 79, 0, 173, 7, 329 >,
 	< 331, 27, 4, 50, 49, 153, 8, 330 >,
 	< 332, 27, 10, 98, 83, 163, 2, 331 >,
 	< 333, 27, 5, 58, 0, 127, 9, 332 >,
 	< 334, 27, 9, 0, 85, 181, 6, 333 >,
 	< 335, 27, 5, 0, 0, 177, 5, 334 >,
 	// order 28
 	< 336, 28, 4, 0, 0, 172, 1, -1 >,
 	< 337, 28, 10, 0, 97, 164, 4, 336 >,
 	< 338, 28, 6, 47, 0, 131, 3, 337 >,
 	< 339, 28, 7, 80, 0, 120, 0, 338 >,
 	< 340, 28, 3, 0, 0, 199, 7, 339 >,
 	< 341, 28, 10, 91, 55, 195, 8, 340 >,
 	< 342, 28, 6, 0, 0, 147, 2, 341 >,
 	< 343, 28, 6, 0, 36, 124, 9, 342 >,
 	< 344, 28, 10, 97, 52, 190, 6, 343 >,
 	< 345, 28, 7, 0, 0, 188, 5, 344 >,
 	< 346, 28, 3, 0, 0, 109, 1, 345 >,
 	< 347, 28, 10, 75, 0, 111, 4, 346 >,
 	// order 29
 	< 348, 29, 5, 0, 0, 157, 3, -1 >,
 	< 349, 29, 4, 0, 0, 133, 0, 348 >,
 	< 350, 29, 7, 100, 0, 184, 7, 349 >,
 	< 351, 29, 5, 0, 0, 153, 8, 350 >,
 	< 352, 29, 3, 95, 0, 134, 2, 351 >,
 	< 353, 29, 7, 75, 0, 173, 9, 352 >,
 	< 354, 29, 6, 0, 0, 165, 6, 353 >,
 	< 355, 29, 9, 0, 74, 122, 5, 354 >,
 	< 356, 29, 9, 0, 66, 126, 1, 355 >,
 	< 357, 29, 6, 0, 0, 134, 4, 356 >,
 	< 358, 29, 8, 0, 73, 175, 3, 357 >,
 	< 359, 29, 5, 32, 0, 101, 0, 358 >,
 	// order 30
 	< 360, 30, 2, 0, 96, 115, 7, -1 >,
 	< 361, 30, 3, 47, 0, 111, 8, 360 >,
 	< 362, 30, 2, 37, 47, 150, 2, 361 >,
 	< 363, 30, 5, 37, 67, 129, 9, 362 >,
 	< 364, 30, 5, 0, 85, 197, 6, 363 >,
 	< 365, 30, 9, 0, 38, 184, 5, 364 >,
 	< 366, 30, 10, 65, 49, 116, 1, 365 >,
 	< 367, 30, 5, 0, 52, 160, 4, 366 >,
 	< 368, 30, 2, 0, 48, 192, 3, 367 >,
 	< 369, 30, 4, 0, 92, 193, 0, 368 >,
 	< 370, 30, 6, 0, 95, 138, 7, 369 >,
 	< 371, 30, 1, 0, 0, 166, 8, 370 >,
 	// order 31
 	< 372, 31, 9, 100, 0, 103, 2, -1 >,
 	< 373, 31, 4, 0, 0, 122, 9, 372 >,
 	< 374, 31, 3, 0, 97, 120, 6, 373 >,
 	< 375, 31, 7, 0, 36, 152, 5, 374 >,
 	< 376, 31, 1, 36, 47, 192, 1, 375 >,
 	< 377, 31, 5, 0, 98, 189, 4, 376 >,
 	< 378, 31, 2, 0, 33, 143, 3, 377 >,
 	< 379, 31, 9, 0, 83, 188, 0, 378 >,
 	< 380, 31, 6, 31, 81, 104, 7, 379 >,
 	< 381, 31, 6, 0, 0, 164, 8, 380 >,
 	< 382, 31, 5, 90, 0, 113, 2, 381 >,
 	< 383, 31, 8, 83, 0, 159, 9, 382 >,
 	// order 32
 	< 384, 32, 2, 58, 0, 117, 6, -1 >,
 	< 385, 32, 1, 93, 86, 114, 5, 384 >,
 	< 386, 32, 1, 0, 64, 152, 1, 385 >,
 	< 387, 32, 1, 0, 91, 188, 4, 386 >,
 	< 388, 32, 10, 53, 0, 113, 3, 387 >,
 	< 389, 32, 3, 95, 97, 139, 0, 388 >,
 	< 390, 32, 6, 0, 94, 160, 7, 389 >,
 	< 391, 32, 7, 77, 0, 168, 8, 390 >,
 	< 392, 32, 6, 0, 0, 135, 2, 391 >,
 	< 393, 32, 7, 0, 73, 172, 9, 392 >,
 	< 394, 32, 10, 0, 80, 122, 6, 393 >,
 	< 395, 32, 2, 0, 32, 178, 5, 394 >,
 	// order 33
 	< 396, 33, 3, 40, 83, 151, 1, -1 >,
 	< 397, 33, 2, 71, 58, 152, 4, 396 >,
 	< 398, 33, 9, 44, 0, 120, 3, 397 >,
 	< 399, 33, 9, 0, 0, 106, 0, 398 >,
 	< 400, 33, 9, 0, 33, 115, 7, 399 >,
 	< 401, 33, 1, 0, 0, 178, 8, 400 >,
 	< 402, 33, 6, 64, 85, 171, 2, 401 >,
 	< 403, 33, 4, 0, 89, 148, 9, 402 >,
 	< 404, 33, 3, 0, 52, 138, 6, 403 >,
 	< 405, 33, 4, 66, 95, 123, 5, 404 >,
 	< 406, 33, 8, 80, 0, 167, 1, 405 >,
 	< 407, 33, 3, 72, 0, 171, 4, 406 >,
 	// order 34
 	< 408, 34, 5, 58, 31, 195, 3, -1 >,
 	< 409, 34, 10, 0, 0, 173, 0, 408 >,
 	< 410, 34, 1, 0, 0, 181, 7, 409 >,
 	< 411, 34, 8, 71, 83, 131, 8, 410 >,
 	< 412, 34, 10, 90, 0, 110, 2, 411 >,
 	< 413, 34, 10, 0, 0, 104, 9, 412 >,
 	< 414, 34, 2, 39, 0, 177, 6, 413 >,
 	< 415, 34, 9, 0, 0, 175, 5, 414 >,
 	< 416, 34, 4, 0, 31, 170, 1, 415 >,
 	< 417, 34, 2, 0, 0, 152, 4, 416 >,
 	< 418, 34, 10, 33, 40, 185, 3, 417 >,
 	< 419, 34, 2, 83, 37, 147, 0, 418 >,
 	// order 35
 	< 420, 35, 1, 73, 0, 198, 7, -1 >,
 	< 421, 35, 1, 95, 0, 200, 8, 420 >,
 	< 422, 35, 4, 0, 51, 130, 2, 421 >,
 	< 423, 35, 6, 100, 41, 168, 9, 422 >,
 	< 424, 35, 5, 0, 100, 145, 6, 423 >,
 	< 425, 35, 6, 0, 0, 101, 5, 424 >,
 	< 426, 35, 1, 0, 0, 128, 1, 425 >,
 	< 427, 35, 3, 37, 81, 113, 4, 426 >,
 	< 428, 35, 2, 48, 55, 173, 3, 427 >,
 	< 429, 35, 9, 68, 89, 176, 0, 428 >,
 	< 430, 35, 3, 85, 64, 193, 7, 429 >,
 	< 431, 35, 5, 68, 80, 124, 8, 430 >,
 	// order 36
 	< 432, 36, 10, 39, 31, 162, 2, -1 >,
 	< 433, 36, 5, 0, 0, 153, 9, 432 >,
 	< 434, 36, 10, 0, 0, 136, 6, 433 >,
 	< 435, 36, 4, 0, 77, 174, 5, 434 >,
 	< 436, 36, 7, 0, 0, 111, 1, 435 >,
 	< 437, 36, 3, 0, 44, 118, 4, 436 >,
 	< 438, 36, 2, 0, 64, 179, 3, 437 >,
 	< 439, 36, 1, 61, 49, 183, 0, 438 >,
 	< 440, 36, 10, 0, 0, 148, 7, 439 >,
 	< 441, 36, 8, 73, 0, 111, 8, 440 >,
 	< 442, 36, 6, 0, 91, 195, 2, 441 >,
 	< 443, 36, 1, 0, 86, 188, 9, 442 >,
 	// order 37
 	< 444, 37, 1, 0, 0, 130, 6, -1 >,
 	< 445, 37, 3, 0, 65, 139, 5, 444 >,
 	< 446, 37, 2, 0, 77, 135, 1, 445 >,
 	< 447, 37, 9, 70, 87, 134, 4, 446 >,
 	< 448, 37, 4, 42, 0, 159, 3, 447 >,
 	< 449, 37, 10, 0, 69, 172, 0, 448 >,
 	< 450, 37, 10, 0, 81, 122, 7, 449 >,
 	< 451, 37, 5, 85, 0, 140, 8, 450 >,
 	< 452, 37, 9, 0, 0, 132, 2, 451 >,
 	< 453, 37, 8, 66, 31, 113, 9, 452 >,
 	< 454, 37, 5, 0, 62, 157, 6, 453 >,
 	< 455, 37, 2, 0, 0, 172, 5, 454 >,
 	// order 38
 	< 456, 38, 4, 44, 77, 118, 1, -1 >,
 	< 457, 38, 1, 0, 39, 139, 4, 456 >,
 	< 458, 38, 3, 64, 0, 150, 3, 457 >,
 	< 459, 38, 9, 90, 0, 189, 0, 458 >,
 	< 460, 38, 4, 80, 0, 122, 7, 459 >,
 	< 461, 38, 7, 0, 0, 115, 8, 460 >,
 	< 462, 38, 1, 0, 0, 105, 2, 461 >,
 	< 463, 38, 9, 75, 69, 114, 9, 462 >,
 	< 464, 38, 7, 0, 60, 163, 6, 463 >,
 	< 465, 38, 9, 91, 0, 196, 5, 464 >,
 	< 466, 38, 8, 54, 89, 194, 1, 465 >,
 	< 467, 38, 1, 0, 61, 157, 4, 466 >,
 	// order 39
 	< 468, 39, 6, 0, 35, 113, 3, -1 >,
 	< 469, 39, 1, 72, 91, 134, 0, 468 >,
 	< 470, 39, 2, 79, 0, 183, 7, 469 >,
 	< 471, 39, 3, 0, 66, 174, 8, 470 >,
 	< 472, 39, 1, 0, 0, 155, 2, 471 >,
 	< 473, 39, 10, 0, 0, 197, 9, 472 >,
 	< 474, 39, 6, 0, 38, 157, 6, 473 >,
 	< 475, 39, 1, 0, 55, 150, 5, 474 >,
 	< 476, 39, 8, 49, 36, 137, 1, 475 >,
 	< 477, 39, 4, 48, 0, 110, 4, 476 >,
 	< 478, 39, 8, 0, 95, 184, 3, 477 >,
 	< 479, 39, 5, 54, 45, 184, 0, 478 >,
 	// order 40
 	< 480, 40, 6, 48, 56, 200, 7, -1 >,
 	< 481, 40, 2, 33, 0, 194, 8, 480 >,
 	< 482, 40, 6, 68, 0, 144, 2, 481 >,
 	< 483, 40, 2, 0, 0, 126, 9, 482 >,
 	< 484, 40, 10, 90, 83, 101, 6, 483 >,
 	< 485, 40, 2, 72, 60, 184, 5, 484 >,
 	< 486, 40, 3, 63, 55, 137, 1, 485 >,
 	< 487, 40, 1, 0, 76, 134, 4, 486 >,
 	< 488, 40, 1, 87, 0, 139, 3, 487 >,
 	< 489, 40, 4, 0, 49, 137, 0, 488 >,
 	< 490, 40, 10, 78, 65, 197, 7, 489 >,
 	< 491, 40, 4, 58, 0, 151, 8, 490 >,
 	// order 41
 	< 492, 41, 7, 0, 0, 186, 2, -1 >,
 	< 493, 41, 1, 35, 34, 176, 9, 492 >,
 	< 494, 41, 8, 0, 0, 179, 6, 493 >,
 	< 495, 41, 10, 89, 55, 154, 5, 494 >,
 	< 496, 41, 9, 0, 0, 131, 1, 495 >,
 	< 497, 41, 1, 91, 59, 164, 4, 496 >,
 	< 498, 41, 6, 0, 89, 146, 3, 497 >,
 	< 499, 41, 8, 0, 0, 132, 0, 498 >,
 	< 500, 41, 6, 95, 0, 162, 7, 499 >,
 	< 501, 41, 3, 43, 71, 102, 8, 500 >,
 	< 502, 41, 6, 0, 0, 146, 2, 501 >,
 	< 503, 41, 7, 0, 30, 177, 9, 502 >,
 	// order 42
 	< 504, 42, 3, 45, 0, 142, 6, -1 >,
 	< 505, 42, 2, 77, 52, 116, 5, 504 >,
 	< 506, 42, 5, 63, 70, 193, 1, 505 >,
 	< 507, 42, 10, 37, 72, 188, 4, 506 >,
 	< 508, 42, 3, 0, 0, 157, 3, 507 >,
 	< 509, 42, 1, 0, 0, 101, 0, 508 >,
 	< 510, 42, 2, 0, 33, 162, 7, 509 >,
 	< 511, 42, 8, 86, 0, 157, 8, 510 >,
 	< 512, 42, 9, 77, 0, 158, 2, 511 >,
 	< 513, 42, 1, 47, 81, 151, 9, 512 >,
 	< 514, 42, 8, 44, 34, 194, 6, 513 >,
 	< 515, 42, 10, 0, 69, 148, 5, 514 >,
 	// order 43
 	< 516, 43, 5, 0, 0, 196, 1, -1 >,
 	< 517, 43, 10, 0, 0, 181, 4, 516 >,
 	< 518, 43, 4, 0, 0, 154, 3, 517 >,
 	< 519, 43, 8, 0, 0, 185, 0, 518 >,
 	< 520, 43, 9, 0, 0, 183, 7, 519 >,
 	< 521, 43, 3, 0, 52, 160, 8, 520 >,
 	< 522, 43, 4, 0, 88, 161, 2, 521 >,
 	< 523, 43, 5, 30, 0, 108, 9, 522 >,
 	< 524, 43, 4, 0, 32, 112, 6, 523 >,
 	< 525, 43, 1, 0, 0, 136, 5, 524 >,
 	< 526, 43, 4, 0, 0, 162, 1, 525 >,
 	< 527, 43, 9, 0, 0, 118, 4, 526 >,
 	// order 44
 	< 528, 44, 6, 43, 0, 181, 3, -1 >,
 	< 529, 44, 8, 0, 32, 163, 0, 528 >,
 	< 530, 44, 10, 77, 68, 133, 7, 529 >,
 	< 531, 44, 10, 64, 0, 108, 8, 530 >,
 	< 532, 44, 10, 43, 0, 114, 2, 531 >,
 	< 533, 44, 10, 0, 83, 169, 9, 532 >,
 	< 534, 44, 8, 0, 0, 128, 6, 533 >,
 	< 535, 44, 3, 0, 0, 156, 5, 534 >,
 	< 536, 44, 7, 0, 0, 108, 1, 535 >,
 	< 537, 44, 5, 0, 79, 186, 4, 536 >,
 	< 538, 44, 9, 0, 31, 160, 3, 537 >,
 	< 539, 44, 10, 0, 98, 200, 0, 538 >,
 	// order 45
 	< 540, 45, 10, 88, 0, 179, 7, -1 >,
 	< 541, 45, 3, 47, 0, 137, 8, 540 >,
 	< 542, 45, 3, 0, 0, 188, 2, 541 >,
 	< 543, 45, 3, 96, 87, 132, 9, 542 >,
 	< 544, 45, 1, 0, 0, 106, 6, 543 >,
 	< 545, 45, 5, 36, 39, 152, 5, 544 >,
 	< 546, 45, 2, 51, 0, 117, 1, 545 >,
 	< 547, 45, 10, 40, 87, 150, 4, 546 >,
 	< 548, 45, 9, 0, 0, 159, 3, 547 >,
 	< 549, 45, 6, 0, 82, 174, 0, 548 >,
 	< 550, 45, 1, 0, 75, 191, 7, 549 >,
 	< 551, 45, 5, 0, 77, 110, 8, 550 >,
 	// order 46
 	< 552, 46, 2, 0, 0, 177, 2, -1 >,
 	< 553, 46, 2, 98, 80, 138, 9, 552 >,
 	< 554, 46, 1, 33, 0, 183, 6, 553 >,
 	< 555, 46, 3, 0, 0, 147, 5, 554 >,
 	< 556, 46, 10, 52, 57, 151, 1, 555 >,
 	< 557, 46, 8, 76, 0, 174, 4, 556 >,
 	< 558, 46, 7, 0, 0, 152, 3, 557 >,
 	< 559, 46, 7, 0, 69, 114, 0, 558 >,
 	< 560, 46, 10, 33, 0, 135, 7, 559 >,
 	< 561, 46, 7, 0, 0, 184, 8, 560 >,
 	< 562, 46, 9, 50, 0, 129, 2, 561 >,
 	< 563, 46, 8, 0, 54, 172, 9, 562 >,
 	// order 47
 	< 564, 47, 3, 0, 51, 168, 6, -1 >,
 	< 565, 47, 10, 33, 0, 153, 5, 564 >,
 	< 566, 47, 4, 62, 100, 151, 1, 565 >,
 	< 567, 47, 4, 47, 81, 128, 4, 566 >,
 	< 568, 47, 4, 89, 61, 163, 3, 567 >,
 	< 569, 47, 8, 35, 92, 103, 0, 568 >,
 	< 570, 47, 4, 37, 0, 138, 7, 569 >,
 	< 571, 47, 1, 73, 90, 144, 8, 570 >,
 	< 572, 47, 3, 0, 35, 179, 2, 571 >,
 	< 573, 47, 5, 74, 100, 198, 9, 572 >,
 	< 574, 47, 1, 63, 0, 154, 6, 573 >,
 	< 575, 47, 1, 0, 62, 165, 5, 574 >,
 	// order 48
 	< 576, 48, 8, 0, 0, 126, 1, -1 >,
 	< 577, 48, 5, 0, 0, 115, 4, 576 >,
 	< 578, 48, 10, 0, 0, 152, 3, 577 >,
 	< 579, 48, 6, 54, 69, 195, 0, 578 >,
 	< 580, 48, 4, 0, 0, 112, 7, 579 >,
 	< 581, 48, 1, 0, 43, 180, 8, 580 >,
 	< 582, 48, 3, 73, 0, 137, 2, 581 >,
 	< 583, 48, 5, 64, 60, 182, 9, 582 >,
 	< 584, 48, 4, 0, 63, 185, 6, 583 >,
 	< 585, 48, 9, 67, 0, 184, 5, 584 >,
 	< 586, 48, 8, 65, 0, 125, 1, 585 >,
 	< 587, 48, 3, 72, 0, 196, 4, 586 >,
 	// order 49
 	< 588, 49, 6, 0, 0, 195, 3, -1 >,
 	< 589, 49, 7, 0, 99, 111, 0, 588 >,
 	< 590, 49, 8, 0, 51, 173, 7, 589 >,
 	< 591, 49, 6, 74, 49, 117, 8, 590 >,
 	< 592, 49, 8, 0, 98, 155, 2, 591 >,
 	< 593, 49, 8, 0, 38, 118, 9, 592 >,
 	< 594, 49, 3, 60, 0, 124, 6, 593 >,
 	< 595, 49, 2, 0, 91, 155, 5, 594 >,
 	< 596, 49, 1, 59, 78, 119, 1, 595 >,
 	< 597, 49, 6, 87, 0, 159, 4, 596 >,
 	< 598, 49, 9, 0, 0, 124, 3, 597 >,
 	< 599, 49, 5, 0, 0, 139, 0, 598 >,
 	// order 50
 	< 600, 50, 9, 0, 91, 193, 7, -1 >,
 	< 601, 50, 5, 0, 0, 183, 8, 600 >,
 	< 602, 50, 5, 0, 98, 179, 2, 601 >,
 	< 603, 50, 8, 0, 0, 174, 9, 602 >,
 	< 604, 50, 1, 0, 0, 124, 6, 603 >,
 	< 605, 50, 4, 0, 72, 141, 5, 604 >,
 	< 606, 50, 6, 0, 0, 182, 1, 605 >,
 	< 607, 50, 8, 49, 0, 136, 4, 606 >,
 	< 608, 50, 2, 64, 0, 142, 3, 607 >,
 	< 609, 50, 1, 49, 0, 145, 0, 608 >,
 	< 610, 50, 7, 0, 35, 117, 7, 609 >,
 	< 611, 50, 7, 0, 0, 104, 8, 610 >,
 	// order 51
 	< 612, 51, 7, 86, 0, 133, 2, -1 >,
 	< 613, 51, 1, 93, 77, 168, 9, 612 >,
 	< 614, 51, 1, 84, 0, 200, 6, 613 >,
 	< 615, 51, 3, 0, 90, 126, 5, 614 >,
 	< 616, 51, 6, 0, 55, 197, 1, 615 >,
 	< 617, 51, 4, 39, 0, 113, 4, 616 >,
 	< 618, 51, 5, 45, 0, 152, 3, 617 >,
 	< 619, 51, 4, 41, 0, 171, 0, 618 >,
 	< 620, 51, 2, 0, 81, 137, 7, 619 >,
 	< 621, 51, 10, 0, 0, 109, 8, 620 >,
 	< 622, 51, 9, 0, 0, 119, 2, 621 >,
 	< 623, 51, 8, 0, 36, 168, 9, 622 >,
 	// order 52
 	< 624, 52, 4, 84, 67, 154, 6, -1 >,
 	< 625, 52, 3, 0, 0, 136, 5, 624 >,
 	< 626, 52, 9, 70, 0, 160, 1, 625 >,
 	< 627, 52, 2, 0, 0, 146, 4, 626 >,
 	< 628, 52, 10, 31, 0, 172, 3, 627 >,
 	< 629, 52, 1, 0, 95, 155, 0, 628 >,
 	< 630, 52, 5, 0, 47, 104, 7, 629 >,
 	< 631, 52, 9, 96, 0, 157, 8, 630 >,
 	< 632, 52, 1, 0, 0, 148, 2, 631 >,
 	< 633, 52, 10, 0, 0, 130, 9, 632 >,
 	< 634, 52, 4, 33, 70, 131, 6, 633 >,
 	< 635, 52, 1, 53, 33, 170, 5, 634 >,
 	// order 53
 	< 636, 53, 4, 54, 31, 100, 1, -1 >,
 	< 637, 53, 1, 0, 49, 104, 4, 636 >,
 	< 638, 53, 3, 93, 0, 154, 3, 637 >,
 	< 639, 53, 10, 36, 0, 162, 0, 638 >,
 	< 640, 53, 9, 0, 0, 150, 7, 639 >,
 	< 641, 53, 8, 61, 0, 136, 8, 640 >,
 	< 642, 53, 5, 93, 46, 123, 2, 641 >,
 	< 643, 53, 2, 0, 0, 194, 9, 642 >,
 	< 644, 53, 4, 0, 35, 185, 6, 643 >,
 	< 645, 53, 9, 0, 95, 155, 5, 644 >,
 	< 646, 53, 8, 70, 35, 145, 1, 645 >,
 	< 647, 53, 5, 0, 0, 129, 4, 646 >,
 	// order 54
 	< 648, 54, 3, 47, 0, 181, 3, -1 >,
 	< 649, 54, 2, 0, 77, 115, 0, 648 >,
 	< 650, 54, 5, 36, 0, 102, 7, 649 >,
 	< 651, 54, 6, 0, 0, 117, 8, 650 >,
 	< 652, 54, 7, 38, 73, 164, 2, 651 >,
 	< 653, 54, 7, 0, 0, 167, 9, 652 >,
 	< 654, 54, 8, 87, 41, 173, 6, 653 >,
 	< 655, 54, 7, 73, 0, 169, 5, 654 >,
 	< 656, 54, 6, 0, 0, 178, 1, 655 >,
 	< 657, 54, 2, 79, 0, 171, 4, 656 >,
 	< 658, 54, 5, 0, 0, 114, 3, 657 >,
 	< 659, 54, 7, 37, 0, 164, 0, 658 >,
 	// order 55
 	< 660, 55, 6, 0, 41, 121, 7, -1 >,
 	< 661, 55, 9, 0, 85, 193, 8, 660 >,
 	< 662, 55, 5, 0, 65, 200, 2, 661 >,
 	< 663, 55, 5, 0, 0, 110, 9, 662 >,
 	< 664, 55, 8, 0, 100, 189, 6, 663 >,
 	< 665, 55, 5, 0, 0, 151, 5, 664 >,
 	< 666, 55, 7, 0, 74, 150, 1, 665 >,
 	< 667, 55, 2, 0, 0, 185, 4, 666 >,
 	< 668, 55, 4, 38, 0, 151, 3, 667 >,
 	< 669, 55, 2, 30, 0, 166, 0, 668 >,
 	< 670, 55, 9, 0, 67, 122, 7, 669 >,
 	< 671, 55, 10, 0, 0, 188, 8, 670 >,
 	// order 56
 	< 672, 56, 2, 79, 0, 146, 2, -1 >,
 	< 673, 56, 9, 64, 0, 179, 9, 672 >,
 	< 674, 56, 9, 59, 75, 175, 6, 673 >,
 	< 675, 56, 5, 55, 62, 122, 5, 674 >,
 	< 676, 56, 9, 0, 70, 127, 1, 675 >,
 	< 677, 56, 1, 50, 36, 197, 4, 676 >,
 	< 678, 56, 2, 0, 78, 197, 3, 677 >,
 	< 679, 56, 7, 0, 80, 134, 0, 678 >,
 	< 680, 56, 3, 0, 61, 138, 7, 679 >,
 	< 681, 56, 1, 86, 0, 105, 8, 680 >,
 	< 682, 56, 2, 0, 36, 157, 2, 681 >,
 	< 683, 56, 6, 74, 81, 113, 9, 682 >,
 	// order 57
 	< 684, 57, 2, 81, 0, 185, 6, -1 >,
 	< 685, 57, 8, 0, 0, 131, 5, 684 >,
 	< 686, 57, 9, 0, 92, 165, 1, 685 >,
 	< 687, 57, 7, 39, 100, 200, 4, 686 >,
 	< 688, 57, 5, 33, 84, 109, 3, 687 >,
 	< 689, 57, 8, 0, 0, 178, 0, 688 >,
 	< 690, 57, 9, 100, 0, 107, 7, 689 >,
 	< 691, 57, 7, 0, 0, 153, 8, 690 >,
 	< 692, 57, 3, 53, 41, 179, 2, 691 >,
 	< 693, 57, 7, 0, 0, 191, 9, 692 >,
 	< 694, 57, 10, 81, 81, 165, 6, 693 >,
 	< 695, 57, 6, 97, 0, 176, 5, 694 >,
 	// order 58
 	< 696, 58, 10, 100, 33, 179, 1, -1 >,
 	< 697, 58, 8, 70, 54, 192, 4, 696 >,
 	< 698, 58, 4, 49, 0, 192, 3, 697 >,
 	< 699, 58, 9, 35, 0, 133, 0, 698 >,
 	< 700, 58, 3, 31, 0, 167, 7, 699 >,
 	< 701, 58, 3, 67, 49, 178, 8, 700 >,
 	< 702, 58, 8, 0, 53, 116, 2, 701 >,
 	< 703, 58, 2, 96, 0, 188, 9, 702 >,
 	< 704, 58, 10, 89, 0, 120, 6, 703 >,
 	< 705, 58, 5, 0, 90, 196, 5, 704 >,
 	< 706, 58, 4, 76, 63, 151, 1, 705 >,
 	< 707, 58, 10, 0, 0, 111, 4, 706 >,
 	// order 59
 	< 708, 59, 1, 0, 0, 113, 3, -1 >,
 	< 709, 59, 6, 0, 88, 175, 0, 708 >,
 	< 710, 59, 8, 40, 62, 128, 7, 709 >,
 	< 711, 59, 10, 0, 63, 181, 8, 710 >,
 	< 712, 59, 1, 36, 0, 141, 2, 711 >,
 	< 713, 59, 1, 100, 76, 118, 9, 712 >,
 	< 714, 59, 9, 0, 0, 184, 6, 713 >,
 	< 715, 59, 9, 79, 82, 194, 5, 714 >,
 	< 716, 59, 7, 35, 45, 200, 1, 715 >,
 	< 717, 59, 2, 0, 52, 118, 4, 716 >,
 	< 718, 59, 7, 32, 0, 195, 3, 717 >,
 	< 719, 59, 8, 65, 67, 195, 0, 718 >,
 	// order 60
 	< 720, 60, 1, 37, 61, 163, 7, -1 >,
 	< 721, 60, 5, 0, 0, 196, 8, 720 >,
 	< 722, 60, 8, 58, 0, 102, 2, 721 >,
 	< 723, 60, 4, 0, 0, 143, 9, 722 >,
 	< 724, 60, 6, 0, 0, 200, 6, 723 >,
 	< 725, 60, 3, 45, 96, 179, 5, 724 >,
 	< 726, 60, 10, 0, 59, 173, 1, 725 >,
 	< 727, 60, 8, 0, 65, 155, 4, 726 >,
 	< 728, 60, 6, 0, 0, 184, 3, 727 >,
 	< 729, 60, 3, 88, 35, 192, 0, 728 >,
 	< 730, 60, 4, 58, 0, 200, 7, 729 >,
 	< 731, 60, 7, 72, 98, 123, 8, 730 >,
 	// order 61
 	< 732, 61, 10, 0, 66, 166, 2, -1 >,
 	< 733, 61, 9, 0, 49, 154, 9, 732 >,
 	< 734, 61, 6, 68, 62, 120, 6, 733 >,
 	< 735, 61, 5, 52, 70, 164, 5, 734 >,
 	< 736, 61, 1, 0, 0, 190, 1, 735 >,
 	< 737, 61, 5, 0, 0, 101, 4, 736 >,
 	< 738, 61, 9, 67, 0, 165, 3, 737 >,
 	< 739, 61, 6, 53, 36, 136, 0, 738 >,
 	< 740, 61, 10, 56, 89, 187, 7, 739 >,
 	< 741, 61, 6, 59, 0, 185, 8, 740 >,
 	< 742, 61, 6, 0, 49, 145, 2, 741 >,
 	< 743, 61, 3, 0, 54, 104, 9, 742 >,
 	// order 62
 	< 744, 62, 6, 0, 66, 116, 6, -1 >,
 	< 745, 62, 3, 0, 79, 116, 5, 744 >,
 	< 746, 62, 2, 0, 73, 185, 1, 745 >,
 	< 747, 62, 7, 72, 0, 194, 4, 746 >,
 	< 748, 62, 9, 83, 0, 144, 3, 747 >,
 	< 749, 62, 5, 56, 0, 129, 0, 748 >,
 	< 750, 62, 3, 82, 0, 139, 7, 749 >,
 	< 751, 62, 6, 56, 74, 132, 8, 750 >,
 	< 752, 62, 7, 36, 52, 147, 2, 751 >,
 	< 753, 62, 1, 0, 80, 147, 9, 752 >,
 	< 754, 62, 8, 0, 0, 187, 6, 753 >,
 	< 755, 62, 6, 35, 71, 185, 5, 754 >,
 	// order 63
 	< 756, 63, 8, 0, 56, 149, 1, -1 >,
 	< 757, 63, 3, 0, 0, 194, 4, 756 >,
 	< 758, 63, 2, 58, 44, 198, 3, 757 >,
 	< 759, 63, 7, 0, 0, 103, 0, 758 >,
 	< 760, 63, 6, 53, 86, 106, 7, 759 >,
 	< 761, 63, 4, 0, 30, 107, 8, 760 >,
 	< 762, 63, 3, 0, 0, 148, 2, 761 >,
 	< 763, 63, 10, 0, 0, 128, 9, 762 >,
 	< 764, 63, 9, 0, 38, 188, 6, 763 >,
 	< 765, 63, 6, 53, 98, 190, 5, 764 >,
 	< 766, 63, 9, 0, 74, 200, 1, 765 >,
 	< 767, 63, 10, 0, 37, 131, 4, 766 >,
 	// order 64
 	< 768, 64, 2, 0, 51, 187, 3, -1 >,
 	< 769, 64, 9, 55, 0, 126, 0, 768 >,
 	< 770, 64, 7, 0, 0, 130, 7, 769 >,
 	< 771, 64, 9, 88, 0, 101, 8, 770 >,
 	< 772, 64, 3, 67, 0, 164, 2, 771 >,
 	< 773, 64, 2, 54, 0, 104, 9, 772 >,
 	< 774, 64, 6, 65, 0, 197, 6, 773 >,
 	< 775, 64, 7, 0, 0, 181, 5, 774 >,
 	< 776, 64, 1, 76, 77, 171, 1, 775 >,
 	< 777, 64, 3, 0, 0, 166, 4, 776 >,
 	< 778, 64, 9, 0, 0, 196, 3, 777 >,
 	< 779, 64, 9, 70, 96, 105, 0, 778 >,
 	// order 65
 	< 780, 65, 2, 0, 66, 132, 7, -1 >,
 	< 781, 65, 6, 41, 0, 112, 8, 780 >,
 	< 782, 65, 7, 72, 0, 144, 2, 781 >,
 	< 783, 65, 3, 83, 63, 140, 9, 782 >,
 	< 784, 65, 8, 79, 86, 148, 6, 783 >,
 	< 785, 65, 6, 46, 0, 100, 5, 784 >,
 	< 786, 65, 2, 0, 97, 121, 1, 785 >,
 	< 787, 65, 2, 37, 34, 102, 4, 786 >,
 	< 788, 65, 1, 0, 0, 166, 3, 787 >,
 	< 789, 65, 1, 65, 0, 182, 0, 788 >,
 	< 790, 65, 8, 0, 57, 142, 7, 789 >,
 	< 791, 65, 9, 67, 0, 112, 8, 790 >,
 	// order 66
 	< 792, 66, 5, 0, 75, 155, 2, -1 >,
 	< 793, 66, 5, 0, 0, 108, 9, 792 >,
 	< 794, 66, 5, 0, 63, 134, 6, 793 >,
 	< 795, 66, 8, 78, 0, 113, 5, 794 >,
 	< 796, 66, 5, 0, 0, 198, 1, 795 >,
 	< 797, 66, 6, 0, 62, 127, 4, 796 >,
 	< 798, 66, 6, 0, 0, 112, 3, 797 >,
 	< 799, 66, 1, 72, 51, 137, 0, 798 >,
 	< 800, 66, 6, 0, 32, 142, 7, 799 >,
 	< 801, 66, 9, 32, 51, 164, 8, 800 >,
 	< 802, 66, 9, 0, 0, 140, 2, 801 >,
 	< 803, 66, 7, 0, 0, 116, 9, 802 >,
 	// order 67
 	< 804, 67, 2, 0, 32, 108, 6, -1 >,
 	< 805, 67, 10, 46, 82, 161, 5, 804 >,
 	< 806, 67, 8, 50, 0, 195, 1, 805 >,
 	< 807, 67, 10, 32, 41, 186, 4, 806 >,
 	< 808, 67, 2, 40, 80, 127, 3, 807 >,
 	< 809, 67, 8, 53, 51, 172, 0, 808 >,
 	< 810, 67, 2, 79, 0, 163, 7, 809 >,
 	< 811, 67, 1, 70, 50, 138, 8, 810 >,
 	< 812, 67, 6, 67, 64, 143, 2, 811 >,
 	< 813, 67, 10, 0, 100, 131, 9, 812 >,
 	< 814, 67, 3, 0, 62, 124, 6, 813 >,
 	< 815, 67, 5, 0, 0, 142, 5, 814 >,
 	// order 68
 	< 816, 68, 8, 0, 0, 115, 1, -1 >,
 	< 817, 68, 4, 0, 34, 197, 4, 816 >,
 	< 818, 68, 1, 38, 54, 160, 3, 817 >,
 	< 819, 68, 9, 0, 0, 129, 0, 818 >,
 	< 820, 68, 3, 0, 86, 172, 7, 819 >,
 	< 821, 68, 9, 70, 0, 116, 8, 820 >,
 	< 822, 68, 9, 0, 0, 148, 2, 821 >,
 	< 823, 68, 9, 38, 56, 146, 9, 822 >,
 	< 824, 68, 3, 95, 0, 149, 6, 823 >,
 	< 825, 68, 5, 0, 0, 179, 5, 824 >,
 	< 826, 68, 3, 33, 41, 197, 1, 825 >,
 	< 827, 68, 1, 75, 0, 132, 4, 826 >,
 	// order 69
 	< 828, 69, 7, 71, 38, 169, 3, -1 >,
 	< 829, 69, 5, 30, 63, 121, 0, 828 >,
 	< 830, 69, 9, 34, 58, 175, 7, 829 >,
 	< 831, 69, 4, 0, 54, 179, 8, 830 >,
 	< 832, 69, 10, 86, 0, 196, 2, 831 >,
 	< 833, 69, 6, 71, 0, 121, 9, 832 >,
 	< 834, 69, 1, 69, 0, 103, 6, 833 >,
 	< 835, 69, 10, 95, 54, 102, 5, 834 >,
 	< 836, 69, 9, 0, 0, 197, 1, 835 >,
 	< 837, 69, 1, 0, 47, 134, 4, 836 >,
 	< 838, 69, 2, 51, 74, 134, 3, 837 >,
 	< 839, 69, 4, 0, 38, 121, 0, 838 >,
 	// order 70
 	< 840, 70, 2, 0, 83, 118, 7, -1 >,
 	< 841, 70, 6, 56, 64, 139, 8, 840 >,
 	< 842, 70, 1, 84, 0, 115, 2, 841 >,
 	< 843, 70, 6, 0, 47, 111, 9, 842 >,
 	< 844, 70, 4, 0, 0, 138, 6, 843 >,
 	< 845, 70, 6, 57, 72, 151, 5, 844 >,
 	< 846, 70, 5, 0, 0, 185, 1, 845 >,
 	< 847, 70, 9, 0, 0, 179, 4, 846 >,
 	< 848, 70, 6, 51, 0, 186, 3, 847 >,
 	< 849, 70, 8, 51, 0, 149, 0, 848 >,
 	< 850, 70, 2, 92, 92, 110, 7, 849 >,
 	< 851, 70, 9, 93, 0, 168, 8, 850 >,
 	// order 71
 	< 852, 71, 9, 0, 45, 199, 2, -1 >,
 	< 853, 71, 10, 91, 53, 176, 9, 852 >,
 	< 854, 71, 1, 48, 87, 192, 6, 853 >,
 	< 855, 71, 3, 0, 43, 155, 5, 854 >,
 	< 856, 71, 9, 88, 82, 154, 1, 855 >,
 	< 857, 71, 1, 0, 65, 110, 4, 856 >,
 	< 858, 71, 2, 51, 44, 187, 3, 857 >,
 	< 859, 71, 8, 61, 0, 115, 0, 858 >,
 	< 860, 71, 5, 48, 0, 123, 7, 859 >,
 	< 861, 71, 3, 73, 70, 148, 8, 860 >,
 	< 862, 71, 3, 0, 0, 140, 2, 861 >,
 	< 863, 71, 4, 0, 0, 183, 9, 862 >,
 	// order 72
 	< 864, 72, 10, 0, 0, 196, 6, -1 >,
 	< 865, 72, 6, 54, 0, 172, 5, 864 >,
 	< 866, 72, 5, 93, 54, 175, 1, 865 >,
 	< 867, 72, 1, 0, 0, 134, 4, 866 >,
 	< 868, 72, 4, 36, 0, 200, 3, 867 >,
 	< 869, 72, 6, 63, 60, 181, 0, 868 >,
 	< 870, 72, 6, 0, 74, 128, 7, 869 >,
 	< 871, 72, 8, 0, 82, 189, 8, 870 >,
 	< 872, 72, 9, 0, 0, 120, 2, 871 >,
 	< 873, 72, 9, 82, 75, 110, 9, 872 >,
 	< 874, 72, 3, 95, 35, 182, 6, 873 >,
 	< 875, 72, 1, 0, 0, 190, 5, 874 >,
 	// order 73
 	< 876, 73, 1, 0, 94, 191, 1, -1 >,
 	< 877, 73, 3, 0, 0, 106, 4, 876 >,
 	< 878, 73, 1, 55, 62, 143, 3, 877 >,
 	< 879, 73, 7, 38, 0, 185, 0, 878 >,
 	< 880, 73, 9, 48, 0, 152, 7, 879 >,
 	< 881, 73, 6, 98, 63, 166, 8, 880 >,
 	< 882, 73, 10, 0, 90, 144, 2, 881 >,
 	< 883, 73, 4, 0, 0, 164, 9, 882 >,
 	< 884, 73, 6, 92, 43, 193, 6, 883 >,
 	< 885, 73, 4, 0, 0, 143, 5, 884 >,
 	< 886, 73, 10, 36, 30, 151, 1, 885 >,
 	< 887, 73, 2, 0, 0, 140, 4, 886 >,
 	// order 74
 	< 888, 74, 7, 0, 72, 135, 3, -1 >,
 	< 889, 74, 1, 0, 72, 200, 0, 888 >,
 	< 890, 74, 4, 88, 49, 128, 7, 889 >,
 	< 891, 74, 7, 40, 40, 108, 8, 890 >,
 	< 892, 74, 6, 0, 79, 181, 2, 891 >,
 	< 893, 74, 8, 53, 0, 192, 9, 892 >,
 	< 894, 74, 9, 99, 0, 102, 6, 893 >,
 	< 895, 74, 3, 0, 0, 190, 5, 894 >,
 	< 896, 74, 6, 57, 0, 132, 1, 895 >,
 	< 897, 74, 2, 52, 90, 157, 4, 896 >,
 	< 898, 74, 3, 48, 70, 147, 3, 897 >,
 	< 899, 74, 1, 43, 0, 197, 0, 898 >,
 	// order 75
 	< 900, 75, 3, 57, 95, 154, 7, -1 >,
 	< 901, 75, 9, 0, 0, 132, 8, 900 >,
 	< 902, 75, 10, 70, 0, 119, 2, 901 >,
 	< 903, 75, 10, 0, 46, 142, 9, 902 >,
 	< 904, 75, 2, 0, 75, 110, 6, 903 >,
 	< 905, 75, 7, 0, 68, 123, 5, 904 >,
 	< 906, 75, 7, 71, 72, 164, 1, 905 >,
 	< 907, 75, 8, 45, 0, 147, 4, 906 >,
 	< 908, 75, 5, 0, 0, 133, 3, 907 >,
 	< 909, 75, 1, 55, 0, 149, 0, 908 >,
 	< 910, 75, 9, 0, 92, 185, 7, 909 >,
 	< 911, 75, 8, 0, 73, 127, 8, 910 >,
 	// order 76
 	< 912, 76, 2, 80, 0, 169, 2, -1 >,
 	< 913, 76, 10, 0, 74, 155, 9, 912 >,
 	< 914, 76, 3, 52, 0, 196, 6, 913 >,
 	< 915, 76, 7, 0, 0, 130, 5, 914 >,
 	< 916, 76, 1, 34, 0, 106, 1, 915 >,
 	< 917, 76, 5, 32, 83, 182, 4, 916 >,
 	< 918, 76, 6, 30, 93, 147, 3, 917 >,
 	< 919, 76, 8, 0, 56, 199, 0, 918 >,
 	< 920, 76, 8, 88, 0, 121, 7, 919 >,
 	< 921, 76, 8, 95, 0, 178, 8, 920 >,
 	< 922, 76, 7, 0, 51, 107, 2, 921 >,
 	< 923, 76, 6, 82, 0, 192, 9, 922 >,
 	// order 77
 	< 924, 77, 4, 0, 98, 127, 6, -1 >,
 	< 925, 77, 7, 0, 0, 148, 5, 924 >,
 	< 926, 77, 10, 93, 31, 125, 1, 925 >,
 	< 927, 77, 4, 89, 0, 174, 4, 926 >,
 	< 928, 77, 3, 70, 0, 197, 3, 927 >,
 	< 929, 77, 6, 0, 88, 196, 0, 928 >,
 	< 930, 77, 1, 56, 0, 159, 7, 929 >,
 	< 931, 77, 6, 91, 72, 142, 8, 930 >,
 	< 932, 77, 5, 0, 0, 110, 2, 931 >,
 	< 933, 77, 8, 72, 0, 175, 9, 932 >,
 	< 934, 77, 9, 67, 0, 162, 6, 933 >,
 	< 935, 77, 7, 85, 0, 175, 5, 934 >,
 	// order 78
 	< 936, 78, 3, 65, 87, 106, 1, -1 >,
 	< 937, 78, 6, 0, 0, 175, 4, 936 >,
 	< 938, 78, 5, 92, 52, 187, 3, 937 >,
 	< 939, 78, 4, 0, 47, 101, 0, 938 >,
 	< 940, 78, 9, 34, 0, 128, 7, 939 >,
 	< 941, 78, 1, 89, 90, 114, 8, 940 >,
 	< 942, 78, 9, 0, 0, 170, 2, 941 >,
 	< 943, 78, 10, 62, 0, 121, 9, 942 >,
 	< 944, 78, 1, 0, 0, 133, 6, 943 >,
 	< 945, 78, 1, 95, 0, 175, 5, 944 >,
 	< 946, 78, 3, 0, 84, 173, 1, 945 >,
 	< 947, 78, 5, 0, 0, 144, 4, 946 >,
 	// order 79
 	< 948, 79, 6, 70, 62, 190, 3, -1 >,
 	< 949, 79, 3, 77, 0, 162, 0, 948 >,
 	< 950, 79, 10, 0, 92, 103, 7, 949 >,
 	< 951, 79, 10, 51, 100, 134, 8, 950 >,
 	< 952, 79, 2, 36, 65, 129, 2, 951 >,
 	< 953, 79, 1, 0, 70, 150, 9, 952 >,
 	< 954, 79, 5, 33, 59, 172, 6, 953 >,
 	< 955, 79, 5, 0, 0, 126, 5, 954 >,
 	< 956, 79, 7, 0, 91, 153, 1, 955 >,
 	< 957, 79, 10, 83, 88, 169, 4, 956 >,
 	< 958, 79, 5, 0, 81, 154, 3, 957 >,
 	< 959, 79, 8, 0, 89, 118, 0, 958 >,
 	// order 80
 	< 960, 80, 3, 0, 0, 194, 7, -1 >,
 	< 961, 80, 9, 57, 95, 190, 8, 960 >,
 	< 962, 80, 7, 35, 0, 135, 2, 961 >,
 	< 963, 80, 3, 98, 0, 136, 9, 962 >,
 	< 964, 80, 8, 0, 87, 103, 6, 963 >,
 	< 965, 80, 8, 0, 92, 196, 5, 964 >,
 	< 966, 80, 1, 0, 0, 107, 1, 965 >,
 	< 967, 80, 5, 0, 0, 193, 4, 966 >,
 	< 968, 80, 7, 0, 0, 119, 3, 967 >,
 	< 969, 80, 9, 31, 38, 141, 0, 968 >,
 	< 970, 80, 4, 0, 60, 165, 7, 969 >,
 	< 971, 80, 5, 0, 0, 129, 8, 970 >,
 	// order 81
 	< 972, 81, 7, 41, 63, 169, 2, -1 >,
 	< 973, 81, 10, 72, 30, 101, 9, 972 >,
 	< 974, 81, 10, 93, 0, 120, 6, 973 >,
 	< 975, 81, 1, 52, 86, 143, 5, 974 >,
 	< 976, 81, 7, 68, 31, 159, 1, 975 >,
 	< 977, 81, 5, 74, 0, 115, 4, 976 >,
 	< 978, 81, 8, 0, 0, 148, 3, 977 >,
 	< 979, 81, 9, 93, 0, 142, 0, 978 >,
 	< 980, 81, 1, 0, 0, 147, 7, 979 >,
 	< 981, 81, 4, 0, 0, 144, 8, 980 >,
 	< 982, 81, 5, 85, 0, 182, 2, 981 >,
 	< 983, 81, 5, 91, 34, 195, 9, 982 >,
 	// order 82
 	< 984, 82, 3, 0, 56, 170, 6, -1 >,
 	< 985, 82, 8, 0, 90, 172, 5, 984 >,
 	< 986, 82, 2, 0, 0, 179, 1, 985 >,
 	< 987, 82, 4, 0, 57, 106, 4, 986 >,
 	< 988, 82, 3, 65, 55, 171, 3, 987 >,
 	< 989, 82, 6, 97, 97, 162, 0, 988 >,
 	< 990, 82, 10, 0, 82, 126, 7, 989 >,
 	< 991, 82, 4, 79, 47, 117, 8, 990 >,
 	< 992, 82, 3, 53, 55, 168, 2, 991 >,
 	< 993, 82, 5, 0, 0, 148, 9, 992 >,
 	< 994, 82, 9, 98, 41, 136, 6, 993 >,
 	< 995, 82, 7, 0, 0, 117, 5, 994 >,
 	// order 83
 	< 996, 83, 4, 37, 0, 160, 1, -1 >,
 	< 997, 83, 5, 0, 0, 102, 4, 996 >,
 	< 998, 83, 8, 55, 87, 125, 3, 997 >,
 	< 999, 83, 3, 0, 43, 101, 0, 998 >,
 	< 1000, 83, 5, 0, 39, 106, 7, 999 >,
 	< 1001, 83, 7, 97, 0, 200, 8, 1000 >,
 	< 1002, 83, 1, 75, 0, 186, 2, 1001 >,
 	< 1003, 83, 4, 38, 0, 188, 9, 1002 >,
 	< 1004, 83, 7, 0, 0, 125, 6, 1003 >,
 	< 1005, 83, 8, 88, 0, 154, 5, 1004 >,
 	< 1006, 83, 10, 0, 98, 105, 1, 1005 >,
 	< 1007, 83, 7, 99, 40, 199, 4, 1006 >,
 	// order 84
 	< 1008, 84, 6, 0, 0, 102, 3, -1 >,
 	< 1009, 84, 8, 0, 95, 196, 0, 1008 >,
 	< 1010, 84, 10, 94, 52, 138, 7, 1009 >,
 	< 1011, 84, 2, 0, 54, 154, 8, 1010 >,
 	< 1012, 84, 8, 58, 0, 166, 2, 1011 >,
 	< 1013, 84, 3, 71, 0, 200, 9, 1012 >,
 	< 1014, 84, 4, 98, 0, 136, 6, 1013 >,
 	< 1015, 84, 6, 0, 0, 154, 5, 1014 >,
 	< 1016, 84, 7, 94, 0, 163, 1, 1015 >,
 	< 1017, 84, 3, 0, 0, 165, 4, 1016 >,
 	< 1018, 84, 7, 64, 0, 161, 3, 1017 >,
 	< 1019, 84, 7, 0, 79, 181, 0, 1018 >,
 	// order 85
 	< 1020, 85, 4, 0, 38, 153, 7, -1 >,
 	< 1021, 85, 10, 99, 46, 196, 8, 1020 >,
 	< 1022, 85, 9, 52, 0, 170, 2, 1021 >,
 	< 1023, 85, 8, 73, 96, 122, 9, 1022 >,
 	< 1024, 85, 9, 95, 65, 103, 6, 1023 >,
 	< 1025, 85, 1, 0, 0, 167, 5, 1024 >,
 	< 1026, 85, 9, 78, 0, 109, 1, 1025 >,
 	< 1027, 85, 7, 0, 0, 106, 4, 1026 >,
 	< 1028, 85, 3, 0, 0, 170, 3, 1027 >,
 	< 1029, 85, 9, 41, 0, 192, 0, 1028 >,
 	< 1030, 85, 9, 0, 0, 192, 7, 1029 >,
 	< 1031, 85, 9, 0, 74, 120, 8, 1030 >,
 	// order 86
 	< 1032, 86, 7, 0, 95, 157, 2, -1 >,
 	< 1033, 86, 2, 0, 0, 128, 9, 1032 >,
 	< 1034, 86, 7, 0, 33, 151, 6, 1033 >,
 	< 1035, 86, 4, 77, 87, 122, 5, 1034 >,
 	< 1036, 86, 1, 0, 0, 186, 1, 1035 >,
 	< 1037, 86, 2, 0, 71, 194, 4, 1036 >,
 	< 1038, 86, 7, 61, 0, 148, 3, 1037 >,
 	< 1039, 86, 8, 68, 0, 193, 0, 1038 >,
 	< 1040, 86, 10, 0, 60, 153, 7, 1039 >,
 	< 1041, 86, 1, 0, 87, 171, 8, 1040 >,
 	< 1042, 86, 3, 0, 0, 179, 2, 1041 >,
 	< 1043, 86, 5, 0, 38, 167, 9, 1042 >,
 	// order 87
 	< 1044, 87, 8, 0, 0, 170, 6, -1 >,
 	< 1045, 87, 1, 37, 39, 156, 5, 1044 >,
 	< 1046, 87, 9, 41, 0, 181, 1, 1045 >,
 	< 1047, 87, 9, 49, 87, 177, 4, 1046 >,
 	< 1048, 87, 9, 100, 81, 146, 3, 1047 >,
 	< 1049, 87, 2, 33, 0, 118, 0, 1048 >,
 	< 1050, 87, 7, 69, 75, 172, 7, 1049 >,
 	< 1051, 87, 8, 59, 0, 118, 8, 1050 >,
 	< 1052, 87, 3, 37, 0, 189, 2, 1051 >,
 	< 1053, 87, 7, 72, 85, 131, 9, 1052 >,
 	< 1054, 87, 10, 59, 0, 182, 6, 1053 >,
 	< 1055, 87, 4, 0, 100, 108, 5, 1054 >,
 	// order 88
 	< 1056, 88, 2, 97, 0, 176, 1, -1 >,
 	< 1057, 88, 10, 0, 0, 153, 4, 1056 >,
 	< 1058, 88, 10, 0, 0, 164, 3, 1057 >,
 	< 1059, 88, 4, 85, 71, 151, 0, 1058 >,
 	< 1060, 88, 8, 0, 58, 134, 7, 1059 >,
 	< 1061, 88, 10, 60, 0, 191, 8, 1060 >,
 	< 1062, 88, 5, 60, 0, 109, 2, 1061 >,
 	< 1063, 88, 1, 0, 0, 174, 9, 1062 >,
 	< 1064, 88, 2, 83, 0, 130, 6, 1063 >,
 	< 1065, 88, 9, 71, 0, 102, 5, 1064 >,
 	< 1066, 88, 4, 0, 71, 148, 1, 1065 >,
 	< 1067, 88, 3, 76, 0, 161, 4, 1066 >,
 	// order 89
 	< 1068, 89, 4, 0, 92, 119, 3, -1 >,
 	< 1069, 89, 2, 0, 92, 154, 0, 1068 >,
 	< 1070, 89, 4, 73, 62, 185, 7, 1069 >,
 	< 1071, 89, 10, 46, 59, 139, 8, 1070 >,
 	< 1072, 89, 3, 0, 91, 175, 2, 1071 >,
 	< 1073, 89, 1, 40, 0, 142, 9, 1072 >,
 	< 1074, 89, 2, 59, 39, 187, 6, 1073 >,
 	< 1075, 89, 4, 0, 98, 170, 5, 1074 >,
 	< 1076, 89, 9, 80, 0, 170, 1, 1075 >,
 	< 1077, 89, 2, 54, 59, 170, 4, 1076 >,
 	< 1078, 89, 2, 97, 0, 192, 3, 1077 >,
 	< 1079, 89, 4, 0, 0, 100, 0, 1078 >,
 	// order 90
 	< 1080, 90, 8, 0, 64, 107, 7, -1 >,
 	< 1081, 90, 6, 81, 0, 166, 8, 1080 >,
 	< 1082, 90, 1, 62, 60, 171, 2, 1081 >,
 	< 1083, 90, 3, 0, 0, 195, 9, 1082 >,
 	< 1084, 90, 4, 88, 0, 144, 6, 1083 >,
 	< 1085, 90, 4, 0, 30, 195, 5, 1084 >,
 	< 1086, 90, 10, 57, 98, 174, 1, 1085 >,
 	< 1087, 90, 8, 0, 0, 115, 4, 1086 >,
 	< 1088, 90, 7, 47, 0, 136, 3, 1087 >,
 	< 1089, 90, 8, 47, 59, 165, 0, 1088 >,
 	< 1090, 90, 9, 0, 0, 168, 7, 1089 >,
 	< 1091, 90, 10, 0, 33, 171, 8, 1090 >,
 	// order 91
 	< 1092, 91, 1, 81, 0, 167, 2, -1 >,
 	< 1093, 91, 3, 65, 79, 192, 9, 1092 >,
 	< 1094, 91, 1, 0, 53, 142, 6, 1093 >,
 	< 1095, 91, 6, 75, 74, 124, 5, 1094 >,
 	< 1096, 91, 5, 51, 0, 148, 1, 1095 >,
 	< 1097, 91, 2, 0, 0, 149, 4, 1096 >,
 	< 1098, 91, 10, 0, 37, 109, 3, 1097 >,
 	< 1099, 91, 2, 0, 0, 110, 0, 1098 >,
 	< 1100, 91, 3, 0, 88, 150, 7, 1099 >,
 	< 1101, 91, 7, 59, 48, 137, 8, 1100 >,
 	< 1102, 91, 5, 0, 0, 108, 2, 1101 >,
 	< 1103, 91, 9, 0, 0, 185, 9, 1102 >,
 	// order 92
 	< 1104, 92, 6, 58, 0, 168, 6, -1 >,
 	< 1105, 92, 3, 0, 62, 181, 5, 1104 >,
 	< 1106, 92, 3, 0, 0, 148, 1, 1105 >,
 	< 1107, 92, 6, 0, 0, 172, 4, 1106 >,
 	< 1108, 92, 7, 0, 54, 105, 3, 1107 >,
 	< 1109, 92, 3, 0, 34, 166, 0, 1108 >,
 	< 1110, 92, 8, 49, 0, 105, 7, 1109 >,
 	< 1111, 92, 3, 53, 31, 184, 8, 1110 >,
 	< 1112, 92, 7, 0, 51, 162, 2, 1111 >,
 	< 1113, 92, 7, 0, 97, 171, 9, 1112 >,
 	< 1114, 92, 10, 37, 0, 104, 6, 1113 >,
 	< 1115, 92, 2, 0, 43, 119, 5, 1114 >,
 	// order 93
 	< 1116, 93, 1, 0, 0, 110, 1, -1 >,
 	< 1117, 93, 10, 44, 0, 120, 4, 1116 >,
 	< 1118, 93, 8, 0, 56, 188, 3, 1117 >,
 	< 1119, 93, 1, 98, 0, 144, 0, 1118 >,
 	< 1120, 93, 6, 0, 37, 195, 7, 1119 >,
 	< 1121, 93, 9, 42, 30, 109, 8, 1120 >,
 	< 1122, 93, 6, 75, 88, 147, 2, 1121 >,
 	< 1123, 93, 2, 57, 0, 147, 9, 1122 >,
 	< 1124, 93, 9, 47, 0, 130, 6, 1123 >,
 	< 1125, 93, 4, 0, 0, 145, 5, 1124 >,
 	< 1126, 93, 2, 0, 0, 165, 1, 1125 >,
 	< 1127, 93, 2, 0, 0, 140, 4, 1126 >,
 	// order 94
 	< 1128, 94, 3, 0, 0, 160, 3, -1 >,
 	< 1129, 94, 2, 0, 0, 162, 0, 1128 >,
 	< 1130, 94, 10, 33, 61, 135, 7, 1129 >,
 	< 1131, 94, 7, 0, 0, 117, 8, 1130 >,
 	< 1132, 94, 1, 62, 67, 196, 2, 1131 >,
 	< 1133, 94, 3, 94, 0, 132, 9, 1132 >,
 	< 1134, 94, 10, 71, 0, 175, 6, 1133 >,
 	< 1135, 94, 4, 0, 92, 166, 5, 1134 >,
 	< 1136, 94, 7, 0, 52, 177, 1, 1135 >,
 	< 1137, 94, 2, 30, 67, 194, 4, 1136 >,
 	< 1138, 94, 6, 0, 0, 118, 3, 1137 >,
 	< 1139, 94, 10, 67, 0, 140, 0, 1138 >,
 	// order 95
 	< 1140, 95, 7, 0, 50, 200, 7, -1 >,
 	< 1141, 95, 10, 0, 0, 169, 8, 1140 >,
 	< 1142, 95, 10, 0, 43, 151, 2, 1141 >,
 	< 1143, 95, 5, 71, 0, 176, 9, 1142 >,
 	< 1144, 95, 8, 0, 35, 187, 6, 1143 >,
 	< 1145, 95, 4, 0, 57, 123, 5, 1144 >,
 	< 1146, 95, 9, 87, 0, 148, 1, 1145 >,
 	< 1147, 95, 1, 0, 0, 158, 4, 1146 >,
 	< 1148, 95, 4, 79, 52, 186, 3, 1147 >,
 	< 1149, 95, 3, 0, 0, 151, 0, 1148 >,
 	< 1150, 95, 8, 0, 0, 147, 7, 1149 >,
 	< 1151, 95, 8, 33, 0, 112, 8, 1150 >,
 	// order 96
 	< 1152, 96, 9, 72, 0, 108, 2, -1 >,
 	< 1153, 96, 9, 52, 0, 122, 9, 1152 >,
 	< 1154, 96, 8, 0, 0, 135, 6, 1153 >,
 	< 1155, 96, 1, 94, 0, 162, 5, 1154 >,
 	< 1156, 96, 3, 0, 33, 200, 1, 1155 >,
 	< 1157, 96, 1, 86, 0, 119, 4, 1156 >,
 	< 1158, 96, 1, 60, 49, 152, 3, 1157 >,
 	< 1159, 96, 7, 67, 89, 144, 0, 1158 >,
 	< 1160, 96, 6, 38, 33, 169, 7, 1159 >,
 	< 1161, 96, 1, 0, 90, 150, 8, 1160 >,
 	< 1162, 96, 5, 94, 0, 185, 2, 1161 >,
 	< 1163, 96, 7, 0, 0, 110, 9, 1162 >,
 	// order 97
 	< 1164, 97, 5, 0, 0, 143, 6, -1 >,
 	< 1165, 97, 3, 0, 89, 132, 5, 1164 >,
 	< 1166, 97, 2, 0, 0, 179, 1, 1165 >,
 	< 1167, 97, 8, 94, 51, 104, 4, 1166 >,
 	< 1168, 97, 10, 38, 43, 128, 3, 1167 >,
 	< 1169, 97, 1, 0, 0, 129, 0, 1168 >,
 	< 1170, 97, 9, 0, 0, 119, 7, 1169 >,
 	< 1171, 97, 8, 0, 0, 127, 8, 1170 >,
 	< 1172, 97, 7, 0, 95, 126, 2, 1171 >,
 	< 1173, 97, 1, 0, 0, 102, 9, 1172 >,
 	< 1174, 97, 7, 0, 0, 132, 6, 1173 >,
 	< 1175, 97, 10, 0, 0, 146, 5, 1174 >,
 	// order 98
 	< 1176, 98, 4, 0, 48, 114, 1, -1 >,
 	< 1177, 98, 3, 0, 0, 155, 4, 1176 >,
 	< 1178, 98, 5, 0, 0, 128, 3, 1177 >,
 	< 1179, 98, 1, 50, 46, 188, 0, 1178 >,
 	< 1180, 98, 5, 0, 0, 108, 7, 1179 >,
 	< 1181, 98, 3, 48, 0, 107, 8, 1180 >,
 	< 1182, 98, 2, 94, 40, 173, 2, 1181 >,
 	< 1183, 98, 4, 93, 0, 154, 9, 1182 >,
 	< 1184, 98, 2, 0, 80, 155, 6, 1183 >,
 	< 1185, 98, 3, 0, 71, 128, 5, 1184 >,
 	< 1186, 98, 10, 78, 0, 171, 1, 1185 >,
 	< 1187, 98, 5, 45, 0, 155, 4, 1186 >,
 	// order 99
 	< 1188, 99, 9, 49, 0, 158, 3, -1 >,
 	< 1189, 99, 6, 0, 68, 172, 0, 1188 >,
 	< 1190, 99, 1, 0, 79, 173, 7, 1189 >,
 	< 1191, 99, 3, 81, 98, 130, 8, 1190 >,
 	< 1192, 99, 6, 86, 0, 127, 2, 1191 >,
 	< 1193, 99, 3, 0, 0, 132, 9, 1192 >,
 	< 1194, 99, 4, 0, 63, 166, 6, 1193 >,
 	< 1195, 99, 3, 48, 0, 198, 5, 1194 >,
 	< 1196, 99, 1, 0, 0, 186, 1, 1195 >,
 	< 1197, 99, 3, 35, 79, 146, 4, 1196 >,
 	< 1198, 99, 9, 0, 50, 124, 3, 1197 >,
 	< 1199, 99, 4, 0, 0, 103, 0, 1198 >
 };
