/*********************************************
 * OPL 12.10.0.0 Data
 * Author: Kinast
 * Creation date: Aug 17, 2021 at 11:50:08 AM
 *********************************************/

 nOrders = 100;
 nTasks = 1200;

 nWorkgroups = 10;
 nWorkstations = 50;

 nCobots = 0;
 cobotTimeFactor = 0.7;

 workstations = {
 	< 0, "Workstation 0", 0, 0.88, 1.16, 1, 1 >,
 	< 1, "Workstation 1", 1, 0.89, 0.79, 1, 1 >,
 	< 2, "Workstation 2", 2, 0.96, 0.79, 1, 1 >,
 	< 3, "Workstation 3", 3, 0.75, 0.9, 1, 1 >,
 	< 4, "Workstation 4", 3, 1.12, 0.94, 1, 1 >,
 	< 5, "Workstation 5", 4, 1.02, 0.79, 1, 1 >,
 	< 6, "Workstation 6", 1, 1.09, 1.22, 1, 4 >,
 	< 7, "Workstation 7", 5, 1.21, 0.77, 1, 5 >,
 	< 8, "Workstation 8", 0, 0.9, 0.86, 1, 3 >,
 	< 9, "Workstation 9", 4, 0.87, 1.19, 1, 1 >,
 	< 10, "Workstation 10", 1, 1.11, 1.03, 1, 2 >,
 	< 11, "Workstation 11", 6, 1.05, 0.93, 1, 1 >,
 	< 12, "Workstation 12", 4, 0.97, 0.85, 1, 1 >,
 	< 13, "Workstation 13", 3, 0.82, 0.83, 1, 1 >,
 	< 14, "Workstation 14", 5, 0.86, 1.15, 1, 5 >,
 	< 15, "Workstation 15", 4, 1.15, 1.05, 1, 1 >,
 	< 16, "Workstation 16", 7, 0.98, 0.94, 1, 1 >,
 	< 17, "Workstation 17", 5, 0.82, 0.88, 1, 3 >,
 	< 18, "Workstation 18", 6, 1.18, 1.13, 1, 1 >,
 	< 19, "Workstation 19", 8, 0.96, 0.8, 1, 1 >,
 	< 20, "Workstation 20", 2, 0.84, 0.83, 1, 5 >,
 	< 21, "Workstation 21", 2, 0.82, 0.84, 1, 2 >,
 	< 22, "Workstation 22", 2, 0.87, 1.12, 1, 1 >,
 	< 23, "Workstation 23", 5, 0.93, 1.2, 1, 5 >,
 	< 24, "Workstation 24", 8, 0.85, 0.75, 1, 3 >,
 	< 25, "Workstation 25", 0, 0.88, 1.18, 1, 2 >,
 	< 26, "Workstation 26", 6, 1.13, 0.95, 1, 4 >,
 	< 27, "Workstation 27", 4, 0.92, 0.81, 1, 1 >,
 	< 28, "Workstation 28", 8, 0.9, 0.91, 1, 1 >,
 	< 29, "Workstation 29", 7, 1.14, 1.12, 1, 3 >,
 	< 30, "Workstation 30", 8, 0.97, 0.79, 1, 3 >,
 	< 31, "Workstation 31", 9, 0.87, 1.08, 1, 5 >,
 	< 32, "Workstation 32", 7, 0.93, 1.02, 1, 1 >,
 	< 33, "Workstation 33", 1, 1.17, 0.91, 1, 4 >,
 	< 34, "Workstation 34", 6, 1.21, 0.92, 1, 3 >,
 	< 35, "Workstation 35", 8, 0.91, 1.02, 1, 3 >,
 	< 36, "Workstation 36", 3, 0.76, 1.23, 1, 1 >,
 	< 37, "Workstation 37", 0, 1.21, 0.94, 1, 1 >,
 	< 38, "Workstation 38", 2, 1.02, 0.76, 1, 1 >,
 	< 39, "Workstation 39", 5, 1, 1.16, 1, 2 >,
 	< 40, "Workstation 40", 6, 0.97, 0.92, 1, 1 >,
 	< 41, "Workstation 41", 7, 0.86, 1.01, 1, 4 >,
 	< 42, "Workstation 42", 9, 1.01, 0.97, 1, 3 >,
 	< 43, "Workstation 43", 9, 0.95, 1, 1, 1 >,
 	< 44, "Workstation 44", 9, 0.83, 0.97, 1, 3 >,
 	< 45, "Workstation 45", 0, 0.83, 0.79, 1, 1 >,
 	< 46, "Workstation 46", 9, 1.18, 1.07, 1, 3 >,
 	< 47, "Workstation 47", 1, 0.85, 0.91, 1, 1 >,
 	< 48, "Workstation 48", 7, 1, 0.82, 1, 5 >,
 	< 49, "Workstation 49", 3, 1.15, 0.92, 1, 1 >
 };

 tasks = {
 	// order 0
 	< 0, 0, 7, 82, 0, 147, 3, -1 >,
 	< 1, 0, 2, 0, 73, 169, 9, 0 >,
 	< 2, 0, 3, 0, 0, 120, 0, 1 >,
 	< 3, 0, 5, 80, 46, 108, 1, 2 >,
 	< 4, 0, 7, 0, 0, 199, 7, 3 >,
 	< 5, 0, 7, 0, 76, 123, 4, 4 >,
 	< 6, 0, 10, 0, 0, 142, 2, 5 >,
 	< 7, 0, 9, 47, 41, 112, 6, 6 >,
 	< 8, 0, 9, 0, 0, 159, 8, 7 >,
 	< 9, 0, 8, 0, 76, 177, 5, 8 >,
 	< 10, 0, 7, 0, 91, 176, 3, 9 >,
 	< 11, 0, 9, 0, 0, 153, 9, 10 >,
 	// order 1
 	< 12, 1, 8, 0, 0, 121, 0, -1 >,
 	< 13, 1, 5, 77, 0, 126, 1, 12 >,
 	< 14, 1, 8, 0, 45, 175, 7, 13 >,
 	< 15, 1, 6, 54, 46, 169, 4, 14 >,
 	< 16, 1, 5, 35, 39, 199, 2, 15 >,
 	< 17, 1, 10, 0, 49, 159, 6, 16 >,
 	< 18, 1, 9, 0, 32, 180, 8, 17 >,
 	< 19, 1, 1, 99, 94, 153, 5, 18 >,
 	< 20, 1, 3, 47, 0, 146, 3, 19 >,
 	< 21, 1, 6, 0, 0, 141, 9, 20 >,
 	< 22, 1, 2, 79, 0, 124, 0, 21 >,
 	< 23, 1, 3, 0, 0, 146, 1, 22 >,
 	// order 2
 	< 24, 2, 8, 0, 99, 113, 7, -1 >,
 	< 25, 2, 6, 0, 0, 172, 4, 24 >,
 	< 26, 2, 8, 78, 68, 178, 2, 25 >,
 	< 27, 2, 10, 0, 0, 149, 6, 26 >,
 	< 28, 2, 10, 61, 0, 147, 8, 27 >,
 	< 29, 2, 9, 0, 0, 156, 5, 28 >,
 	< 30, 2, 7, 67, 72, 151, 3, 29 >,
 	< 31, 2, 9, 86, 0, 171, 9, 30 >,
 	< 32, 2, 7, 97, 55, 132, 0, 31 >,
 	< 33, 2, 8, 0, 0, 193, 1, 32 >,
 	< 34, 2, 2, 32, 40, 194, 7, 33 >,
 	< 35, 2, 4, 0, 0, 111, 4, 34 >,
 	// order 3
 	< 36, 3, 8, 82, 95, 124, 2, -1 >,
 	< 37, 3, 1, 0, 0, 165, 6, 36 >,
 	< 38, 3, 3, 0, 0, 154, 8, 37 >,
 	< 39, 3, 9, 0, 74, 180, 5, 38 >,
 	< 40, 3, 2, 0, 83, 164, 3, 39 >,
 	< 41, 3, 5, 64, 61, 158, 9, 40 >,
 	< 42, 3, 6, 0, 37, 200, 0, 41 >,
 	< 43, 3, 1, 0, 0, 189, 1, 42 >,
 	< 44, 3, 2, 0, 50, 162, 7, 43 >,
 	< 45, 3, 7, 0, 64, 102, 4, 44 >,
 	< 46, 3, 2, 0, 61, 111, 2, 45 >,
 	< 47, 3, 10, 88, 0, 141, 6, 46 >,
 	// order 4
 	< 48, 4, 1, 44, 73, 111, 8, -1 >,
 	< 49, 4, 1, 99, 81, 184, 5, 48 >,
 	< 50, 4, 5, 78, 63, 168, 3, 49 >,
 	< 51, 4, 2, 58, 100, 183, 9, 50 >,
 	< 52, 4, 4, 0, 87, 143, 0, 51 >,
 	< 53, 4, 2, 0, 0, 108, 1, 52 >,
 	< 54, 4, 7, 55, 0, 102, 7, 53 >,
 	< 55, 4, 7, 75, 0, 188, 4, 54 >,
 	< 56, 4, 10, 0, 0, 188, 2, 55 >,
 	< 57, 4, 10, 46, 35, 168, 6, 56 >,
 	< 58, 4, 2, 0, 0, 176, 8, 57 >,
 	< 59, 4, 4, 0, 0, 130, 5, 58 >,
 	// order 5
 	< 60, 5, 2, 0, 51, 144, 3, -1 >,
 	< 61, 5, 8, 96, 0, 181, 9, 60 >,
 	< 62, 5, 5, 0, 54, 194, 0, 61 >,
 	< 63, 5, 2, 0, 30, 133, 1, 62 >,
 	< 64, 5, 9, 0, 0, 161, 7, 63 >,
 	< 65, 5, 2, 98, 80, 161, 4, 64 >,
 	< 66, 5, 7, 49, 0, 144, 2, 65 >,
 	< 67, 5, 4, 0, 90, 155, 6, 66 >,
 	< 68, 5, 1, 0, 0, 143, 8, 67 >,
 	< 69, 5, 1, 0, 0, 178, 5, 68 >,
 	< 70, 5, 1, 80, 51, 106, 3, 69 >,
 	< 71, 5, 5, 0, 47, 112, 9, 70 >,
 	// order 6
 	< 72, 6, 9, 40, 0, 173, 0, -1 >,
 	< 73, 6, 2, 81, 0, 190, 1, 72 >,
 	< 74, 6, 7, 0, 0, 166, 7, 73 >,
 	< 75, 6, 5, 0, 73, 177, 4, 74 >,
 	< 76, 6, 6, 0, 43, 159, 2, 75 >,
 	< 77, 6, 8, 89, 0, 122, 6, 76 >,
 	< 78, 6, 8, 0, 0, 177, 8, 77 >,
 	< 79, 6, 6, 0, 95, 182, 5, 78 >,
 	< 80, 6, 8, 0, 0, 135, 3, 79 >,
 	< 81, 6, 7, 62, 51, 119, 9, 80 >,
 	< 82, 6, 9, 79, 43, 169, 0, 81 >,
 	< 83, 6, 1, 0, 69, 151, 1, 82 >,
 	// order 7
 	< 84, 7, 9, 0, 0, 150, 7, -1 >,
 	< 85, 7, 7, 47, 0, 188, 4, 84 >,
 	< 86, 7, 7, 54, 94, 144, 2, 85 >,
 	< 87, 7, 3, 94, 0, 113, 6, 86 >,
 	< 88, 7, 9, 75, 60, 104, 8, 87 >,
 	< 89, 7, 8, 0, 0, 149, 5, 88 >,
 	< 90, 7, 8, 0, 0, 130, 3, 89 >,
 	< 91, 7, 9, 0, 90, 195, 9, 90 >,
 	< 92, 7, 3, 0, 60, 155, 0, 91 >,
 	< 93, 7, 2, 0, 73, 174, 1, 92 >,
 	< 94, 7, 5, 0, 0, 127, 7, 93 >,
 	< 95, 7, 5, 46, 87, 107, 4, 94 >,
 	// order 8
 	< 96, 8, 7, 34, 0, 139, 2, -1 >,
 	< 97, 8, 10, 98, 32, 138, 6, 96 >,
 	< 98, 8, 4, 98, 0, 191, 8, 97 >,
 	< 99, 8, 3, 0, 0, 141, 5, 98 >,
 	< 100, 8, 10, 0, 0, 144, 3, 99 >,
 	< 101, 8, 7, 0, 0, 191, 9, 100 >,
 	< 102, 8, 10, 76, 0, 112, 0, 101 >,
 	< 103, 8, 8, 0, 0, 115, 1, 102 >,
 	< 104, 8, 4, 0, 74, 149, 7, 103 >,
 	< 105, 8, 1, 55, 0, 140, 4, 104 >,
 	< 106, 8, 5, 0, 57, 106, 2, 105 >,
 	< 107, 8, 6, 0, 0, 133, 6, 106 >,
 	// order 9
 	< 108, 9, 7, 72, 0, 162, 8, -1 >,
 	< 109, 9, 7, 0, 0, 138, 5, 108 >,
 	< 110, 9, 10, 0, 0, 167, 3, 109 >,
 	< 111, 9, 6, 99, 0, 150, 9, 110 >,
 	< 112, 9, 8, 0, 0, 156, 0, 111 >,
 	< 113, 9, 1, 86, 77, 143, 1, 112 >,
 	< 114, 9, 3, 95, 77, 197, 7, 113 >,
 	< 115, 9, 8, 79, 99, 102, 4, 114 >,
 	< 116, 9, 5, 0, 0, 142, 2, 115 >,
 	< 117, 9, 9, 0, 75, 176, 6, 116 >,
 	< 118, 9, 5, 31, 74, 107, 8, 117 >,
 	< 119, 9, 2, 32, 0, 173, 5, 118 >,
 	// order 10
 	< 120, 10, 10, 85, 31, 149, 3, -1 >,
 	< 121, 10, 5, 89, 0, 127, 9, 120 >,
 	< 122, 10, 3, 83, 0, 121, 0, 121 >,
 	< 123, 10, 4, 79, 39, 103, 1, 122 >,
 	< 124, 10, 7, 76, 36, 104, 7, 123 >,
 	< 125, 10, 9, 100, 62, 126, 4, 124 >,
 	< 126, 10, 1, 48, 0, 140, 2, 125 >,
 	< 127, 10, 4, 34, 68, 113, 6, 126 >,
 	< 128, 10, 7, 92, 91, 177, 8, 127 >,
 	< 129, 10, 9, 0, 71, 191, 5, 128 >,
 	< 130, 10, 10, 39, 0, 139, 3, 129 >,
 	< 131, 10, 4, 45, 0, 161, 9, 130 >,
 	// order 11
 	< 132, 11, 9, 0, 39, 196, 0, -1 >,
 	< 133, 11, 10, 0, 0, 168, 1, 132 >,
 	< 134, 11, 1, 0, 0, 171, 7, 133 >,
 	< 135, 11, 10, 0, 0, 144, 4, 134 >,
 	< 136, 11, 1, 38, 0, 159, 2, 135 >,
 	< 137, 11, 7, 0, 52, 127, 6, 136 >,
 	< 138, 11, 3, 61, 0, 158, 8, 137 >,
 	< 139, 11, 4, 90, 0, 121, 5, 138 >,
 	< 140, 11, 5, 88, 32, 119, 3, 139 >,
 	< 141, 11, 6, 85, 0, 114, 9, 140 >,
 	< 142, 11, 8, 0, 85, 135, 0, 141 >,
 	< 143, 11, 2, 0, 0, 158, 1, 142 >,
 	// order 12
 	< 144, 12, 5, 0, 77, 199, 7, -1 >,
 	< 145, 12, 4, 0, 76, 181, 4, 144 >,
 	< 146, 12, 2, 0, 0, 100, 2, 145 >,
 	< 147, 12, 10, 0, 0, 151, 6, 146 >,
 	< 148, 12, 3, 0, 0, 151, 8, 147 >,
 	< 149, 12, 2, 0, 0, 155, 5, 148 >,
 	< 150, 12, 9, 0, 0, 122, 3, 149 >,
 	< 151, 12, 3, 0, 78, 174, 9, 150 >,
 	< 152, 12, 3, 0, 0, 162, 0, 151 >,
 	< 153, 12, 8, 78, 0, 198, 1, 152 >,
 	< 154, 12, 1, 0, 41, 200, 7, 153 >,
 	< 155, 12, 7, 0, 100, 183, 4, 154 >,
 	// order 13
 	< 156, 13, 5, 100, 68, 144, 2, -1 >,
 	< 157, 13, 6, 55, 0, 159, 6, 156 >,
 	< 158, 13, 10, 62, 0, 167, 8, 157 >,
 	< 159, 13, 9, 92, 60, 149, 5, 158 >,
 	< 160, 13, 5, 0, 0, 112, 3, 159 >,
 	< 161, 13, 10, 64, 94, 161, 9, 160 >,
 	< 162, 13, 3, 48, 51, 173, 0, 161 >,
 	< 163, 13, 7, 0, 0, 121, 1, 162 >,
 	< 164, 13, 4, 57, 0, 149, 7, 163 >,
 	< 165, 13, 2, 53, 61, 172, 4, 164 >,
 	< 166, 13, 5, 0, 63, 180, 2, 165 >,
 	< 167, 13, 6, 0, 0, 186, 6, 166 >,
 	// order 14
 	< 168, 14, 3, 66, 78, 172, 8, -1 >,
 	< 169, 14, 2, 0, 0, 111, 5, 168 >,
 	< 170, 14, 3, 56, 0, 116, 3, 169 >,
 	< 171, 14, 10, 95, 87, 175, 9, 170 >,
 	< 172, 14, 2, 63, 90, 140, 0, 171 >,
 	< 173, 14, 4, 0, 45, 120, 1, 172 >,
 	< 174, 14, 7, 0, 85, 107, 7, 173 >,
 	< 175, 14, 5, 0, 97, 140, 4, 174 >,
 	< 176, 14, 10, 42, 0, 103, 2, 175 >,
 	< 177, 14, 2, 70, 70, 178, 6, 176 >,
 	< 178, 14, 7, 0, 0, 155, 8, 177 >,
 	< 179, 14, 1, 0, 52, 186, 5, 178 >,
 	// order 15
 	< 180, 15, 2, 93, 0, 102, 3, -1 >,
 	< 181, 15, 1, 0, 0, 184, 9, 180 >,
 	< 182, 15, 5, 91, 54, 119, 0, 181 >,
 	< 183, 15, 3, 0, 87, 123, 1, 182 >,
 	< 184, 15, 6, 67, 60, 200, 7, 183 >,
 	< 185, 15, 3, 46, 0, 131, 4, 184 >,
 	< 186, 15, 6, 0, 0, 120, 2, 185 >,
 	< 187, 15, 2, 38, 31, 189, 6, 186 >,
 	< 188, 15, 4, 70, 0, 191, 8, 187 >,
 	< 189, 15, 9, 95, 0, 177, 5, 188 >,
 	< 190, 15, 3, 0, 0, 127, 3, 189 >,
 	< 191, 15, 5, 0, 0, 164, 9, 190 >,
 	// order 16
 	< 192, 16, 1, 62, 0, 182, 0, -1 >,
 	< 193, 16, 2, 59, 40, 107, 1, 192 >,
 	< 194, 16, 5, 0, 86, 134, 7, 193 >,
 	< 195, 16, 3, 0, 71, 152, 4, 194 >,
 	< 196, 16, 2, 0, 99, 125, 2, 195 >,
 	< 197, 16, 1, 55, 82, 180, 6, 196 >,
 	< 198, 16, 6, 0, 47, 143, 8, 197 >,
 	< 199, 16, 3, 63, 0, 149, 5, 198 >,
 	< 200, 16, 1, 90, 71, 132, 3, 199 >,
 	< 201, 16, 3, 33, 0, 136, 9, 200 >,
 	< 202, 16, 7, 0, 49, 155, 0, 201 >,
 	< 203, 16, 2, 30, 0, 105, 1, 202 >,
 	// order 17
 	< 204, 17, 10, 0, 0, 193, 7, -1 >,
 	< 205, 17, 8, 68, 31, 108, 4, 204 >,
 	< 206, 17, 5, 0, 0, 110, 2, 205 >,
 	< 207, 17, 9, 0, 0, 167, 6, 206 >,
 	< 208, 17, 8, 0, 85, 129, 8, 207 >,
 	< 209, 17, 5, 55, 0, 197, 5, 208 >,
 	< 210, 17, 9, 0, 0, 146, 3, 209 >,
 	< 211, 17, 8, 0, 0, 121, 9, 210 >,
 	< 212, 17, 6, 92, 0, 168, 0, 211 >,
 	< 213, 17, 9, 0, 0, 187, 1, 212 >,
 	< 214, 17, 3, 0, 58, 150, 7, 213 >,
 	< 215, 17, 10, 46, 0, 144, 4, 214 >,
 	// order 18
 	< 216, 18, 2, 0, 31, 135, 2, -1 >,
 	< 217, 18, 9, 31, 81, 103, 6, 216 >,
 	< 218, 18, 7, 98, 63, 137, 8, 217 >,
 	< 219, 18, 8, 0, 84, 175, 5, 218 >,
 	< 220, 18, 10, 78, 0, 136, 3, 219 >,
 	< 221, 18, 6, 0, 0, 147, 9, 220 >,
 	< 222, 18, 3, 100, 38, 175, 0, 221 >,
 	< 223, 18, 9, 72, 0, 183, 1, 222 >,
 	< 224, 18, 1, 88, 66, 180, 7, 223 >,
 	< 225, 18, 8, 0, 36, 188, 4, 224 >,
 	< 226, 18, 4, 59, 0, 125, 2, 225 >,
 	< 227, 18, 4, 0, 0, 102, 6, 226 >,
 	// order 19
 	< 228, 19, 7, 48, 95, 159, 8, -1 >,
 	< 229, 19, 10, 81, 48, 176, 5, 228 >,
 	< 230, 19, 6, 80, 0, 175, 3, 229 >,
 	< 231, 19, 2, 70, 54, 146, 9, 230 >,
 	< 232, 19, 4, 0, 0, 132, 0, 231 >,
 	< 233, 19, 6, 65, 0, 144, 1, 232 >,
 	< 234, 19, 2, 0, 0, 108, 7, 233 >,
 	< 235, 19, 4, 0, 95, 182, 4, 234 >,
 	< 236, 19, 3, 0, 0, 184, 2, 235 >,
 	< 237, 19, 2, 83, 92, 150, 6, 236 >,
 	< 238, 19, 3, 0, 45, 130, 8, 237 >,
 	< 239, 19, 5, 62, 49, 141, 5, 238 >,
 	// order 20
 	< 240, 20, 7, 0, 0, 182, 3, -1 >,
 	< 241, 20, 7, 0, 74, 193, 9, 240 >,
 	< 242, 20, 8, 0, 83, 160, 0, 241 >,
 	< 243, 20, 1, 0, 47, 148, 1, 242 >,
 	< 244, 20, 6, 34, 47, 109, 7, 243 >,
 	< 245, 20, 3, 92, 63, 157, 4, 244 >,
 	< 246, 20, 1, 58, 36, 198, 2, 245 >,
 	< 247, 20, 1, 58, 0, 107, 6, 246 >,
 	< 248, 20, 10, 85, 39, 161, 8, 247 >,
 	< 249, 20, 3, 0, 0, 121, 5, 248 >,
 	< 250, 20, 1, 68, 46, 181, 3, 249 >,
 	< 251, 20, 8, 0, 91, 102, 9, 250 >,
 	// order 21
 	< 252, 21, 5, 0, 0, 116, 0, -1 >,
 	< 253, 21, 4, 0, 61, 150, 1, 252 >,
 	< 254, 21, 8, 0, 86, 110, 7, 253 >,
 	< 255, 21, 3, 0, 39, 125, 4, 254 >,
 	< 256, 21, 7, 38, 0, 199, 2, 255 >,
 	< 257, 21, 10, 33, 41, 131, 6, 256 >,
 	< 258, 21, 2, 39, 0, 150, 8, 257 >,
 	< 259, 21, 7, 0, 0, 179, 5, 258 >,
 	< 260, 21, 7, 0, 90, 148, 3, 259 >,
 	< 261, 21, 1, 0, 61, 100, 9, 260 >,
 	< 262, 21, 4, 0, 0, 134, 0, 261 >,
 	< 263, 21, 3, 0, 0, 181, 1, 262 >,
 	// order 22
 	< 264, 22, 4, 0, 0, 196, 7, -1 >,
 	< 265, 22, 1, 0, 0, 157, 4, 264 >,
 	< 266, 22, 3, 0, 72, 161, 2, 265 >,
 	< 267, 22, 1, 0, 0, 165, 6, 266 >,
 	< 268, 22, 3, 48, 98, 183, 8, 267 >,
 	< 269, 22, 2, 90, 41, 197, 5, 268 >,
 	< 270, 22, 5, 69, 0, 180, 3, 269 >,
 	< 271, 22, 1, 0, 0, 166, 9, 270 >,
 	< 272, 22, 3, 0, 94, 173, 0, 271 >,
 	< 273, 22, 8, 0, 58, 129, 1, 272 >,
 	< 274, 22, 10, 78, 73, 107, 7, 273 >,
 	< 275, 22, 10, 0, 0, 136, 4, 274 >,
 	// order 23
 	< 276, 23, 4, 0, 0, 103, 2, -1 >,
 	< 277, 23, 7, 68, 0, 143, 6, 276 >,
 	< 278, 23, 9, 0, 0, 105, 8, 277 >,
 	< 279, 23, 10, 0, 72, 196, 5, 278 >,
 	< 280, 23, 3, 0, 0, 178, 3, 279 >,
 	< 281, 23, 5, 46, 0, 178, 9, 280 >,
 	< 282, 23, 10, 36, 73, 178, 0, 281 >,
 	< 283, 23, 10, 0, 0, 193, 1, 282 >,
 	< 284, 23, 7, 0, 41, 183, 7, 283 >,
 	< 285, 23, 5, 50, 86, 169, 4, 284 >,
 	< 286, 23, 10, 0, 0, 198, 2, 285 >,
 	< 287, 23, 2, 0, 0, 156, 6, 286 >,
 	// order 24
 	< 288, 24, 8, 86, 0, 104, 8, -1 >,
 	< 289, 24, 7, 0, 0, 195, 5, 288 >,
 	< 290, 24, 4, 0, 0, 168, 3, 289 >,
 	< 291, 24, 10, 98, 53, 196, 9, 290 >,
 	< 292, 24, 3, 0, 47, 135, 0, 291 >,
 	< 293, 24, 4, 0, 91, 161, 1, 292 >,
 	< 294, 24, 9, 0, 78, 176, 7, 293 >,
 	< 295, 24, 3, 0, 88, 187, 4, 294 >,
 	< 296, 24, 6, 34, 92, 160, 2, 295 >,
 	< 297, 24, 7, 0, 0, 148, 6, 296 >,
 	< 298, 24, 6, 0, 51, 196, 8, 297 >,
 	< 299, 24, 2, 77, 0, 117, 5, 298 >,
 	// order 25
 	< 300, 25, 10, 56, 33, 197, 3, -1 >,
 	< 301, 25, 8, 0, 76, 160, 9, 300 >,
 	< 302, 25, 2, 63, 0, 171, 0, 301 >,
 	< 303, 25, 4, 0, 0, 175, 1, 302 >,
 	< 304, 25, 7, 0, 56, 109, 7, 303 >,
 	< 305, 25, 6, 44, 69, 142, 4, 304 >,
 	< 306, 25, 4, 0, 93, 182, 2, 305 >,
 	< 307, 25, 3, 0, 95, 184, 6, 306 >,
 	< 308, 25, 3, 0, 0, 189, 8, 307 >,
 	< 309, 25, 4, 57, 47, 189, 5, 308 >,
 	< 310, 25, 7, 0, 69, 190, 3, 309 >,
 	< 311, 25, 8, 74, 0, 138, 9, 310 >,
 	// order 26
 	< 312, 26, 6, 55, 0, 126, 0, -1 >,
 	< 313, 26, 8, 0, 74, 148, 1, 312 >,
 	< 314, 26, 10, 61, 56, 199, 7, 313 >,
 	< 315, 26, 6, 0, 33, 120, 4, 314 >,
 	< 316, 26, 4, 0, 85, 102, 2, 315 >,
 	< 317, 26, 7, 0, 0, 102, 6, 316 >,
 	< 318, 26, 3, 36, 49, 156, 8, 317 >,
 	< 319, 26, 8, 0, 73, 134, 5, 318 >,
 	< 320, 26, 9, 0, 96, 199, 3, 319 >,
 	< 321, 26, 9, 43, 46, 150, 9, 320 >,
 	< 322, 26, 10, 0, 0, 122, 0, 321 >,
 	< 323, 26, 3, 62, 0, 110, 1, 322 >,
 	// order 27
 	< 324, 27, 1, 72, 0, 123, 7, -1 >,
 	< 325, 27, 6, 74, 48, 143, 4, 324 >,
 	< 326, 27, 9, 0, 57, 110, 2, 325 >,
 	< 327, 27, 8, 86, 0, 186, 6, 326 >,
 	< 328, 27, 10, 0, 81, 181, 8, 327 >,
 	< 329, 27, 7, 0, 0, 133, 5, 328 >,
 	< 330, 27, 1, 57, 48, 124, 3, 329 >,
 	< 331, 27, 7, 79, 0, 196, 9, 330 >,
 	< 332, 27, 2, 0, 87, 164, 0, 331 >,
 	< 333, 27, 9, 86, 0, 151, 1, 332 >,
 	< 334, 27, 10, 36, 0, 116, 7, 333 >,
 	< 335, 27, 5, 67, 0, 193, 4, 334 >,
 	// order 28
 	< 336, 28, 6, 63, 0, 176, 2, -1 >,
 	< 337, 28, 5, 61, 0, 147, 6, 336 >,
 	< 338, 28, 3, 0, 0, 120, 8, 337 >,
 	< 339, 28, 7, 62, 36, 100, 5, 338 >,
 	< 340, 28, 10, 96, 36, 100, 3, 339 >,
 	< 341, 28, 4, 0, 0, 178, 9, 340 >,
 	< 342, 28, 9, 49, 58, 160, 0, 341 >,
 	< 343, 28, 10, 0, 0, 115, 1, 342 >,
 	< 344, 28, 3, 0, 76, 131, 7, 343 >,
 	< 345, 28, 10, 0, 70, 163, 4, 344 >,
 	< 346, 28, 1, 60, 0, 102, 2, 345 >,
 	< 347, 28, 10, 76, 0, 176, 6, 346 >,
 	// order 29
 	< 348, 29, 2, 0, 0, 137, 8, -1 >,
 	< 349, 29, 7, 0, 91, 180, 5, 348 >,
 	< 350, 29, 1, 32, 96, 179, 3, 349 >,
 	< 351, 29, 7, 50, 42, 170, 9, 350 >,
 	< 352, 29, 5, 63, 99, 157, 0, 351 >,
 	< 353, 29, 9, 0, 0, 197, 1, 352 >,
 	< 354, 29, 3, 0, 0, 198, 7, 353 >,
 	< 355, 29, 9, 50, 0, 109, 4, 354 >,
 	< 356, 29, 2, 0, 0, 148, 2, 355 >,
 	< 357, 29, 10, 94, 0, 164, 6, 356 >,
 	< 358, 29, 5, 0, 0, 113, 8, 357 >,
 	< 359, 29, 10, 0, 75, 188, 5, 358 >,
 	// order 30
 	< 360, 30, 7, 75, 56, 138, 3, -1 >,
 	< 361, 30, 2, 0, 75, 197, 9, 360 >,
 	< 362, 30, 9, 74, 0, 142, 0, 361 >,
 	< 363, 30, 1, 0, 0, 121, 1, 362 >,
 	< 364, 30, 5, 34, 0, 121, 7, 363 >,
 	< 365, 30, 1, 0, 38, 130, 4, 364 >,
 	< 366, 30, 3, 0, 0, 106, 2, 365 >,
 	< 367, 30, 7, 0, 0, 120, 6, 366 >,
 	< 368, 30, 1, 55, 44, 127, 8, 367 >,
 	< 369, 30, 6, 82, 0, 105, 5, 368 >,
 	< 370, 30, 8, 86, 0, 142, 3, 369 >,
 	< 371, 30, 5, 72, 80, 130, 9, 370 >,
 	// order 31
 	< 372, 31, 1, 49, 0, 140, 0, -1 >,
 	< 373, 31, 8, 73, 97, 197, 1, 372 >,
 	< 374, 31, 9, 0, 90, 187, 7, 373 >,
 	< 375, 31, 6, 69, 0, 134, 4, 374 >,
 	< 376, 31, 9, 58, 0, 144, 2, 375 >,
 	< 377, 31, 8, 76, 81, 189, 6, 376 >,
 	< 378, 31, 5, 77, 54, 173, 8, 377 >,
 	< 379, 31, 9, 36, 0, 152, 5, 378 >,
 	< 380, 31, 2, 35, 89, 157, 3, 379 >,
 	< 381, 31, 6, 0, 30, 125, 9, 380 >,
 	< 382, 31, 10, 0, 91, 108, 0, 381 >,
 	< 383, 31, 10, 88, 36, 122, 1, 382 >,
 	// order 32
 	< 384, 32, 1, 0, 0, 194, 7, -1 >,
 	< 385, 32, 10, 90, 86, 137, 4, 384 >,
 	< 386, 32, 3, 0, 0, 165, 2, 385 >,
 	< 387, 32, 4, 96, 0, 111, 6, 386 >,
 	< 388, 32, 6, 92, 0, 180, 8, 387 >,
 	< 389, 32, 6, 63, 94, 179, 5, 388 >,
 	< 390, 32, 3, 0, 0, 188, 3, 389 >,
 	< 391, 32, 7, 40, 70, 102, 9, 390 >,
 	< 392, 32, 4, 44, 82, 182, 0, 391 >,
 	< 393, 32, 5, 0, 37, 104, 1, 392 >,
 	< 394, 32, 6, 65, 0, 118, 7, 393 >,
 	< 395, 32, 2, 60, 0, 104, 4, 394 >,
 	// order 33
 	< 396, 33, 3, 0, 0, 109, 2, -1 >,
 	< 397, 33, 1, 71, 70, 171, 6, 396 >,
 	< 398, 33, 1, 36, 0, 104, 8, 397 >,
 	< 399, 33, 7, 0, 0, 168, 5, 398 >,
 	< 400, 33, 5, 0, 86, 174, 3, 399 >,
 	< 401, 33, 8, 0, 71, 149, 9, 400 >,
 	< 402, 33, 7, 0, 0, 149, 0, 401 >,
 	< 403, 33, 10, 0, 44, 179, 1, 402 >,
 	< 404, 33, 7, 94, 0, 120, 7, 403 >,
 	< 405, 33, 4, 0, 82, 130, 4, 404 >,
 	< 406, 33, 3, 83, 83, 166, 2, 405 >,
 	< 407, 33, 8, 0, 0, 126, 6, 406 >,
 	// order 34
 	< 408, 34, 4, 30, 63, 196, 8, -1 >,
 	< 409, 34, 3, 43, 0, 100, 5, 408 >,
 	< 410, 34, 3, 0, 56, 180, 3, 409 >,
 	< 411, 34, 6, 0, 58, 172, 9, 410 >,
 	< 412, 34, 9, 74, 0, 199, 0, 411 >,
 	< 413, 34, 9, 80, 42, 184, 1, 412 >,
 	< 414, 34, 7, 59, 92, 191, 7, 413 >,
 	< 415, 34, 8, 0, 0, 145, 4, 414 >,
 	< 416, 34, 7, 50, 0, 104, 2, 415 >,
 	< 417, 34, 2, 0, 39, 180, 6, 416 >,
 	< 418, 34, 8, 68, 38, 137, 8, 417 >,
 	< 419, 34, 7, 0, 0, 129, 5, 418 >,
 	// order 35
 	< 420, 35, 9, 0, 42, 159, 3, -1 >,
 	< 421, 35, 6, 0, 0, 191, 9, 420 >,
 	< 422, 35, 7, 0, 0, 121, 0, 421 >,
 	< 423, 35, 3, 0, 54, 128, 1, 422 >,
 	< 424, 35, 10, 80, 79, 139, 7, 423 >,
 	< 425, 35, 2, 57, 89, 151, 4, 424 >,
 	< 426, 35, 3, 0, 0, 189, 2, 425 >,
 	< 427, 35, 7, 0, 38, 146, 6, 426 >,
 	< 428, 35, 6, 0, 33, 151, 8, 427 >,
 	< 429, 35, 6, 0, 49, 142, 5, 428 >,
 	< 430, 35, 2, 0, 0, 156, 3, 429 >,
 	< 431, 35, 5, 36, 68, 104, 9, 430 >,
 	// order 36
 	< 432, 36, 9, 0, 0, 156, 0, -1 >,
 	< 433, 36, 5, 0, 47, 132, 1, 432 >,
 	< 434, 36, 7, 49, 0, 183, 7, 433 >,
 	< 435, 36, 5, 94, 43, 182, 4, 434 >,
 	< 436, 36, 9, 0, 0, 144, 2, 435 >,
 	< 437, 36, 7, 0, 81, 174, 6, 436 >,
 	< 438, 36, 4, 77, 0, 106, 8, 437 >,
 	< 439, 36, 7, 0, 47, 165, 5, 438 >,
 	< 440, 36, 2, 33, 0, 162, 3, 439 >,
 	< 441, 36, 7, 87, 38, 177, 9, 440 >,
 	< 442, 36, 7, 0, 0, 173, 0, 441 >,
 	< 443, 36, 3, 31, 92, 193, 1, 442 >,
 	// order 37
 	< 444, 37, 6, 0, 31, 114, 7, -1 >,
 	< 445, 37, 2, 0, 0, 118, 4, 444 >,
 	< 446, 37, 1, 77, 0, 105, 2, 445 >,
 	< 447, 37, 3, 89, 0, 183, 6, 446 >,
 	< 448, 37, 9, 51, 99, 162, 8, 447 >,
 	< 449, 37, 2, 0, 0, 186, 5, 448 >,
 	< 450, 37, 10, 0, 55, 172, 3, 449 >,
 	< 451, 37, 7, 0, 50, 147, 9, 450 >,
 	< 452, 37, 5, 76, 0, 106, 0, 451 >,
 	< 453, 37, 9, 0, 0, 141, 1, 452 >,
 	< 454, 37, 6, 0, 67, 103, 7, 453 >,
 	< 455, 37, 1, 0, 0, 163, 4, 454 >,
 	// order 38
 	< 456, 38, 6, 0, 0, 192, 2, -1 >,
 	< 457, 38, 8, 0, 0, 172, 6, 456 >,
 	< 458, 38, 1, 0, 0, 144, 8, 457 >,
 	< 459, 38, 9, 0, 31, 133, 5, 458 >,
 	< 460, 38, 1, 0, 67, 111, 3, 459 >,
 	< 461, 38, 6, 86, 60, 114, 9, 460 >,
 	< 462, 38, 9, 50, 0, 139, 0, 461 >,
 	< 463, 38, 8, 0, 63, 158, 1, 462 >,
 	< 464, 38, 1, 0, 0, 135, 7, 463 >,
 	< 465, 38, 9, 98, 80, 118, 4, 464 >,
 	< 466, 38, 3, 79, 0, 125, 2, 465 >,
 	< 467, 38, 4, 0, 0, 181, 6, 466 >,
 	// order 39
 	< 468, 39, 2, 0, 91, 105, 8, -1 >,
 	< 469, 39, 9, 0, 0, 190, 5, 468 >,
 	< 470, 39, 1, 0, 0, 168, 3, 469 >,
 	< 471, 39, 6, 33, 82, 118, 9, 470 >,
 	< 472, 39, 3, 91, 42, 124, 0, 471 >,
 	< 473, 39, 9, 0, 0, 126, 1, 472 >,
 	< 474, 39, 2, 0, 71, 106, 7, 473 >,
 	< 475, 39, 4, 0, 0, 148, 4, 474 >,
 	< 476, 39, 2, 0, 79, 106, 2, 475 >,
 	< 477, 39, 10, 97, 97, 195, 6, 476 >,
 	< 478, 39, 10, 70, 40, 194, 8, 477 >,
 	< 479, 39, 3, 0, 74, 118, 5, 478 >,
 	// order 40
 	< 480, 40, 6, 0, 79, 196, 3, -1 >,
 	< 481, 40, 4, 73, 0, 129, 9, 480 >,
 	< 482, 40, 9, 0, 81, 162, 0, 481 >,
 	< 483, 40, 2, 94, 50, 128, 1, 482 >,
 	< 484, 40, 4, 0, 0, 159, 7, 483 >,
 	< 485, 40, 6, 60, 0, 100, 4, 484 >,
 	< 486, 40, 2, 90, 92, 163, 2, 485 >,
 	< 487, 40, 10, 0, 48, 129, 6, 486 >,
 	< 488, 40, 10, 76, 0, 143, 8, 487 >,
 	< 489, 40, 10, 0, 83, 149, 5, 488 >,
 	< 490, 40, 4, 0, 0, 190, 3, 489 >,
 	< 491, 40, 3, 63, 0, 143, 9, 490 >,
 	// order 41
 	< 492, 41, 7, 0, 0, 123, 0, -1 >,
 	< 493, 41, 2, 0, 0, 169, 1, 492 >,
 	< 494, 41, 9, 46, 0, 195, 7, 493 >,
 	< 495, 41, 3, 51, 68, 118, 4, 494 >,
 	< 496, 41, 2, 69, 56, 151, 2, 495 >,
 	< 497, 41, 9, 0, 32, 167, 6, 496 >,
 	< 498, 41, 8, 0, 0, 154, 8, 497 >,
 	< 499, 41, 6, 0, 63, 155, 5, 498 >,
 	< 500, 41, 8, 0, 0, 134, 3, 499 >,
 	< 501, 41, 6, 34, 0, 189, 9, 500 >,
 	< 502, 41, 4, 69, 0, 129, 0, 501 >,
 	< 503, 41, 10, 37, 0, 110, 1, 502 >,
 	// order 42
 	< 504, 42, 8, 0, 0, 182, 7, -1 >,
 	< 505, 42, 7, 0, 0, 177, 4, 504 >,
 	< 506, 42, 2, 0, 96, 181, 2, 505 >,
 	< 507, 42, 2, 61, 0, 132, 6, 506 >,
 	< 508, 42, 3, 0, 62, 139, 8, 507 >,
 	< 509, 42, 5, 0, 0, 110, 5, 508 >,
 	< 510, 42, 5, 0, 0, 169, 3, 509 >,
 	< 511, 42, 5, 58, 48, 173, 9, 510 >,
 	< 512, 42, 3, 41, 0, 176, 0, 511 >,
 	< 513, 42, 9, 0, 0, 141, 1, 512 >,
 	< 514, 42, 8, 0, 0, 186, 7, 513 >,
 	< 515, 42, 9, 94, 47, 127, 4, 514 >,
 	// order 43
 	< 516, 43, 9, 77, 0, 107, 2, -1 >,
 	< 517, 43, 7, 90, 42, 119, 6, 516 >,
 	< 518, 43, 5, 0, 80, 176, 8, 517 >,
 	< 519, 43, 8, 0, 0, 110, 5, 518 >,
 	< 520, 43, 6, 0, 0, 175, 3, 519 >,
 	< 521, 43, 7, 43, 0, 142, 9, 520 >,
 	< 522, 43, 2, 85, 0, 147, 0, 521 >,
 	< 523, 43, 4, 0, 60, 109, 1, 522 >,
 	< 524, 43, 7, 0, 0, 131, 7, 523 >,
 	< 525, 43, 1, 0, 0, 196, 4, 524 >,
 	< 526, 43, 6, 0, 0, 182, 2, 525 >,
 	< 527, 43, 9, 39, 67, 128, 6, 526 >,
 	// order 44
 	< 528, 44, 10, 54, 48, 143, 8, -1 >,
 	< 529, 44, 6, 59, 0, 196, 5, 528 >,
 	< 530, 44, 4, 39, 0, 195, 3, 529 >,
 	< 531, 44, 4, 67, 0, 121, 9, 530 >,
 	< 532, 44, 6, 0, 72, 118, 0, 531 >,
 	< 533, 44, 3, 0, 90, 102, 1, 532 >,
 	< 534, 44, 8, 94, 94, 174, 7, 533 >,
 	< 535, 44, 2, 73, 61, 180, 4, 534 >,
 	< 536, 44, 2, 46, 100, 153, 2, 535 >,
 	< 537, 44, 10, 44, 0, 148, 6, 536 >,
 	< 538, 44, 1, 0, 0, 158, 8, 537 >,
 	< 539, 44, 10, 0, 0, 120, 5, 538 >,
 	// order 45
 	< 540, 45, 9, 45, 0, 152, 3, -1 >,
 	< 541, 45, 7, 0, 0, 120, 9, 540 >,
 	< 542, 45, 3, 0, 50, 178, 0, 541 >,
 	< 543, 45, 8, 0, 55, 155, 1, 542 >,
 	< 544, 45, 3, 85, 0, 183, 7, 543 >,
 	< 545, 45, 6, 0, 52, 169, 4, 544 >,
 	< 546, 45, 2, 0, 64, 156, 2, 545 >,
 	< 547, 45, 6, 0, 87, 172, 6, 546 >,
 	< 548, 45, 1, 40, 50, 117, 8, 547 >,
 	< 549, 45, 3, 0, 0, 166, 5, 548 >,
 	< 550, 45, 1, 69, 89, 138, 3, 549 >,
 	< 551, 45, 2, 0, 0, 162, 9, 550 >,
 	// order 46
 	< 552, 46, 2, 37, 32, 103, 0, -1 >,
 	< 553, 46, 2, 0, 45, 150, 1, 552 >,
 	< 554, 46, 3, 75, 80, 167, 7, 553 >,
 	< 555, 46, 1, 0, 51, 117, 4, 554 >,
 	< 556, 46, 6, 75, 0, 167, 2, 555 >,
 	< 557, 46, 4, 43, 0, 197, 6, 556 >,
 	< 558, 46, 6, 0, 49, 148, 8, 557 >,
 	< 559, 46, 5, 47, 90, 145, 5, 558 >,
 	< 560, 46, 1, 0, 90, 191, 3, 559 >,
 	< 561, 46, 1, 0, 33, 125, 9, 560 >,
 	< 562, 46, 8, 0, 43, 143, 0, 561 >,
 	< 563, 46, 1, 56, 85, 155, 1, 562 >,
 	// order 47
 	< 564, 47, 8, 83, 37, 124, 7, -1 >,
 	< 565, 47, 3, 0, 0, 176, 4, 564 >,
 	< 566, 47, 7, 0, 64, 150, 2, 565 >,
 	< 567, 47, 9, 0, 52, 152, 6, 566 >,
 	< 568, 47, 5, 0, 83, 188, 8, 567 >,
 	< 569, 47, 6, 0, 0, 142, 5, 568 >,
 	< 570, 47, 10, 39, 0, 191, 3, 569 >,
 	< 571, 47, 4, 31, 0, 180, 9, 570 >,
 	< 572, 47, 8, 65, 65, 110, 0, 571 >,
 	< 573, 47, 9, 0, 96, 117, 1, 572 >,
 	< 574, 47, 2, 68, 0, 107, 7, 573 >,
 	< 575, 47, 4, 30, 69, 115, 4, 574 >,
 	// order 48
 	< 576, 48, 2, 55, 66, 139, 2, -1 >,
 	< 577, 48, 9, 0, 90, 142, 6, 576 >,
 	< 578, 48, 10, 75, 81, 120, 8, 577 >,
 	< 579, 48, 7, 0, 0, 139, 5, 578 >,
 	< 580, 48, 2, 0, 49, 159, 3, 579 >,
 	< 581, 48, 8, 98, 31, 117, 9, 580 >,
 	< 582, 48, 3, 78, 53, 161, 0, 581 >,
 	< 583, 48, 6, 0, 0, 153, 1, 582 >,
 	< 584, 48, 1, 0, 75, 200, 7, 583 >,
 	< 585, 48, 7, 0, 74, 135, 4, 584 >,
 	< 586, 48, 9, 0, 36, 153, 2, 585 >,
 	< 587, 48, 6, 95, 100, 121, 6, 586 >,
 	// order 49
 	< 588, 49, 1, 47, 96, 196, 8, -1 >,
 	< 589, 49, 3, 0, 34, 152, 5, 588 >,
 	< 590, 49, 9, 34, 31, 163, 3, 589 >,
 	< 591, 49, 6, 0, 53, 115, 9, 590 >,
 	< 592, 49, 7, 0, 90, 160, 0, 591 >,
 	< 593, 49, 2, 30, 92, 146, 1, 592 >,
 	< 594, 49, 4, 64, 95, 105, 7, 593 >,
 	< 595, 49, 7, 46, 0, 128, 4, 594 >,
 	< 596, 49, 4, 0, 31, 160, 2, 595 >,
 	< 597, 49, 6, 53, 0, 125, 6, 596 >,
 	< 598, 49, 9, 42, 83, 109, 8, 597 >,
 	< 599, 49, 4, 0, 71, 141, 5, 598 >,
 	// order 50
 	< 600, 50, 7, 0, 38, 144, 3, -1 >,
 	< 601, 50, 5, 68, 93, 110, 9, 600 >,
 	< 602, 50, 2, 0, 64, 195, 0, 601 >,
 	< 603, 50, 6, 45, 0, 132, 1, 602 >,
 	< 604, 50, 5, 0, 0, 100, 7, 603 >,
 	< 605, 50, 4, 41, 51, 178, 4, 604 >,
 	< 606, 50, 6, 0, 82, 111, 2, 605 >,
 	< 607, 50, 4, 41, 0, 128, 6, 606 >,
 	< 608, 50, 8, 55, 88, 179, 8, 607 >,
 	< 609, 50, 1, 0, 0, 178, 5, 608 >,
 	< 610, 50, 5, 0, 36, 118, 3, 609 >,
 	< 611, 50, 2, 0, 0, 112, 9, 610 >,
 	// order 51
 	< 612, 51, 10, 71, 0, 111, 0, -1 >,
 	< 613, 51, 6, 65, 0, 137, 1, 612 >,
 	< 614, 51, 6, 59, 0, 175, 7, 613 >,
 	< 615, 51, 6, 89, 43, 153, 4, 614 >,
 	< 616, 51, 6, 87, 50, 118, 2, 615 >,
 	< 617, 51, 9, 69, 46, 180, 6, 616 >,
 	< 618, 51, 1, 0, 44, 173, 8, 617 >,
 	< 619, 51, 3, 0, 0, 128, 5, 618 >,
 	< 620, 51, 9, 68, 0, 106, 3, 619 >,
 	< 621, 51, 3, 68, 51, 147, 9, 620 >,
 	< 622, 51, 10, 59, 84, 167, 0, 621 >,
 	< 623, 51, 9, 0, 80, 161, 1, 622 >,
 	// order 52
 	< 624, 52, 5, 0, 56, 104, 7, -1 >,
 	< 625, 52, 1, 0, 72, 138, 4, 624 >,
 	< 626, 52, 1, 0, 30, 127, 2, 625 >,
 	< 627, 52, 5, 0, 33, 124, 6, 626 >,
 	< 628, 52, 10, 84, 62, 172, 8, 627 >,
 	< 629, 52, 2, 0, 0, 142, 5, 628 >,
 	< 630, 52, 10, 0, 49, 149, 3, 629 >,
 	< 631, 52, 2, 0, 43, 183, 9, 630 >,
 	< 632, 52, 3, 80, 0, 188, 0, 631 >,
 	< 633, 52, 4, 73, 0, 125, 1, 632 >,
 	< 634, 52, 6, 0, 63, 171, 7, 633 >,
 	< 635, 52, 8, 30, 53, 189, 4, 634 >,
 	// order 53
 	< 636, 53, 9, 41, 0, 171, 2, -1 >,
 	< 637, 53, 7, 0, 36, 118, 6, 636 >,
 	< 638, 53, 6, 46, 0, 107, 8, 637 >,
 	< 639, 53, 10, 100, 0, 192, 5, 638 >,
 	< 640, 53, 5, 87, 69, 158, 3, 639 >,
 	< 641, 53, 2, 83, 46, 176, 9, 640 >,
 	< 642, 53, 9, 52, 0, 154, 0, 641 >,
 	< 643, 53, 7, 0, 62, 109, 1, 642 >,
 	< 644, 53, 4, 0, 0, 163, 7, 643 >,
 	< 645, 53, 6, 0, 85, 193, 4, 644 >,
 	< 646, 53, 1, 59, 0, 196, 2, 645 >,
 	< 647, 53, 10, 0, 39, 157, 6, 646 >,
 	// order 54
 	< 648, 54, 8, 67, 85, 190, 8, -1 >,
 	< 649, 54, 3, 98, 0, 103, 5, 648 >,
 	< 650, 54, 9, 0, 0, 140, 3, 649 >,
 	< 651, 54, 6, 85, 34, 166, 9, 650 >,
 	< 652, 54, 10, 75, 0, 194, 0, 651 >,
 	< 653, 54, 5, 55, 0, 121, 1, 652 >,
 	< 654, 54, 8, 0, 0, 168, 7, 653 >,
 	< 655, 54, 4, 38, 0, 173, 4, 654 >,
 	< 656, 54, 3, 77, 0, 190, 2, 655 >,
 	< 657, 54, 2, 0, 100, 142, 6, 656 >,
 	< 658, 54, 2, 96, 0, 192, 8, 657 >,
 	< 659, 54, 9, 92, 89, 146, 5, 658 >,
 	// order 55
 	< 660, 55, 8, 0, 44, 125, 3, -1 >,
 	< 661, 55, 8, 0, 35, 167, 9, 660 >,
 	< 662, 55, 7, 44, 95, 127, 0, 661 >,
 	< 663, 55, 7, 33, 65, 155, 1, 662 >,
 	< 664, 55, 10, 76, 98, 120, 7, 663 >,
 	< 665, 55, 9, 100, 0, 142, 4, 664 >,
 	< 666, 55, 3, 0, 0, 187, 2, 665 >,
 	< 667, 55, 2, 56, 0, 116, 6, 666 >,
 	< 668, 55, 10, 69, 0, 174, 8, 667 >,
 	< 669, 55, 3, 69, 0, 113, 5, 668 >,
 	< 670, 55, 7, 0, 44, 140, 3, 669 >,
 	< 671, 55, 9, 60, 36, 194, 9, 670 >,
 	// order 56
 	< 672, 56, 6, 45, 0, 193, 0, -1 >,
 	< 673, 56, 4, 58, 0, 111, 1, 672 >,
 	< 674, 56, 7, 0, 0, 164, 7, 673 >,
 	< 675, 56, 2, 0, 36, 172, 4, 674 >,
 	< 676, 56, 3, 0, 0, 186, 2, 675 >,
 	< 677, 56, 8, 0, 0, 128, 6, 676 >,
 	< 678, 56, 10, 0, 45, 155, 8, 677 >,
 	< 679, 56, 1, 0, 0, 106, 5, 678 >,
 	< 680, 56, 4, 87, 63, 115, 3, 679 >,
 	< 681, 56, 8, 0, 92, 163, 9, 680 >,
 	< 682, 56, 6, 0, 0, 194, 0, 681 >,
 	< 683, 56, 4, 0, 75, 120, 1, 682 >,
 	// order 57
 	< 684, 57, 9, 0, 73, 106, 7, -1 >,
 	< 685, 57, 6, 0, 93, 112, 4, 684 >,
 	< 686, 57, 5, 0, 0, 113, 2, 685 >,
 	< 687, 57, 1, 49, 82, 115, 6, 686 >,
 	< 688, 57, 7, 82, 0, 169, 8, 687 >,
 	< 689, 57, 8, 77, 92, 145, 5, 688 >,
 	< 690, 57, 2, 40, 0, 185, 3, 689 >,
 	< 691, 57, 10, 0, 96, 181, 9, 690 >,
 	< 692, 57, 9, 0, 63, 152, 0, 691 >,
 	< 693, 57, 3, 0, 0, 127, 1, 692 >,
 	< 694, 57, 1, 0, 0, 148, 7, 693 >,
 	< 695, 57, 6, 0, 83, 193, 4, 694 >,
 	// order 58
 	< 696, 58, 4, 77, 0, 101, 2, -1 >,
 	< 697, 58, 7, 0, 39, 190, 6, 696 >,
 	< 698, 58, 3, 35, 86, 135, 8, 697 >,
 	< 699, 58, 8, 91, 42, 143, 5, 698 >,
 	< 700, 58, 8, 0, 0, 183, 3, 699 >,
 	< 701, 58, 2, 37, 46, 108, 9, 700 >,
 	< 702, 58, 3, 0, 0, 118, 0, 701 >,
 	< 703, 58, 2, 38, 0, 119, 1, 702 >,
 	< 704, 58, 1, 0, 0, 105, 7, 703 >,
 	< 705, 58, 6, 53, 0, 113, 4, 704 >,
 	< 706, 58, 8, 0, 30, 175, 2, 705 >,
 	< 707, 58, 10, 0, 0, 180, 6, 706 >,
 	// order 59
 	< 708, 59, 2, 51, 0, 156, 8, -1 >,
 	< 709, 59, 7, 0, 0, 180, 5, 708 >,
 	< 710, 59, 5, 45, 0, 159, 3, 709 >,
 	< 711, 59, 7, 42, 0, 153, 9, 710 >,
 	< 712, 59, 4, 90, 75, 198, 0, 711 >,
 	< 713, 59, 8, 43, 0, 154, 1, 712 >,
 	< 714, 59, 6, 0, 91, 193, 7, 713 >,
 	< 715, 59, 7, 72, 65, 190, 4, 714 >,
 	< 716, 59, 1, 0, 81, 192, 2, 715 >,
 	< 717, 59, 7, 45, 0, 157, 6, 716 >,
 	< 718, 59, 7, 99, 53, 170, 8, 717 >,
 	< 719, 59, 7, 0, 82, 197, 5, 718 >,
 	// order 60
 	< 720, 60, 3, 0, 64, 138, 3, -1 >,
 	< 721, 60, 3, 100, 71, 170, 9, 720 >,
 	< 722, 60, 1, 0, 77, 196, 0, 721 >,
 	< 723, 60, 10, 0, 0, 121, 1, 722 >,
 	< 724, 60, 10, 98, 72, 187, 7, 723 >,
 	< 725, 60, 9, 99, 0, 115, 4, 724 >,
 	< 726, 60, 9, 96, 95, 198, 2, 725 >,
 	< 727, 60, 3, 59, 0, 123, 6, 726 >,
 	< 728, 60, 8, 96, 68, 123, 8, 727 >,
 	< 729, 60, 7, 83, 0, 167, 5, 728 >,
 	< 730, 60, 6, 68, 0, 195, 3, 729 >,
 	< 731, 60, 9, 55, 0, 101, 9, 730 >,
 	// order 61
 	< 732, 61, 5, 0, 48, 150, 0, -1 >,
 	< 733, 61, 10, 99, 66, 169, 1, 732 >,
 	< 734, 61, 2, 99, 30, 109, 7, 733 >,
 	< 735, 61, 4, 96, 0, 146, 4, 734 >,
 	< 736, 61, 8, 0, 0, 195, 2, 735 >,
 	< 737, 61, 3, 31, 0, 101, 6, 736 >,
 	< 738, 61, 1, 44, 0, 157, 8, 737 >,
 	< 739, 61, 1, 0, 0, 128, 5, 738 >,
 	< 740, 61, 10, 35, 99, 137, 3, 739 >,
 	< 741, 61, 3, 53, 86, 120, 9, 740 >,
 	< 742, 61, 8, 0, 100, 165, 0, 741 >,
 	< 743, 61, 8, 0, 79, 112, 1, 742 >,
 	// order 62
 	< 744, 62, 10, 0, 75, 116, 7, -1 >,
 	< 745, 62, 6, 58, 90, 127, 4, 744 >,
 	< 746, 62, 4, 0, 0, 138, 2, 745 >,
 	< 747, 62, 10, 0, 79, 170, 6, 746 >,
 	< 748, 62, 3, 0, 87, 135, 8, 747 >,
 	< 749, 62, 9, 0, 0, 192, 5, 748 >,
 	< 750, 62, 3, 0, 0, 158, 3, 749 >,
 	< 751, 62, 8, 83, 0, 134, 9, 750 >,
 	< 752, 62, 3, 94, 99, 196, 0, 751 >,
 	< 753, 62, 10, 0, 0, 131, 1, 752 >,
 	< 754, 62, 7, 71, 0, 186, 7, 753 >,
 	< 755, 62, 1, 92, 79, 128, 4, 754 >,
 	// order 63
 	< 756, 63, 4, 0, 0, 148, 2, -1 >,
 	< 757, 63, 7, 85, 45, 168, 6, 756 >,
 	< 758, 63, 7, 88, 100, 179, 8, 757 >,
 	< 759, 63, 4, 0, 92, 102, 5, 758 >,
 	< 760, 63, 8, 0, 43, 170, 3, 759 >,
 	< 761, 63, 1, 70, 94, 198, 9, 760 >,
 	< 762, 63, 7, 0, 72, 158, 0, 761 >,
 	< 763, 63, 5, 0, 0, 115, 1, 762 >,
 	< 764, 63, 6, 75, 42, 177, 7, 763 >,
 	< 765, 63, 6, 45, 0, 179, 4, 764 >,
 	< 766, 63, 2, 48, 100, 160, 2, 765 >,
 	< 767, 63, 3, 72, 0, 124, 6, 766 >,
 	// order 64
 	< 768, 64, 3, 76, 84, 175, 8, -1 >,
 	< 769, 64, 4, 0, 86, 128, 5, 768 >,
 	< 770, 64, 8, 90, 0, 174, 3, 769 >,
 	< 771, 64, 1, 65, 54, 151, 9, 770 >,
 	< 772, 64, 2, 88, 52, 161, 0, 771 >,
 	< 773, 64, 10, 0, 0, 171, 1, 772 >,
 	< 774, 64, 1, 0, 91, 133, 7, 773 >,
 	< 775, 64, 3, 0, 64, 100, 4, 774 >,
 	< 776, 64, 6, 94, 0, 175, 2, 775 >,
 	< 777, 64, 8, 91, 0, 105, 6, 776 >,
 	< 778, 64, 2, 0, 83, 163, 8, 777 >,
 	< 779, 64, 9, 0, 60, 178, 5, 778 >,
 	// order 65
 	< 780, 65, 3, 63, 81, 123, 3, -1 >,
 	< 781, 65, 3, 58, 95, 172, 9, 780 >,
 	< 782, 65, 3, 0, 39, 188, 0, 781 >,
 	< 783, 65, 8, 0, 36, 112, 1, 782 >,
 	< 784, 65, 9, 0, 74, 139, 7, 783 >,
 	< 785, 65, 9, 0, 0, 120, 4, 784 >,
 	< 786, 65, 1, 0, 84, 174, 2, 785 >,
 	< 787, 65, 6, 0, 0, 152, 6, 786 >,
 	< 788, 65, 6, 62, 39, 138, 8, 787 >,
 	< 789, 65, 1, 83, 0, 199, 5, 788 >,
 	< 790, 65, 4, 88, 38, 194, 3, 789 >,
 	< 791, 65, 3, 37, 53, 136, 9, 790 >,
 	// order 66
 	< 792, 66, 10, 92, 0, 159, 0, -1 >,
 	< 793, 66, 6, 0, 68, 135, 1, 792 >,
 	< 794, 66, 6, 0, 0, 166, 7, 793 >,
 	< 795, 66, 3, 0, 0, 154, 4, 794 >,
 	< 796, 66, 9, 0, 64, 187, 2, 795 >,
 	< 797, 66, 2, 30, 87, 130, 6, 796 >,
 	< 798, 66, 4, 0, 42, 155, 8, 797 >,
 	< 799, 66, 6, 0, 0, 101, 5, 798 >,
 	< 800, 66, 5, 66, 61, 199, 3, 799 >,
 	< 801, 66, 4, 66, 0, 164, 9, 800 >,
 	< 802, 66, 1, 69, 0, 120, 0, 801 >,
 	< 803, 66, 7, 0, 84, 185, 1, 802 >,
 	// order 67
 	< 804, 67, 6, 61, 0, 117, 7, -1 >,
 	< 805, 67, 1, 94, 39, 125, 4, 804 >,
 	< 806, 67, 9, 0, 0, 188, 2, 805 >,
 	< 807, 67, 7, 33, 82, 178, 6, 806 >,
 	< 808, 67, 5, 0, 0, 123, 8, 807 >,
 	< 809, 67, 7, 78, 96, 108, 5, 808 >,
 	< 810, 67, 4, 0, 0, 192, 3, 809 >,
 	< 811, 67, 1, 0, 48, 191, 9, 810 >,
 	< 812, 67, 6, 92, 0, 139, 0, 811 >,
 	< 813, 67, 2, 67, 0, 159, 1, 812 >,
 	< 814, 67, 8, 0, 31, 106, 7, 813 >,
 	< 815, 67, 1, 49, 0, 156, 4, 814 >,
 	// order 68
 	< 816, 68, 4, 0, 79, 105, 2, -1 >,
 	< 817, 68, 9, 0, 0, 112, 6, 816 >,
 	< 818, 68, 9, 53, 98, 121, 8, 817 >,
 	< 819, 68, 10, 92, 32, 107, 5, 818 >,
 	< 820, 68, 2, 57, 0, 169, 3, 819 >,
 	< 821, 68, 6, 0, 0, 183, 9, 820 >,
 	< 822, 68, 4, 62, 68, 135, 0, 821 >,
 	< 823, 68, 10, 0, 0, 151, 1, 822 >,
 	< 824, 68, 8, 58, 0, 103, 7, 823 >,
 	< 825, 68, 5, 87, 38, 147, 4, 824 >,
 	< 826, 68, 9, 33, 0, 117, 2, 825 >,
 	< 827, 68, 7, 66, 0, 127, 6, 826 >,
 	// order 69
 	< 828, 69, 10, 51, 84, 187, 8, -1 >,
 	< 829, 69, 1, 0, 32, 145, 5, 828 >,
 	< 830, 69, 7, 0, 0, 156, 3, 829 >,
 	< 831, 69, 8, 0, 0, 180, 9, 830 >,
 	< 832, 69, 1, 76, 55, 149, 0, 831 >,
 	< 833, 69, 3, 0, 0, 137, 1, 832 >,
 	< 834, 69, 8, 0, 93, 123, 7, 833 >,
 	< 835, 69, 9, 36, 49, 153, 4, 834 >,
 	< 836, 69, 6, 0, 35, 101, 2, 835 >,
 	< 837, 69, 3, 0, 95, 137, 6, 836 >,
 	< 838, 69, 4, 0, 50, 149, 8, 837 >,
 	< 839, 69, 3, 96, 0, 148, 5, 838 >,
 	// order 70
 	< 840, 70, 5, 34, 0, 168, 3, -1 >,
 	< 841, 70, 8, 32, 0, 196, 9, 840 >,
 	< 842, 70, 8, 0, 0, 126, 0, 841 >,
 	< 843, 70, 6, 0, 95, 134, 1, 842 >,
 	< 844, 70, 3, 0, 52, 200, 7, 843 >,
 	< 845, 70, 4, 0, 72, 175, 4, 844 >,
 	< 846, 70, 6, 40, 86, 107, 2, 845 >,
 	< 847, 70, 7, 0, 58, 123, 6, 846 >,
 	< 848, 70, 5, 0, 0, 196, 8, 847 >,
 	< 849, 70, 7, 38, 0, 174, 5, 848 >,
 	< 850, 70, 1, 30, 82, 143, 3, 849 >,
 	< 851, 70, 9, 34, 66, 184, 9, 850 >,
 	// order 71
 	< 852, 71, 2, 0, 49, 155, 0, -1 >,
 	< 853, 71, 7, 0, 0, 187, 1, 852 >,
 	< 854, 71, 1, 66, 0, 182, 7, 853 >,
 	< 855, 71, 9, 0, 0, 132, 4, 854 >,
 	< 856, 71, 5, 0, 0, 186, 2, 855 >,
 	< 857, 71, 7, 78, 33, 136, 6, 856 >,
 	< 858, 71, 3, 0, 0, 105, 8, 857 >,
 	< 859, 71, 9, 0, 0, 192, 5, 858 >,
 	< 860, 71, 6, 38, 0, 184, 3, 859 >,
 	< 861, 71, 3, 30, 64, 149, 9, 860 >,
 	< 862, 71, 10, 73, 0, 174, 0, 861 >,
 	< 863, 71, 4, 0, 0, 129, 1, 862 >,
 	// order 72
 	< 864, 72, 7, 71, 74, 192, 7, -1 >,
 	< 865, 72, 10, 88, 74, 171, 4, 864 >,
 	< 866, 72, 5, 74, 43, 115, 2, 865 >,
 	< 867, 72, 3, 0, 76, 128, 6, 866 >,
 	< 868, 72, 2, 0, 0, 178, 8, 867 >,
 	< 869, 72, 7, 66, 60, 106, 5, 868 >,
 	< 870, 72, 1, 0, 36, 113, 3, 869 >,
 	< 871, 72, 7, 52, 0, 118, 9, 870 >,
 	< 872, 72, 10, 85, 0, 165, 0, 871 >,
 	< 873, 72, 10, 68, 0, 125, 1, 872 >,
 	< 874, 72, 1, 0, 67, 139, 7, 873 >,
 	< 875, 72, 10, 39, 0, 175, 4, 874 >,
 	// order 73
 	< 876, 73, 4, 0, 0, 165, 2, -1 >,
 	< 877, 73, 5, 90, 34, 151, 6, 876 >,
 	< 878, 73, 3, 88, 0, 137, 8, 877 >,
 	< 879, 73, 4, 0, 39, 165, 5, 878 >,
 	< 880, 73, 5, 65, 0, 197, 3, 879 >,
 	< 881, 73, 8, 0, 0, 170, 9, 880 >,
 	< 882, 73, 3, 0, 100, 141, 0, 881 >,
 	< 883, 73, 9, 78, 0, 198, 1, 882 >,
 	< 884, 73, 1, 0, 64, 169, 7, 883 >,
 	< 885, 73, 10, 0, 0, 149, 4, 884 >,
 	< 886, 73, 2, 0, 88, 101, 2, 885 >,
 	< 887, 73, 7, 0, 0, 161, 6, 886 >,
 	// order 74
 	< 888, 74, 1, 82, 0, 161, 8, -1 >,
 	< 889, 74, 9, 56, 95, 142, 5, 888 >,
 	< 890, 74, 6, 76, 0, 172, 3, 889 >,
 	< 891, 74, 2, 68, 0, 181, 9, 890 >,
 	< 892, 74, 3, 47, 35, 164, 0, 891 >,
 	< 893, 74, 6, 0, 53, 112, 1, 892 >,
 	< 894, 74, 6, 0, 60, 123, 7, 893 >,
 	< 895, 74, 8, 33, 52, 145, 4, 894 >,
 	< 896, 74, 3, 0, 71, 141, 2, 895 >,
 	< 897, 74, 5, 0, 40, 175, 6, 896 >,
 	< 898, 74, 9, 86, 65, 146, 8, 897 >,
 	< 899, 74, 6, 0, 0, 106, 5, 898 >,
 	// order 75
 	< 900, 75, 8, 50, 0, 138, 3, -1 >,
 	< 901, 75, 10, 64, 0, 100, 9, 900 >,
 	< 902, 75, 5, 64, 67, 117, 0, 901 >,
 	< 903, 75, 10, 0, 0, 112, 1, 902 >,
 	< 904, 75, 3, 42, 0, 173, 7, 903 >,
 	< 905, 75, 4, 67, 47, 199, 4, 904 >,
 	< 906, 75, 9, 0, 0, 170, 2, 905 >,
 	< 907, 75, 7, 90, 0, 142, 6, 906 >,
 	< 908, 75, 8, 65, 0, 125, 8, 907 >,
 	< 909, 75, 10, 0, 0, 138, 5, 908 >,
 	< 910, 75, 4, 32, 0, 115, 3, 909 >,
 	< 911, 75, 9, 59, 52, 199, 9, 910 >,
 	// order 76
 	< 912, 76, 2, 0, 40, 102, 0, -1 >,
 	< 913, 76, 7, 46, 0, 187, 1, 912 >,
 	< 914, 76, 5, 0, 0, 181, 7, 913 >,
 	< 915, 76, 4, 56, 0, 112, 4, 914 >,
 	< 916, 76, 8, 0, 40, 141, 2, 915 >,
 	< 917, 76, 8, 85, 0, 140, 6, 916 >,
 	< 918, 76, 9, 0, 68, 122, 8, 917 >,
 	< 919, 76, 3, 92, 0, 111, 5, 918 >,
 	< 920, 76, 6, 0, 0, 197, 3, 919 >,
 	< 921, 76, 6, 59, 45, 175, 9, 920 >,
 	< 922, 76, 3, 56, 69, 191, 0, 921 >,
 	< 923, 76, 3, 0, 0, 141, 1, 922 >,
 	// order 77
 	< 924, 77, 1, 51, 47, 161, 7, -1 >,
 	< 925, 77, 6, 34, 92, 171, 4, 924 >,
 	< 926, 77, 1, 70, 0, 100, 2, 925 >,
 	< 927, 77, 9, 65, 0, 120, 6, 926 >,
 	< 928, 77, 6, 0, 0, 131, 8, 927 >,
 	< 929, 77, 9, 0, 52, 101, 5, 928 >,
 	< 930, 77, 5, 96, 0, 166, 3, 929 >,
 	< 931, 77, 2, 0, 94, 136, 9, 930 >,
 	< 932, 77, 9, 79, 70, 149, 0, 931 >,
 	< 933, 77, 5, 0, 0, 191, 1, 932 >,
 	< 934, 77, 5, 0, 36, 187, 7, 933 >,
 	< 935, 77, 4, 80, 82, 148, 4, 934 >,
 	// order 78
 	< 936, 78, 6, 64, 0, 116, 2, -1 >,
 	< 937, 78, 1, 94, 0, 177, 6, 936 >,
 	< 938, 78, 2, 40, 0, 153, 8, 937 >,
 	< 939, 78, 9, 70, 60, 186, 5, 938 >,
 	< 940, 78, 8, 0, 30, 172, 3, 939 >,
 	< 941, 78, 9, 0, 0, 131, 9, 940 >,
 	< 942, 78, 6, 42, 51, 192, 0, 941 >,
 	< 943, 78, 3, 0, 0, 141, 1, 942 >,
 	< 944, 78, 6, 0, 0, 113, 7, 943 >,
 	< 945, 78, 3, 78, 53, 146, 4, 944 >,
 	< 946, 78, 3, 0, 0, 130, 2, 945 >,
 	< 947, 78, 7, 55, 60, 145, 6, 946 >,
 	// order 79
 	< 948, 79, 3, 70, 47, 136, 8, -1 >,
 	< 949, 79, 6, 0, 0, 161, 5, 948 >,
 	< 950, 79, 7, 0, 0, 141, 3, 949 >,
 	< 951, 79, 9, 76, 0, 135, 9, 950 >,
 	< 952, 79, 3, 0, 0, 184, 0, 951 >,
 	< 953, 79, 9, 0, 0, 168, 1, 952 >,
 	< 954, 79, 9, 0, 0, 157, 7, 953 >,
 	< 955, 79, 4, 97, 0, 186, 4, 954 >,
 	< 956, 79, 8, 0, 94, 117, 2, 955 >,
 	< 957, 79, 5, 0, 87, 107, 6, 956 >,
 	< 958, 79, 10, 60, 0, 115, 8, 957 >,
 	< 959, 79, 1, 40, 0, 103, 5, 958 >,
 	// order 80
 	< 960, 80, 9, 85, 77, 168, 3, -1 >,
 	< 961, 80, 1, 33, 0, 118, 9, 960 >,
 	< 962, 80, 3, 0, 0, 180, 0, 961 >,
 	< 963, 80, 5, 0, 0, 112, 1, 962 >,
 	< 964, 80, 7, 37, 0, 199, 7, 963 >,
 	< 965, 80, 5, 60, 0, 133, 4, 964 >,
 	< 966, 80, 5, 89, 39, 198, 2, 965 >,
 	< 967, 80, 1, 0, 0, 122, 6, 966 >,
 	< 968, 80, 5, 0, 77, 148, 8, 967 >,
 	< 969, 80, 9, 62, 0, 129, 5, 968 >,
 	< 970, 80, 8, 36, 0, 182, 3, 969 >,
 	< 971, 80, 4, 76, 62, 169, 9, 970 >,
 	// order 81
 	< 972, 81, 3, 53, 67, 134, 0, -1 >,
 	< 973, 81, 7, 0, 0, 177, 1, 972 >,
 	< 974, 81, 10, 0, 0, 163, 7, 973 >,
 	< 975, 81, 2, 61, 37, 163, 4, 974 >,
 	< 976, 81, 6, 0, 71, 178, 2, 975 >,
 	< 977, 81, 8, 81, 45, 137, 6, 976 >,
 	< 978, 81, 7, 68, 0, 157, 8, 977 >,
 	< 979, 81, 5, 0, 68, 109, 5, 978 >,
 	< 980, 81, 4, 0, 86, 136, 3, 979 >,
 	< 981, 81, 9, 0, 60, 132, 9, 980 >,
 	< 982, 81, 1, 88, 0, 123, 0, 981 >,
 	< 983, 81, 10, 86, 66, 196, 1, 982 >,
 	// order 82
 	< 984, 82, 3, 57, 0, 177, 7, -1 >,
 	< 985, 82, 7, 0, 57, 133, 4, 984 >,
 	< 986, 82, 7, 67, 0, 163, 2, 985 >,
 	< 987, 82, 4, 59, 60, 109, 6, 986 >,
 	< 988, 82, 4, 51, 83, 137, 8, 987 >,
 	< 989, 82, 1, 83, 0, 113, 5, 988 >,
 	< 990, 82, 1, 0, 0, 156, 3, 989 >,
 	< 991, 82, 2, 71, 0, 100, 9, 990 >,
 	< 992, 82, 10, 0, 62, 114, 0, 991 >,
 	< 993, 82, 3, 73, 98, 137, 1, 992 >,
 	< 994, 82, 10, 0, 94, 193, 7, 993 >,
 	< 995, 82, 1, 0, 0, 131, 4, 994 >,
 	// order 83
 	< 996, 83, 4, 0, 30, 149, 2, -1 >,
 	< 997, 83, 6, 0, 0, 106, 6, 996 >,
 	< 998, 83, 3, 0, 76, 143, 8, 997 >,
 	< 999, 83, 2, 0, 90, 183, 5, 998 >,
 	< 1000, 83, 5, 0, 0, 197, 3, 999 >,
 	< 1001, 83, 8, 40, 50, 115, 9, 1000 >,
 	< 1002, 83, 7, 0, 0, 158, 0, 1001 >,
 	< 1003, 83, 9, 98, 0, 199, 1, 1002 >,
 	< 1004, 83, 10, 93, 68, 142, 7, 1003 >,
 	< 1005, 83, 7, 53, 83, 155, 4, 1004 >,
 	< 1006, 83, 1, 0, 0, 155, 2, 1005 >,
 	< 1007, 83, 10, 34, 34, 135, 6, 1006 >,
 	// order 84
 	< 1008, 84, 6, 0, 60, 116, 8, -1 >,
 	< 1009, 84, 1, 0, 87, 114, 5, 1008 >,
 	< 1010, 84, 10, 93, 0, 157, 3, 1009 >,
 	< 1011, 84, 6, 68, 0, 139, 9, 1010 >,
 	< 1012, 84, 9, 0, 72, 160, 0, 1011 >,
 	< 1013, 84, 9, 31, 73, 190, 1, 1012 >,
 	< 1014, 84, 6, 73, 0, 179, 7, 1013 >,
 	< 1015, 84, 9, 0, 0, 166, 4, 1014 >,
 	< 1016, 84, 3, 90, 72, 112, 2, 1015 >,
 	< 1017, 84, 4, 0, 57, 114, 6, 1016 >,
 	< 1018, 84, 6, 77, 52, 158, 8, 1017 >,
 	< 1019, 84, 4, 56, 0, 122, 5, 1018 >,
 	// order 85
 	< 1020, 85, 9, 0, 0, 138, 3, -1 >,
 	< 1021, 85, 10, 0, 0, 178, 9, 1020 >,
 	< 1022, 85, 7, 51, 0, 109, 0, 1021 >,
 	< 1023, 85, 3, 0, 100, 148, 1, 1022 >,
 	< 1024, 85, 5, 0, 0, 157, 7, 1023 >,
 	< 1025, 85, 5, 0, 47, 107, 4, 1024 >,
 	< 1026, 85, 8, 0, 50, 189, 2, 1025 >,
 	< 1027, 85, 4, 0, 76, 137, 6, 1026 >,
 	< 1028, 85, 3, 0, 0, 106, 8, 1027 >,
 	< 1029, 85, 3, 58, 0, 130, 5, 1028 >,
 	< 1030, 85, 6, 0, 76, 137, 3, 1029 >,
 	< 1031, 85, 4, 87, 0, 125, 9, 1030 >,
 	// order 86
 	< 1032, 86, 8, 69, 44, 149, 0, -1 >,
 	< 1033, 86, 6, 0, 0, 141, 1, 1032 >,
 	< 1034, 86, 1, 0, 84, 155, 7, 1033 >,
 	< 1035, 86, 8, 0, 0, 142, 4, 1034 >,
 	< 1036, 86, 9, 35, 0, 152, 2, 1035 >,
 	< 1037, 86, 7, 86, 40, 194, 6, 1036 >,
 	< 1038, 86, 10, 93, 0, 194, 8, 1037 >,
 	< 1039, 86, 5, 56, 71, 165, 5, 1038 >,
 	< 1040, 86, 7, 87, 0, 155, 3, 1039 >,
 	< 1041, 86, 8, 0, 0, 160, 9, 1040 >,
 	< 1042, 86, 1, 56, 0, 142, 0, 1041 >,
 	< 1043, 86, 7, 33, 0, 141, 1, 1042 >,
 	// order 87
 	< 1044, 87, 7, 0, 66, 145, 7, -1 >,
 	< 1045, 87, 6, 0, 0, 184, 4, 1044 >,
 	< 1046, 87, 1, 0, 66, 185, 2, 1045 >,
 	< 1047, 87, 2, 0, 0, 134, 6, 1046 >,
 	< 1048, 87, 3, 0, 0, 167, 8, 1047 >,
 	< 1049, 87, 5, 96, 0, 118, 5, 1048 >,
 	< 1050, 87, 6, 0, 0, 178, 3, 1049 >,
 	< 1051, 87, 7, 0, 0, 189, 9, 1050 >,
 	< 1052, 87, 7, 60, 0, 172, 0, 1051 >,
 	< 1053, 87, 5, 50, 0, 148, 1, 1052 >,
 	< 1054, 87, 1, 0, 41, 121, 7, 1053 >,
 	< 1055, 87, 6, 0, 98, 140, 4, 1054 >,
 	// order 88
 	< 1056, 88, 1, 61, 32, 133, 2, -1 >,
 	< 1057, 88, 6, 69, 0, 151, 6, 1056 >,
 	< 1058, 88, 7, 0, 68, 158, 8, 1057 >,
 	< 1059, 88, 7, 70, 47, 138, 5, 1058 >,
 	< 1060, 88, 4, 0, 57, 165, 3, 1059 >,
 	< 1061, 88, 4, 84, 0, 185, 9, 1060 >,
 	< 1062, 88, 4, 0, 36, 119, 0, 1061 >,
 	< 1063, 88, 9, 0, 0, 182, 1, 1062 >,
 	< 1064, 88, 9, 85, 55, 198, 7, 1063 >,
 	< 1065, 88, 6, 74, 58, 119, 4, 1064 >,
 	< 1066, 88, 3, 0, 42, 137, 2, 1065 >,
 	< 1067, 88, 7, 78, 0, 107, 6, 1066 >,
 	// order 89
 	< 1068, 89, 8, 76, 0, 100, 8, -1 >,
 	< 1069, 89, 1, 0, 0, 185, 5, 1068 >,
 	< 1070, 89, 7, 0, 59, 164, 3, 1069 >,
 	< 1071, 89, 7, 0, 58, 107, 9, 1070 >,
 	< 1072, 89, 8, 0, 100, 165, 0, 1071 >,
 	< 1073, 89, 1, 46, 88, 116, 1, 1072 >,
 	< 1074, 89, 7, 71, 97, 190, 7, 1073 >,
 	< 1075, 89, 4, 0, 64, 115, 4, 1074 >,
 	< 1076, 89, 3, 83, 0, 137, 2, 1075 >,
 	< 1077, 89, 8, 0, 48, 113, 6, 1076 >,
 	< 1078, 89, 3, 62, 90, 190, 8, 1077 >,
 	< 1079, 89, 1, 0, 0, 185, 5, 1078 >,
 	// order 90
 	< 1080, 90, 6, 78, 62, 130, 3, -1 >,
 	< 1081, 90, 7, 79, 67, 144, 9, 1080 >,
 	< 1082, 90, 6, 30, 46, 163, 0, 1081 >,
 	< 1083, 90, 8, 0, 0, 134, 1, 1082 >,
 	< 1084, 90, 6, 0, 0, 111, 7, 1083 >,
 	< 1085, 90, 2, 37, 0, 130, 4, 1084 >,
 	< 1086, 90, 8, 75, 76, 130, 2, 1085 >,
 	< 1087, 90, 8, 34, 0, 132, 6, 1086 >,
 	< 1088, 90, 9, 0, 87, 101, 8, 1087 >,
 	< 1089, 90, 9, 94, 57, 157, 5, 1088 >,
 	< 1090, 90, 10, 44, 0, 165, 3, 1089 >,
 	< 1091, 90, 6, 0, 0, 175, 9, 1090 >,
 	// order 91
 	< 1092, 91, 6, 65, 71, 194, 0, -1 >,
 	< 1093, 91, 10, 0, 61, 107, 1, 1092 >,
 	< 1094, 91, 7, 0, 63, 108, 7, 1093 >,
 	< 1095, 91, 5, 37, 0, 107, 4, 1094 >,
 	< 1096, 91, 3, 0, 42, 190, 2, 1095 >,
 	< 1097, 91, 1, 0, 76, 125, 6, 1096 >,
 	< 1098, 91, 3, 53, 41, 198, 8, 1097 >,
 	< 1099, 91, 9, 0, 0, 187, 5, 1098 >,
 	< 1100, 91, 5, 0, 0, 131, 3, 1099 >,
 	< 1101, 91, 10, 80, 95, 122, 9, 1100 >,
 	< 1102, 91, 10, 0, 77, 137, 0, 1101 >,
 	< 1103, 91, 4, 73, 94, 157, 1, 1102 >,
 	// order 92
 	< 1104, 92, 7, 44, 83, 176, 7, -1 >,
 	< 1105, 92, 2, 0, 0, 161, 4, 1104 >,
 	< 1106, 92, 4, 0, 0, 158, 2, 1105 >,
 	< 1107, 92, 10, 0, 47, 103, 6, 1106 >,
 	< 1108, 92, 4, 80, 0, 133, 8, 1107 >,
 	< 1109, 92, 10, 76, 0, 181, 5, 1108 >,
 	< 1110, 92, 4, 0, 41, 129, 3, 1109 >,
 	< 1111, 92, 9, 0, 0, 145, 9, 1110 >,
 	< 1112, 92, 2, 0, 59, 182, 0, 1111 >,
 	< 1113, 92, 7, 45, 0, 109, 1, 1112 >,
 	< 1114, 92, 5, 0, 55, 165, 7, 1113 >,
 	< 1115, 92, 6, 99, 91, 190, 4, 1114 >,
 	// order 93
 	< 1116, 93, 8, 0, 66, 172, 2, -1 >,
 	< 1117, 93, 5, 90, 0, 178, 6, 1116 >,
 	< 1118, 93, 7, 0, 0, 106, 8, 1117 >,
 	< 1119, 93, 10, 50, 88, 182, 5, 1118 >,
 	< 1120, 93, 8, 0, 98, 156, 3, 1119 >,
 	< 1121, 93, 5, 93, 59, 183, 9, 1120 >,
 	< 1122, 93, 8, 0, 60, 100, 0, 1121 >,
 	< 1123, 93, 8, 36, 0, 167, 1, 1122 >,
 	< 1124, 93, 4, 0, 0, 175, 7, 1123 >,
 	< 1125, 93, 2, 51, 87, 159, 4, 1124 >,
 	< 1126, 93, 1, 33, 0, 126, 2, 1125 >,
 	< 1127, 93, 6, 97, 0, 157, 6, 1126 >,
 	// order 94
 	< 1128, 94, 10, 0, 97, 195, 8, -1 >,
 	< 1129, 94, 10, 75, 99, 139, 5, 1128 >,
 	< 1130, 94, 9, 40, 0, 110, 3, 1129 >,
 	< 1131, 94, 3, 0, 0, 160, 9, 1130 >,
 	< 1132, 94, 6, 0, 88, 175, 0, 1131 >,
 	< 1133, 94, 10, 0, 0, 116, 1, 1132 >,
 	< 1134, 94, 5, 97, 75, 172, 7, 1133 >,
 	< 1135, 94, 1, 56, 43, 122, 4, 1134 >,
 	< 1136, 94, 7, 89, 0, 127, 2, 1135 >,
 	< 1137, 94, 2, 86, 0, 129, 6, 1136 >,
 	< 1138, 94, 6, 79, 0, 177, 8, 1137 >,
 	< 1139, 94, 6, 44, 89, 121, 5, 1138 >,
 	// order 95
 	< 1140, 95, 5, 0, 0, 143, 3, -1 >,
 	< 1141, 95, 1, 60, 0, 141, 9, 1140 >,
 	< 1142, 95, 9, 0, 0, 138, 0, 1141 >,
 	< 1143, 95, 9, 0, 74, 147, 1, 1142 >,
 	< 1144, 95, 9, 0, 30, 116, 7, 1143 >,
 	< 1145, 95, 4, 0, 0, 160, 4, 1144 >,
 	< 1146, 95, 10, 89, 0, 184, 2, 1145 >,
 	< 1147, 95, 4, 0, 0, 132, 6, 1146 >,
 	< 1148, 95, 9, 48, 0, 147, 8, 1147 >,
 	< 1149, 95, 6, 59, 0, 128, 5, 1148 >,
 	< 1150, 95, 4, 0, 0, 157, 3, 1149 >,
 	< 1151, 95, 3, 36, 73, 148, 9, 1150 >,
 	// order 96
 	< 1152, 96, 4, 30, 56, 147, 0, -1 >,
 	< 1153, 96, 7, 80, 93, 137, 1, 1152 >,
 	< 1154, 96, 8, 0, 0, 186, 7, 1153 >,
 	< 1155, 96, 3, 83, 0, 125, 4, 1154 >,
 	< 1156, 96, 8, 0, 0, 177, 2, 1155 >,
 	< 1157, 96, 5, 31, 60, 174, 6, 1156 >,
 	< 1158, 96, 8, 0, 31, 120, 8, 1157 >,
 	< 1159, 96, 8, 0, 100, 184, 5, 1158 >,
 	< 1160, 96, 2, 73, 0, 196, 3, 1159 >,
 	< 1161, 96, 5, 0, 0, 137, 9, 1160 >,
 	< 1162, 96, 6, 0, 68, 123, 0, 1161 >,
 	< 1163, 96, 6, 0, 40, 193, 1, 1162 >,
 	// order 97
 	< 1164, 97, 9, 99, 0, 183, 7, -1 >,
 	< 1165, 97, 2, 100, 0, 191, 4, 1164 >,
 	< 1166, 97, 1, 98, 46, 107, 2, 1165 >,
 	< 1167, 97, 1, 84, 100, 126, 6, 1166 >,
 	< 1168, 97, 6, 0, 56, 186, 8, 1167 >,
 	< 1169, 97, 9, 0, 0, 177, 5, 1168 >,
 	< 1170, 97, 10, 0, 37, 117, 3, 1169 >,
 	< 1171, 97, 3, 0, 45, 199, 9, 1170 >,
 	< 1172, 97, 5, 0, 49, 168, 0, 1171 >,
 	< 1173, 97, 5, 0, 0, 115, 1, 1172 >,
 	< 1174, 97, 6, 36, 0, 193, 7, 1173 >,
 	< 1175, 97, 7, 0, 56, 146, 4, 1174 >,
 	// order 98
 	< 1176, 98, 4, 0, 71, 113, 2, -1 >,
 	< 1177, 98, 2, 38, 34, 187, 6, 1176 >,
 	< 1178, 98, 6, 68, 68, 200, 8, 1177 >,
 	< 1179, 98, 1, 46, 82, 155, 5, 1178 >,
 	< 1180, 98, 4, 94, 92, 192, 3, 1179 >,
 	< 1181, 98, 5, 0, 0, 106, 9, 1180 >,
 	< 1182, 98, 4, 90, 78, 142, 0, 1181 >,
 	< 1183, 98, 2, 0, 0, 147, 1, 1182 >,
 	< 1184, 98, 3, 0, 35, 154, 7, 1183 >,
 	< 1185, 98, 5, 0, 37, 180, 4, 1184 >,
 	< 1186, 98, 2, 0, 70, 121, 2, 1185 >,
 	< 1187, 98, 7, 0, 0, 176, 6, 1186 >,
 	// order 99
 	< 1188, 99, 3, 0, 0, 140, 8, -1 >,
 	< 1189, 99, 6, 0, 99, 162, 5, 1188 >,
 	< 1190, 99, 4, 90, 0, 168, 3, 1189 >,
 	< 1191, 99, 3, 0, 0, 199, 9, 1190 >,
 	< 1192, 99, 9, 0, 0, 153, 0, 1191 >,
 	< 1193, 99, 9, 76, 88, 133, 1, 1192 >,
 	< 1194, 99, 3, 31, 0, 176, 7, 1193 >,
 	< 1195, 99, 3, 0, 0, 122, 4, 1194 >,
 	< 1196, 99, 9, 0, 94, 152, 2, 1195 >,
 	< 1197, 99, 8, 0, 97, 195, 6, 1196 >,
 	< 1198, 99, 9, 0, 0, 119, 8, 1197 >,
 	< 1199, 99, 7, 0, 0, 138, 5, 1198 >
 };
