/*********************************************
 * OPL 12.10.0.0 Data
 * Author: Kinast
 * Creation date: Aug 17, 2021 at 11:50:14 AM
 *********************************************/

 nOrders = 100;
 nTasks = 1200;

 nWorkgroups = 10;
 nWorkstations = 50;

 nCobots = 0;
 cobotTimeFactor = 0.7;

 workstations = {
 	< 0, "Workstation 0", 0, 0.91, 1.14, 1, 1 >,
 	< 1, "Workstation 1", 1, 1.17, 1.16, 1, 5 >,
 	< 2, "Workstation 2", 2, 0.91, 0.95, 1, 4 >,
 	< 3, "Workstation 3", 3, 1.24, 1.06, 1, 1 >,
 	< 4, "Workstation 4", 2, 1.06, 0.88, 1, 3 >,
 	< 5, "Workstation 5", 4, 0.96, 1.05, 1, 4 >,
 	< 6, "Workstation 6", 2, 1.17, 1.24, 1, 2 >,
 	< 7, "Workstation 7", 1, 1.13, 0.97, 1, 1 >,
 	< 8, "Workstation 8", 5, 1.16, 0.84, 1, 1 >,
 	< 9, "Workstation 9", 6, 0.92, 1.24, 1, 1 >,
 	< 10, "Workstation 10", 5, 1.13, 0.94, 1, 1 >,
 	< 11, "Workstation 11", 7, 0.9, 1.2, 1, 4 >,
 	< 12, "Workstation 12", 3, 1.21, 0.9, 1, 1 >,
 	< 13, "Workstation 13", 2, 1.16, 1.14, 1, 2 >,
 	< 14, "Workstation 14", 0, 1.11, 0.85, 1, 1 >,
 	< 15, "Workstation 15", 6, 0.81, 0.84, 1, 1 >,
 	< 16, "Workstation 16", 8, 1.03, 0.91, 1, 5 >,
 	< 17, "Workstation 17", 7, 0.95, 1.11, 1, 1 >,
 	< 18, "Workstation 18", 9, 1.01, 0.86, 1, 3 >,
 	< 19, "Workstation 19", 8, 1.08, 1.07, 1, 1 >,
 	< 20, "Workstation 20", 8, 1.16, 1, 1, 5 >,
 	< 21, "Workstation 21", 5, 0.83, 0.89, 1, 4 >,
 	< 22, "Workstation 22", 5, 1.14, 0.79, 1, 2 >,
 	< 23, "Workstation 23", 6, 1.09, 1.06, 1, 1 >,
 	< 24, "Workstation 24", 0, 0.79, 0.92, 1, 3 >,
 	< 25, "Workstation 25", 4, 0.78, 0.85, 1, 4 >,
 	< 26, "Workstation 26", 2, 1.17, 1.09, 1, 1 >,
 	< 27, "Workstation 27", 1, 1.16, 0.96, 1, 1 >,
 	< 28, "Workstation 28", 4, 1.16, 0.95, 1, 1 >,
 	< 29, "Workstation 29", 1, 0.9, 0.81, 1, 1 >,
 	< 30, "Workstation 30", 3, 1.21, 1.1, 1, 1 >,
 	< 31, "Workstation 31", 9, 1.05, 1.17, 1, 4 >,
 	< 32, "Workstation 32", 6, 0.99, 0.86, 1, 1 >,
 	< 33, "Workstation 33", 7, 1.14, 0.93, 1, 1 >,
 	< 34, "Workstation 34", 9, 1.13, 1.03, 1, 1 >,
 	< 35, "Workstation 35", 8, 1.14, 1.24, 1, 1 >,
 	< 36, "Workstation 36", 8, 1.19, 0.91, 1, 1 >,
 	< 37, "Workstation 37", 4, 0.81, 0.82, 1, 1 >,
 	< 38, "Workstation 38", 4, 0.93, 1.18, 1, 1 >,
 	< 39, "Workstation 39", 3, 0.93, 0.88, 1, 4 >,
 	< 40, "Workstation 40", 1, 1.03, 0.91, 1, 1 >,
 	< 41, "Workstation 41", 0, 1.17, 1.02, 1, 1 >,
 	< 42, "Workstation 42", 9, 0.77, 1.24, 1, 2 >,
 	< 43, "Workstation 43", 7, 0.99, 0.91, 1, 4 >,
 	< 44, "Workstation 44", 5, 0.92, 0.87, 1, 2 >,
 	< 45, "Workstation 45", 7, 1.07, 1.16, 1, 1 >,
 	< 46, "Workstation 46", 6, 0.87, 1.24, 1, 1 >,
 	< 47, "Workstation 47", 0, 0.94, 1.14, 1, 1 >,
 	< 48, "Workstation 48", 3, 0.87, 1.23, 1, 1 >,
 	< 49, "Workstation 49", 9, 1.25, 0.85, 1, 4 >
 };

 tasks = {
 	// order 0
 	< 0, 0, 2, 0, 0, 177, 1, -1 >,
 	< 1, 0, 3, 38, 0, 162, 6, 0 >,
 	< 2, 0, 5, 54, 55, 185, 9, 1 >,
 	< 3, 0, 8, 0, 0, 131, 8, 2 >,
 	< 4, 0, 2, 0, 0, 110, 5, 3 >,
 	< 5, 0, 6, 0, 47, 162, 7, 4 >,
 	< 6, 0, 2, 86, 38, 171, 4, 5 >,
 	< 7, 0, 7, 0, 0, 175, 3, 6 >,
 	< 8, 0, 1, 0, 0, 132, 2, 7 >,
 	< 9, 0, 3, 31, 0, 117, 0, 8 >,
 	< 10, 0, 6, 63, 64, 140, 1, 9 >,
 	< 11, 0, 9, 0, 49, 153, 6, 10 >,
 	// order 1
 	< 12, 1, 7, 0, 65, 116, 9, -1 >,
 	< 13, 1, 7, 39, 0, 200, 8, 12 >,
 	< 14, 1, 8, 66, 0, 145, 5, 13 >,
 	< 15, 1, 10, 0, 30, 141, 7, 14 >,
 	< 16, 1, 6, 0, 76, 176, 4, 15 >,
 	< 17, 1, 7, 0, 0, 134, 3, 16 >,
 	< 18, 1, 3, 0, 84, 169, 2, 17 >,
 	< 19, 1, 1, 77, 41, 158, 0, 18 >,
 	< 20, 1, 1, 86, 0, 185, 1, 19 >,
 	< 21, 1, 1, 59, 0, 147, 6, 20 >,
 	< 22, 1, 9, 91, 100, 166, 9, 21 >,
 	< 23, 1, 8, 0, 65, 143, 8, 22 >,
 	// order 2
 	< 24, 2, 4, 97, 30, 103, 5, -1 >,
 	< 25, 2, 9, 0, 48, 139, 7, 24 >,
 	< 26, 2, 6, 0, 0, 165, 4, 25 >,
 	< 27, 2, 3, 0, 79, 172, 3, 26 >,
 	< 28, 2, 9, 0, 62, 175, 2, 27 >,
 	< 29, 2, 9, 79, 0, 181, 0, 28 >,
 	< 30, 2, 7, 76, 0, 175, 1, 29 >,
 	< 31, 2, 2, 69, 31, 111, 6, 30 >,
 	< 32, 2, 2, 0, 0, 142, 9, 31 >,
 	< 33, 2, 1, 0, 54, 142, 8, 32 >,
 	< 34, 2, 3, 0, 0, 179, 5, 33 >,
 	< 35, 2, 7, 0, 65, 188, 7, 34 >,
 	// order 3
 	< 36, 3, 2, 0, 0, 188, 4, -1 >,
 	< 37, 3, 1, 66, 49, 160, 3, 36 >,
 	< 38, 3, 6, 0, 98, 168, 2, 37 >,
 	< 39, 3, 7, 38, 32, 165, 0, 38 >,
 	< 40, 3, 5, 0, 0, 198, 1, 39 >,
 	< 41, 3, 6, 0, 91, 153, 6, 40 >,
 	< 42, 3, 8, 0, 0, 168, 9, 41 >,
 	< 43, 3, 7, 98, 0, 111, 8, 42 >,
 	< 44, 3, 6, 45, 0, 192, 5, 43 >,
 	< 45, 3, 8, 0, 0, 128, 7, 44 >,
 	< 46, 3, 4, 0, 93, 126, 4, 45 >,
 	< 47, 3, 5, 0, 83, 180, 3, 46 >,
 	// order 4
 	< 48, 4, 10, 51, 30, 175, 2, -1 >,
 	< 49, 4, 9, 0, 0, 126, 0, 48 >,
 	< 50, 4, 3, 75, 0, 101, 1, 49 >,
 	< 51, 4, 1, 0, 0, 127, 6, 50 >,
 	< 52, 4, 5, 97, 0, 106, 9, 51 >,
 	< 53, 4, 5, 70, 95, 188, 8, 52 >,
 	< 54, 4, 5, 40, 0, 137, 5, 53 >,
 	< 55, 4, 6, 0, 0, 121, 7, 54 >,
 	< 56, 4, 5, 0, 0, 198, 4, 55 >,
 	< 57, 4, 1, 0, 68, 157, 3, 56 >,
 	< 58, 4, 9, 0, 0, 181, 2, 57 >,
 	< 59, 4, 5, 0, 0, 195, 0, 58 >,
 	// order 5
 	< 60, 5, 4, 0, 0, 131, 1, -1 >,
 	< 61, 5, 2, 0, 0, 117, 6, 60 >,
 	< 62, 5, 9, 0, 63, 101, 9, 61 >,
 	< 63, 5, 5, 92, 0, 187, 8, 62 >,
 	< 64, 5, 5, 0, 35, 105, 5, 63 >,
 	< 65, 5, 9, 0, 97, 175, 7, 64 >,
 	< 66, 5, 6, 68, 96, 142, 4, 65 >,
 	< 67, 5, 2, 0, 0, 190, 3, 66 >,
 	< 68, 5, 3, 0, 86, 127, 2, 67 >,
 	< 69, 5, 8, 35, 61, 133, 0, 68 >,
 	< 70, 5, 5, 70, 37, 198, 1, 69 >,
 	< 71, 5, 4, 0, 0, 116, 6, 70 >,
 	// order 6
 	< 72, 6, 2, 0, 76, 116, 9, -1 >,
 	< 73, 6, 8, 68, 47, 181, 8, 72 >,
 	< 74, 6, 9, 0, 59, 116, 5, 73 >,
 	< 75, 6, 2, 52, 35, 144, 7, 74 >,
 	< 76, 6, 6, 0, 0, 106, 4, 75 >,
 	< 77, 6, 10, 0, 61, 189, 3, 76 >,
 	< 78, 6, 9, 82, 0, 193, 2, 77 >,
 	< 79, 6, 3, 0, 0, 200, 0, 78 >,
 	< 80, 6, 3, 97, 0, 152, 1, 79 >,
 	< 81, 6, 7, 0, 62, 195, 6, 80 >,
 	< 82, 6, 8, 91, 0, 108, 9, 81 >,
 	< 83, 6, 8, 49, 37, 177, 8, 82 >,
 	// order 7
 	< 84, 7, 8, 40, 0, 196, 5, -1 >,
 	< 85, 7, 2, 73, 0, 190, 7, 84 >,
 	< 86, 7, 1, 52, 68, 148, 4, 85 >,
 	< 87, 7, 4, 60, 32, 155, 3, 86 >,
 	< 88, 7, 9, 56, 48, 165, 2, 87 >,
 	< 89, 7, 3, 0, 69, 100, 0, 88 >,
 	< 90, 7, 3, 0, 87, 183, 1, 89 >,
 	< 91, 7, 6, 0, 53, 198, 6, 90 >,
 	< 92, 7, 1, 88, 83, 154, 9, 91 >,
 	< 93, 7, 3, 0, 0, 116, 8, 92 >,
 	< 94, 7, 4, 44, 64, 200, 5, 93 >,
 	< 95, 7, 10, 96, 0, 112, 7, 94 >,
 	// order 8
 	< 96, 8, 10, 0, 36, 122, 4, -1 >,
 	< 97, 8, 8, 65, 0, 198, 3, 96 >,
 	< 98, 8, 2, 70, 93, 156, 2, 97 >,
 	< 99, 8, 5, 37, 0, 111, 0, 98 >,
 	< 100, 8, 7, 0, 64, 125, 1, 99 >,
 	< 101, 8, 10, 0, 73, 155, 6, 100 >,
 	< 102, 8, 8, 0, 39, 129, 9, 101 >,
 	< 103, 8, 2, 0, 88, 159, 8, 102 >,
 	< 104, 8, 8, 0, 0, 119, 5, 103 >,
 	< 105, 8, 1, 100, 60, 150, 7, 104 >,
 	< 106, 8, 5, 51, 0, 131, 4, 105 >,
 	< 107, 8, 1, 72, 81, 136, 3, 106 >,
 	// order 9
 	< 108, 9, 7, 59, 0, 170, 2, -1 >,
 	< 109, 9, 8, 72, 0, 101, 0, 108 >,
 	< 110, 9, 10, 0, 0, 137, 1, 109 >,
 	< 111, 9, 6, 0, 62, 162, 6, 110 >,
 	< 112, 9, 1, 58, 0, 115, 9, 111 >,
 	< 113, 9, 10, 90, 45, 114, 8, 112 >,
 	< 114, 9, 9, 36, 0, 107, 5, 113 >,
 	< 115, 9, 4, 87, 0, 191, 7, 114 >,
 	< 116, 9, 3, 0, 0, 149, 4, 115 >,
 	< 117, 9, 5, 92, 84, 186, 3, 116 >,
 	< 118, 9, 5, 0, 0, 173, 2, 117 >,
 	< 119, 9, 7, 0, 49, 147, 0, 118 >,
 	// order 10
 	< 120, 10, 1, 93, 0, 127, 1, -1 >,
 	< 121, 10, 2, 0, 0, 120, 6, 120 >,
 	< 122, 10, 4, 0, 0, 170, 9, 121 >,
 	< 123, 10, 2, 81, 57, 162, 8, 122 >,
 	< 124, 10, 8, 0, 46, 105, 5, 123 >,
 	< 125, 10, 4, 79, 0, 136, 7, 124 >,
 	< 126, 10, 6, 81, 0, 134, 4, 125 >,
 	< 127, 10, 4, 0, 0, 163, 3, 126 >,
 	< 128, 10, 8, 0, 53, 169, 2, 127 >,
 	< 129, 10, 4, 58, 30, 164, 0, 128 >,
 	< 130, 10, 10, 93, 67, 108, 1, 129 >,
 	< 131, 10, 2, 90, 0, 161, 6, 130 >,
 	// order 11
 	< 132, 11, 5, 0, 73, 150, 9, -1 >,
 	< 133, 11, 5, 55, 77, 134, 8, 132 >,
 	< 134, 11, 1, 51, 34, 112, 5, 133 >,
 	< 135, 11, 10, 0, 92, 169, 7, 134 >,
 	< 136, 11, 6, 0, 94, 174, 4, 135 >,
 	< 137, 11, 10, 0, 0, 140, 3, 136 >,
 	< 138, 11, 6, 39, 83, 148, 2, 137 >,
 	< 139, 11, 1, 34, 0, 144, 0, 138 >,
 	< 140, 11, 2, 76, 47, 169, 1, 139 >,
 	< 141, 11, 8, 0, 0, 174, 6, 140 >,
 	< 142, 11, 4, 0, 86, 167, 9, 141 >,
 	< 143, 11, 5, 72, 30, 109, 8, 142 >,
 	// order 12
 	< 144, 12, 7, 0, 62, 152, 5, -1 >,
 	< 145, 12, 5, 70, 0, 109, 7, 144 >,
 	< 146, 12, 5, 61, 71, 171, 4, 145 >,
 	< 147, 12, 9, 33, 0, 123, 3, 146 >,
 	< 148, 12, 1, 43, 57, 103, 2, 147 >,
 	< 149, 12, 1, 0, 0, 122, 0, 148 >,
 	< 150, 12, 4, 0, 0, 149, 1, 149 >,
 	< 151, 12, 8, 56, 44, 180, 6, 150 >,
 	< 152, 12, 5, 0, 95, 151, 9, 151 >,
 	< 153, 12, 3, 0, 0, 177, 8, 152 >,
 	< 154, 12, 2, 80, 91, 165, 5, 153 >,
 	< 155, 12, 6, 92, 0, 145, 7, 154 >,
 	// order 13
 	< 156, 13, 10, 95, 38, 109, 4, -1 >,
 	< 157, 13, 1, 0, 91, 146, 3, 156 >,
 	< 158, 13, 10, 56, 32, 102, 2, 157 >,
 	< 159, 13, 3, 0, 0, 174, 0, 158 >,
 	< 160, 13, 1, 0, 0, 129, 1, 159 >,
 	< 161, 13, 7, 63, 37, 121, 6, 160 >,
 	< 162, 13, 5, 83, 92, 109, 9, 161 >,
 	< 163, 13, 8, 59, 0, 128, 8, 162 >,
 	< 164, 13, 2, 76, 0, 187, 5, 163 >,
 	< 165, 13, 5, 0, 70, 136, 7, 164 >,
 	< 166, 13, 9, 0, 94, 134, 4, 165 >,
 	< 167, 13, 10, 65, 0, 162, 3, 166 >,
 	// order 14
 	< 168, 14, 2, 76, 53, 108, 2, -1 >,
 	< 169, 14, 5, 96, 0, 146, 0, 168 >,
 	< 170, 14, 7, 62, 53, 136, 1, 169 >,
 	< 171, 14, 3, 39, 0, 122, 6, 170 >,
 	< 172, 14, 6, 78, 33, 199, 9, 171 >,
 	< 173, 14, 6, 0, 0, 130, 8, 172 >,
 	< 174, 14, 10, 38, 0, 125, 5, 173 >,
 	< 175, 14, 7, 85, 42, 169, 7, 174 >,
 	< 176, 14, 4, 41, 0, 124, 4, 175 >,
 	< 177, 14, 1, 0, 50, 176, 3, 176 >,
 	< 178, 14, 4, 0, 47, 179, 2, 177 >,
 	< 179, 14, 3, 31, 0, 138, 0, 178 >,
 	// order 15
 	< 180, 15, 8, 0, 0, 173, 1, -1 >,
 	< 181, 15, 4, 0, 0, 107, 6, 180 >,
 	< 182, 15, 7, 98, 0, 122, 9, 181 >,
 	< 183, 15, 6, 0, 66, 142, 8, 182 >,
 	< 184, 15, 9, 66, 93, 154, 5, 183 >,
 	< 185, 15, 6, 0, 0, 115, 7, 184 >,
 	< 186, 15, 5, 0, 83, 149, 4, 185 >,
 	< 187, 15, 8, 48, 60, 184, 3, 186 >,
 	< 188, 15, 9, 96, 78, 180, 2, 187 >,
 	< 189, 15, 3, 0, 0, 103, 0, 188 >,
 	< 190, 15, 9, 53, 0, 160, 1, 189 >,
 	< 191, 15, 9, 0, 0, 162, 6, 190 >,
 	// order 16
 	< 192, 16, 2, 42, 0, 161, 9, -1 >,
 	< 193, 16, 3, 44, 60, 159, 8, 192 >,
 	< 194, 16, 10, 0, 0, 159, 5, 193 >,
 	< 195, 16, 10, 0, 86, 122, 7, 194 >,
 	< 196, 16, 8, 0, 0, 177, 4, 195 >,
 	< 197, 16, 2, 74, 68, 190, 3, 196 >,
 	< 198, 16, 10, 37, 0, 126, 2, 197 >,
 	< 199, 16, 9, 62, 0, 159, 0, 198 >,
 	< 200, 16, 10, 70, 88, 108, 1, 199 >,
 	< 201, 16, 6, 82, 0, 142, 6, 200 >,
 	< 202, 16, 3, 0, 91, 185, 9, 201 >,
 	< 203, 16, 7, 0, 0, 198, 8, 202 >,
 	// order 17
 	< 204, 17, 7, 0, 83, 150, 5, -1 >,
 	< 205, 17, 8, 38, 80, 120, 7, 204 >,
 	< 206, 17, 8, 0, 0, 125, 4, 205 >,
 	< 207, 17, 2, 84, 32, 105, 3, 206 >,
 	< 208, 17, 10, 47, 0, 165, 2, 207 >,
 	< 209, 17, 6, 0, 0, 141, 0, 208 >,
 	< 210, 17, 3, 0, 0, 135, 1, 209 >,
 	< 211, 17, 10, 95, 35, 111, 6, 210 >,
 	< 212, 17, 3, 0, 31, 109, 9, 211 >,
 	< 213, 17, 7, 0, 0, 168, 8, 212 >,
 	< 214, 17, 8, 0, 62, 108, 5, 213 >,
 	< 215, 17, 10, 52, 0, 129, 7, 214 >,
 	// order 18
 	< 216, 18, 9, 0, 92, 141, 4, -1 >,
 	< 217, 18, 5, 56, 48, 142, 3, 216 >,
 	< 218, 18, 3, 78, 87, 159, 2, 217 >,
 	< 219, 18, 1, 40, 73, 152, 0, 218 >,
 	< 220, 18, 5, 53, 0, 184, 1, 219 >,
 	< 221, 18, 3, 0, 0, 152, 6, 220 >,
 	< 222, 18, 6, 46, 68, 159, 9, 221 >,
 	< 223, 18, 5, 44, 0, 113, 8, 222 >,
 	< 224, 18, 9, 0, 0, 112, 5, 223 >,
 	< 225, 18, 2, 49, 0, 162, 7, 224 >,
 	< 226, 18, 6, 0, 46, 159, 4, 225 >,
 	< 227, 18, 3, 0, 0, 104, 3, 226 >,
 	// order 19
 	< 228, 19, 1, 0, 0, 101, 2, -1 >,
 	< 229, 19, 10, 60, 0, 184, 0, 228 >,
 	< 230, 19, 3, 74, 0, 195, 1, 229 >,
 	< 231, 19, 5, 0, 46, 104, 6, 230 >,
 	< 232, 19, 3, 0, 0, 199, 9, 231 >,
 	< 233, 19, 2, 30, 0, 100, 8, 232 >,
 	< 234, 19, 1, 0, 0, 124, 5, 233 >,
 	< 235, 19, 4, 40, 0, 168, 7, 234 >,
 	< 236, 19, 8, 0, 79, 172, 4, 235 >,
 	< 237, 19, 8, 0, 0, 200, 3, 236 >,
 	< 238, 19, 3, 0, 0, 176, 2, 237 >,
 	< 239, 19, 9, 51, 86, 185, 0, 238 >,
 	// order 20
 	< 240, 20, 2, 0, 0, 190, 1, -1 >,
 	< 241, 20, 5, 0, 0, 143, 6, 240 >,
 	< 242, 20, 10, 46, 86, 124, 9, 241 >,
 	< 243, 20, 9, 92, 0, 151, 8, 242 >,
 	< 244, 20, 6, 0, 84, 162, 5, 243 >,
 	< 245, 20, 8, 96, 0, 152, 7, 244 >,
 	< 246, 20, 4, 66, 51, 106, 4, 245 >,
 	< 247, 20, 4, 0, 0, 128, 3, 246 >,
 	< 248, 20, 3, 0, 0, 106, 2, 247 >,
 	< 249, 20, 6, 71, 88, 195, 0, 248 >,
 	< 250, 20, 10, 0, 0, 135, 1, 249 >,
 	< 251, 20, 3, 0, 0, 159, 6, 250 >,
 	// order 21
 	< 252, 21, 8, 0, 64, 119, 9, -1 >,
 	< 253, 21, 10, 87, 98, 149, 8, 252 >,
 	< 254, 21, 2, 0, 59, 101, 5, 253 >,
 	< 255, 21, 3, 0, 0, 192, 7, 254 >,
 	< 256, 21, 2, 40, 0, 112, 4, 255 >,
 	< 257, 21, 4, 48, 41, 149, 3, 256 >,
 	< 258, 21, 9, 81, 50, 171, 2, 257 >,
 	< 259, 21, 8, 0, 0, 147, 0, 258 >,
 	< 260, 21, 8, 0, 32, 164, 1, 259 >,
 	< 261, 21, 5, 0, 100, 111, 6, 260 >,
 	< 262, 21, 10, 0, 0, 141, 9, 261 >,
 	< 263, 21, 10, 0, 0, 136, 8, 262 >,
 	// order 22
 	< 264, 22, 9, 0, 0, 187, 5, -1 >,
 	< 265, 22, 6, 0, 49, 176, 7, 264 >,
 	< 266, 22, 9, 0, 0, 145, 4, 265 >,
 	< 267, 22, 2, 61, 0, 182, 3, 266 >,
 	< 268, 22, 6, 0, 0, 185, 2, 267 >,
 	< 269, 22, 1, 96, 0, 151, 0, 268 >,
 	< 270, 22, 6, 52, 48, 152, 1, 269 >,
 	< 271, 22, 5, 0, 0, 114, 6, 270 >,
 	< 272, 22, 10, 0, 0, 142, 9, 271 >,
 	< 273, 22, 4, 69, 79, 167, 8, 272 >,
 	< 274, 22, 8, 87, 0, 109, 5, 273 >,
 	< 275, 22, 6, 92, 0, 125, 7, 274 >,
 	// order 23
 	< 276, 23, 8, 66, 36, 161, 4, -1 >,
 	< 277, 23, 5, 0, 85, 102, 3, 276 >,
 	< 278, 23, 1, 0, 0, 149, 2, 277 >,
 	< 279, 23, 4, 0, 37, 114, 0, 278 >,
 	< 280, 23, 6, 0, 0, 138, 1, 279 >,
 	< 281, 23, 8, 90, 0, 162, 6, 280 >,
 	< 282, 23, 8, 68, 0, 185, 9, 281 >,
 	< 283, 23, 4, 99, 0, 132, 8, 282 >,
 	< 284, 23, 8, 0, 0, 171, 5, 283 >,
 	< 285, 23, 10, 83, 0, 150, 7, 284 >,
 	< 286, 23, 6, 38, 85, 191, 4, 285 >,
 	< 287, 23, 8, 78, 0, 124, 3, 286 >,
 	// order 24
 	< 288, 24, 4, 40, 36, 110, 2, -1 >,
 	< 289, 24, 5, 75, 65, 136, 0, 288 >,
 	< 290, 24, 3, 54, 41, 130, 1, 289 >,
 	< 291, 24, 4, 98, 0, 136, 6, 290 >,
 	< 292, 24, 8, 75, 83, 121, 9, 291 >,
 	< 293, 24, 2, 51, 95, 198, 8, 292 >,
 	< 294, 24, 1, 0, 73, 181, 5, 293 >,
 	< 295, 24, 2, 75, 31, 139, 7, 294 >,
 	< 296, 24, 10, 0, 0, 101, 4, 295 >,
 	< 297, 24, 6, 0, 0, 138, 3, 296 >,
 	< 298, 24, 3, 58, 0, 171, 2, 297 >,
 	< 299, 24, 5, 0, 78, 151, 0, 298 >,
 	// order 25
 	< 300, 25, 3, 0, 50, 163, 1, -1 >,
 	< 301, 25, 4, 54, 67, 160, 6, 300 >,
 	< 302, 25, 2, 85, 63, 174, 9, 301 >,
 	< 303, 25, 5, 0, 0, 157, 8, 302 >,
 	< 304, 25, 2, 63, 36, 161, 5, 303 >,
 	< 305, 25, 8, 0, 0, 147, 7, 304 >,
 	< 306, 25, 5, 0, 0, 128, 4, 305 >,
 	< 307, 25, 9, 74, 36, 123, 3, 306 >,
 	< 308, 25, 3, 87, 42, 105, 2, 307 >,
 	< 309, 25, 7, 46, 90, 141, 0, 308 >,
 	< 310, 25, 5, 38, 0, 103, 1, 309 >,
 	< 311, 25, 7, 81, 0, 124, 6, 310 >,
 	// order 26
 	< 312, 26, 6, 0, 0, 192, 9, -1 >,
 	< 313, 26, 8, 0, 71, 111, 8, 312 >,
 	< 314, 26, 8, 0, 55, 142, 5, 313 >,
 	< 315, 26, 2, 63, 0, 200, 7, 314 >,
 	< 316, 26, 2, 62, 30, 171, 4, 315 >,
 	< 317, 26, 2, 0, 90, 198, 3, 316 >,
 	< 318, 26, 2, 0, 0, 197, 2, 317 >,
 	< 319, 26, 3, 71, 0, 136, 0, 318 >,
 	< 320, 26, 2, 75, 34, 119, 1, 319 >,
 	< 321, 26, 6, 79, 0, 134, 6, 320 >,
 	< 322, 26, 2, 81, 56, 106, 9, 321 >,
 	< 323, 26, 5, 0, 0, 152, 8, 322 >,
 	// order 27
 	< 324, 27, 4, 0, 39, 165, 5, -1 >,
 	< 325, 27, 9, 57, 0, 138, 7, 324 >,
 	< 326, 27, 2, 0, 92, 150, 4, 325 >,
 	< 327, 27, 3, 69, 44, 159, 3, 326 >,
 	< 328, 27, 5, 0, 87, 164, 2, 327 >,
 	< 329, 27, 7, 0, 42, 131, 0, 328 >,
 	< 330, 27, 5, 0, 85, 126, 1, 329 >,
 	< 331, 27, 9, 0, 0, 134, 6, 330 >,
 	< 332, 27, 8, 0, 83, 123, 9, 331 >,
 	< 333, 27, 10, 90, 0, 114, 8, 332 >,
 	< 334, 27, 3, 56, 0, 193, 5, 333 >,
 	< 335, 27, 9, 46, 0, 101, 7, 334 >,
 	// order 28
 	< 336, 28, 3, 0, 30, 106, 4, -1 >,
 	< 337, 28, 8, 0, 36, 123, 3, 336 >,
 	< 338, 28, 4, 0, 0, 147, 2, 337 >,
 	< 339, 28, 5, 0, 78, 127, 0, 338 >,
 	< 340, 28, 9, 86, 62, 198, 1, 339 >,
 	< 341, 28, 5, 0, 0, 191, 6, 340 >,
 	< 342, 28, 10, 0, 38, 139, 9, 341 >,
 	< 343, 28, 2, 0, 0, 152, 8, 342 >,
 	< 344, 28, 7, 88, 84, 115, 5, 343 >,
 	< 345, 28, 9, 82, 68, 154, 7, 344 >,
 	< 346, 28, 10, 0, 65, 121, 4, 345 >,
 	< 347, 28, 5, 53, 0, 163, 3, 346 >,
 	// order 29
 	< 348, 29, 7, 0, 42, 195, 2, -1 >,
 	< 349, 29, 7, 0, 53, 119, 0, 348 >,
 	< 350, 29, 10, 0, 82, 101, 1, 349 >,
 	< 351, 29, 9, 0, 75, 117, 6, 350 >,
 	< 352, 29, 7, 0, 0, 137, 9, 351 >,
 	< 353, 29, 10, 0, 74, 117, 8, 352 >,
 	< 354, 29, 8, 35, 0, 105, 5, 353 >,
 	< 355, 29, 9, 34, 45, 114, 7, 354 >,
 	< 356, 29, 6, 70, 0, 156, 4, 355 >,
 	< 357, 29, 6, 0, 0, 149, 3, 356 >,
 	< 358, 29, 5, 0, 79, 186, 2, 357 >,
 	< 359, 29, 10, 73, 44, 194, 0, 358 >,
 	// order 30
 	< 360, 30, 10, 71, 62, 191, 1, -1 >,
 	< 361, 30, 10, 93, 0, 174, 6, 360 >,
 	< 362, 30, 5, 65, 80, 156, 9, 361 >,
 	< 363, 30, 2, 61, 63, 113, 8, 362 >,
 	< 364, 30, 8, 0, 56, 164, 5, 363 >,
 	< 365, 30, 2, 0, 0, 150, 7, 364 >,
 	< 366, 30, 4, 0, 0, 186, 4, 365 >,
 	< 367, 30, 5, 93, 73, 135, 3, 366 >,
 	< 368, 30, 4, 0, 98, 122, 2, 367 >,
 	< 369, 30, 2, 0, 0, 200, 0, 368 >,
 	< 370, 30, 5, 84, 0, 150, 1, 369 >,
 	< 371, 30, 6, 48, 67, 128, 6, 370 >,
 	// order 31
 	< 372, 31, 9, 43, 0, 102, 9, -1 >,
 	< 373, 31, 3, 0, 51, 159, 8, 372 >,
 	< 374, 31, 3, 0, 55, 114, 5, 373 >,
 	< 375, 31, 10, 0, 0, 173, 7, 374 >,
 	< 376, 31, 2, 0, 51, 164, 4, 375 >,
 	< 377, 31, 8, 34, 54, 160, 3, 376 >,
 	< 378, 31, 8, 0, 0, 133, 2, 377 >,
 	< 379, 31, 6, 100, 0, 194, 0, 378 >,
 	< 380, 31, 10, 58, 58, 122, 1, 379 >,
 	< 381, 31, 6, 90, 0, 158, 6, 380 >,
 	< 382, 31, 8, 85, 0, 184, 9, 381 >,
 	< 383, 31, 10, 0, 64, 139, 8, 382 >,
 	// order 32
 	< 384, 32, 3, 62, 93, 187, 5, -1 >,
 	< 385, 32, 1, 0, 59, 195, 7, 384 >,
 	< 386, 32, 7, 0, 53, 105, 4, 385 >,
 	< 387, 32, 10, 59, 0, 169, 3, 386 >,
 	< 388, 32, 3, 0, 93, 183, 2, 387 >,
 	< 389, 32, 7, 65, 61, 144, 0, 388 >,
 	< 390, 32, 10, 81, 0, 194, 1, 389 >,
 	< 391, 32, 3, 55, 62, 101, 6, 390 >,
 	< 392, 32, 10, 32, 0, 199, 9, 391 >,
 	< 393, 32, 1, 31, 0, 114, 8, 392 >,
 	< 394, 32, 4, 31, 0, 171, 5, 393 >,
 	< 395, 32, 9, 0, 0, 126, 7, 394 >,
 	// order 33
 	< 396, 33, 10, 0, 65, 173, 4, -1 >,
 	< 397, 33, 10, 0, 0, 111, 3, 396 >,
 	< 398, 33, 7, 0, 0, 160, 2, 397 >,
 	< 399, 33, 3, 0, 0, 112, 0, 398 >,
 	< 400, 33, 9, 0, 84, 172, 1, 399 >,
 	< 401, 33, 6, 0, 0, 161, 6, 400 >,
 	< 402, 33, 9, 91, 0, 143, 9, 401 >,
 	< 403, 33, 5, 0, 0, 147, 8, 402 >,
 	< 404, 33, 8, 39, 0, 151, 5, 403 >,
 	< 405, 33, 10, 77, 0, 101, 7, 404 >,
 	< 406, 33, 1, 63, 97, 158, 4, 405 >,
 	< 407, 33, 10, 74, 0, 127, 3, 406 >,
 	// order 34
 	< 408, 34, 8, 44, 0, 108, 2, -1 >,
 	< 409, 34, 4, 0, 47, 194, 0, 408 >,
 	< 410, 34, 10, 0, 60, 143, 1, 409 >,
 	< 411, 34, 10, 92, 93, 104, 6, 410 >,
 	< 412, 34, 3, 0, 0, 188, 9, 411 >,
 	< 413, 34, 4, 95, 63, 179, 8, 412 >,
 	< 414, 34, 5, 44, 0, 102, 5, 413 >,
 	< 415, 34, 10, 0, 0, 158, 7, 414 >,
 	< 416, 34, 7, 35, 0, 113, 4, 415 >,
 	< 417, 34, 5, 58, 71, 142, 3, 416 >,
 	< 418, 34, 8, 72, 0, 151, 2, 417 >,
 	< 419, 34, 10, 47, 63, 135, 0, 418 >,
 	// order 35
 	< 420, 35, 3, 40, 0, 151, 1, -1 >,
 	< 421, 35, 6, 0, 0, 107, 6, 420 >,
 	< 422, 35, 4, 0, 0, 129, 9, 421 >,
 	< 423, 35, 3, 0, 35, 144, 8, 422 >,
 	< 424, 35, 7, 0, 0, 106, 5, 423 >,
 	< 425, 35, 1, 0, 44, 199, 7, 424 >,
 	< 426, 35, 6, 0, 98, 171, 4, 425 >,
 	< 427, 35, 2, 0, 51, 194, 3, 426 >,
 	< 428, 35, 7, 39, 37, 151, 2, 427 >,
 	< 429, 35, 1, 0, 51, 196, 0, 428 >,
 	< 430, 35, 4, 94, 33, 199, 1, 429 >,
 	< 431, 35, 10, 0, 40, 193, 6, 430 >,
 	// order 36
 	< 432, 36, 4, 91, 0, 115, 9, -1 >,
 	< 433, 36, 4, 30, 0, 172, 8, 432 >,
 	< 434, 36, 9, 0, 0, 152, 5, 433 >,
 	< 435, 36, 6, 0, 0, 155, 7, 434 >,
 	< 436, 36, 10, 82, 31, 114, 4, 435 >,
 	< 437, 36, 2, 0, 0, 166, 3, 436 >,
 	< 438, 36, 2, 0, 0, 158, 2, 437 >,
 	< 439, 36, 8, 74, 39, 183, 0, 438 >,
 	< 440, 36, 4, 71, 48, 123, 1, 439 >,
 	< 441, 36, 6, 64, 0, 153, 6, 440 >,
 	< 442, 36, 5, 74, 63, 119, 9, 441 >,
 	< 443, 36, 5, 81, 0, 114, 8, 442 >,
 	// order 37
 	< 444, 37, 3, 0, 82, 135, 5, -1 >,
 	< 445, 37, 3, 0, 93, 198, 7, 444 >,
 	< 446, 37, 4, 0, 0, 124, 4, 445 >,
 	< 447, 37, 1, 74, 71, 123, 3, 446 >,
 	< 448, 37, 6, 39, 75, 174, 2, 447 >,
 	< 449, 37, 9, 0, 45, 200, 0, 448 >,
 	< 450, 37, 5, 45, 64, 193, 1, 449 >,
 	< 451, 37, 6, 51, 85, 138, 6, 450 >,
 	< 452, 37, 6, 0, 0, 144, 9, 451 >,
 	< 453, 37, 6, 0, 0, 178, 8, 452 >,
 	< 454, 37, 8, 0, 74, 133, 5, 453 >,
 	< 455, 37, 10, 0, 0, 161, 7, 454 >,
 	// order 38
 	< 456, 38, 5, 42, 100, 196, 4, -1 >,
 	< 457, 38, 8, 82, 30, 110, 3, 456 >,
 	< 458, 38, 10, 0, 82, 150, 2, 457 >,
 	< 459, 38, 6, 61, 0, 127, 0, 458 >,
 	< 460, 38, 10, 0, 0, 123, 1, 459 >,
 	< 461, 38, 3, 72, 0, 153, 6, 460 >,
 	< 462, 38, 7, 0, 0, 187, 9, 461 >,
 	< 463, 38, 9, 80, 42, 145, 8, 462 >,
 	< 464, 38, 5, 84, 0, 167, 5, 463 >,
 	< 465, 38, 9, 56, 89, 138, 7, 464 >,
 	< 466, 38, 8, 52, 0, 196, 4, 465 >,
 	< 467, 38, 9, 0, 78, 192, 3, 466 >,
 	// order 39
 	< 468, 39, 4, 35, 0, 169, 2, -1 >,
 	< 469, 39, 7, 0, 39, 179, 0, 468 >,
 	< 470, 39, 1, 0, 88, 147, 1, 469 >,
 	< 471, 39, 2, 0, 57, 140, 6, 470 >,
 	< 472, 39, 5, 53, 0, 195, 9, 471 >,
 	< 473, 39, 8, 78, 80, 146, 8, 472 >,
 	< 474, 39, 9, 0, 36, 123, 5, 473 >,
 	< 475, 39, 8, 99, 0, 144, 7, 474 >,
 	< 476, 39, 7, 33, 0, 142, 4, 475 >,
 	< 477, 39, 7, 0, 85, 186, 3, 476 >,
 	< 478, 39, 5, 0, 0, 147, 2, 477 >,
 	< 479, 39, 7, 0, 56, 194, 0, 478 >,
 	// order 40
 	< 480, 40, 8, 88, 0, 132, 1, -1 >,
 	< 481, 40, 3, 62, 47, 147, 6, 480 >,
 	< 482, 40, 2, 44, 84, 198, 9, 481 >,
 	< 483, 40, 3, 67, 0, 146, 8, 482 >,
 	< 484, 40, 10, 0, 100, 145, 5, 483 >,
 	< 485, 40, 3, 0, 0, 200, 7, 484 >,
 	< 486, 40, 8, 33, 0, 172, 4, 485 >,
 	< 487, 40, 9, 0, 40, 159, 3, 486 >,
 	< 488, 40, 3, 63, 0, 175, 2, 487 >,
 	< 489, 40, 7, 0, 0, 170, 0, 488 >,
 	< 490, 40, 7, 39, 91, 124, 1, 489 >,
 	< 491, 40, 8, 69, 0, 177, 6, 490 >,
 	// order 41
 	< 492, 41, 7, 0, 0, 125, 9, -1 >,
 	< 493, 41, 7, 82, 47, 192, 8, 492 >,
 	< 494, 41, 7, 74, 89, 171, 5, 493 >,
 	< 495, 41, 6, 38, 0, 129, 7, 494 >,
 	< 496, 41, 9, 0, 32, 164, 4, 495 >,
 	< 497, 41, 8, 0, 0, 197, 3, 496 >,
 	< 498, 41, 2, 57, 0, 197, 2, 497 >,
 	< 499, 41, 9, 0, 0, 161, 0, 498 >,
 	< 500, 41, 2, 60, 0, 178, 1, 499 >,
 	< 501, 41, 1, 0, 93, 102, 6, 500 >,
 	< 502, 41, 6, 0, 60, 102, 9, 501 >,
 	< 503, 41, 5, 31, 44, 106, 8, 502 >,
 	// order 42
 	< 504, 42, 9, 63, 0, 182, 5, -1 >,
 	< 505, 42, 9, 0, 0, 199, 7, 504 >,
 	< 506, 42, 1, 0, 0, 116, 4, 505 >,
 	< 507, 42, 10, 0, 87, 159, 3, 506 >,
 	< 508, 42, 7, 38, 40, 171, 2, 507 >,
 	< 509, 42, 8, 0, 0, 136, 0, 508 >,
 	< 510, 42, 10, 0, 94, 100, 1, 509 >,
 	< 511, 42, 6, 0, 0, 196, 6, 510 >,
 	< 512, 42, 8, 42, 0, 126, 9, 511 >,
 	< 513, 42, 10, 0, 0, 195, 8, 512 >,
 	< 514, 42, 9, 0, 74, 194, 5, 513 >,
 	< 515, 42, 5, 70, 32, 142, 7, 514 >,
 	// order 43
 	< 516, 43, 8, 78, 87, 133, 4, -1 >,
 	< 517, 43, 8, 0, 0, 129, 3, 516 >,
 	< 518, 43, 7, 99, 30, 163, 2, 517 >,
 	< 519, 43, 6, 0, 94, 112, 0, 518 >,
 	< 520, 43, 5, 52, 79, 129, 1, 519 >,
 	< 521, 43, 3, 0, 0, 144, 6, 520 >,
 	< 522, 43, 7, 0, 43, 123, 9, 521 >,
 	< 523, 43, 3, 59, 40, 184, 8, 522 >,
 	< 524, 43, 10, 43, 78, 173, 5, 523 >,
 	< 525, 43, 10, 53, 0, 107, 7, 524 >,
 	< 526, 43, 2, 0, 0, 178, 4, 525 >,
 	< 527, 43, 4, 37, 0, 147, 3, 526 >,
 	// order 44
 	< 528, 44, 9, 0, 30, 132, 2, -1 >,
 	< 529, 44, 1, 84, 0, 190, 0, 528 >,
 	< 530, 44, 10, 83, 0, 145, 1, 529 >,
 	< 531, 44, 2, 0, 30, 157, 6, 530 >,
 	< 532, 44, 4, 81, 0, 154, 9, 531 >,
 	< 533, 44, 2, 89, 0, 192, 8, 532 >,
 	< 534, 44, 10, 0, 78, 103, 5, 533 >,
 	< 535, 44, 7, 43, 77, 102, 7, 534 >,
 	< 536, 44, 2, 0, 0, 116, 4, 535 >,
 	< 537, 44, 2, 0, 0, 191, 3, 536 >,
 	< 538, 44, 7, 0, 37, 147, 2, 537 >,
 	< 539, 44, 2, 0, 70, 146, 0, 538 >,
 	// order 45
 	< 540, 45, 2, 0, 52, 144, 1, -1 >,
 	< 541, 45, 10, 31, 0, 125, 6, 540 >,
 	< 542, 45, 8, 0, 58, 135, 9, 541 >,
 	< 543, 45, 6, 0, 0, 129, 8, 542 >,
 	< 544, 45, 2, 0, 75, 194, 5, 543 >,
 	< 545, 45, 9, 43, 0, 143, 7, 544 >,
 	< 546, 45, 6, 41, 0, 173, 4, 545 >,
 	< 547, 45, 4, 0, 0, 184, 3, 546 >,
 	< 548, 45, 1, 0, 0, 113, 2, 547 >,
 	< 549, 45, 4, 40, 0, 130, 0, 548 >,
 	< 550, 45, 4, 95, 34, 124, 1, 549 >,
 	< 551, 45, 5, 0, 0, 173, 6, 550 >,
 	// order 46
 	< 552, 46, 10, 0, 84, 147, 9, -1 >,
 	< 553, 46, 6, 0, 0, 160, 8, 552 >,
 	< 554, 46, 1, 0, 0, 105, 5, 553 >,
 	< 555, 46, 4, 0, 0, 182, 7, 554 >,
 	< 556, 46, 7, 0, 0, 188, 4, 555 >,
 	< 557, 46, 8, 56, 62, 151, 3, 556 >,
 	< 558, 46, 8, 94, 76, 199, 2, 557 >,
 	< 559, 46, 6, 0, 0, 124, 0, 558 >,
 	< 560, 46, 8, 0, 90, 133, 1, 559 >,
 	< 561, 46, 6, 0, 0, 133, 6, 560 >,
 	< 562, 46, 7, 65, 60, 179, 9, 561 >,
 	< 563, 46, 9, 90, 0, 199, 8, 562 >,
 	// order 47
 	< 564, 47, 4, 30, 0, 177, 5, -1 >,
 	< 565, 47, 7, 50, 32, 148, 7, 564 >,
 	< 566, 47, 2, 0, 36, 165, 4, 565 >,
 	< 567, 47, 7, 68, 0, 128, 3, 566 >,
 	< 568, 47, 3, 84, 44, 185, 2, 567 >,
 	< 569, 47, 5, 0, 31, 173, 0, 568 >,
 	< 570, 47, 1, 0, 87, 200, 1, 569 >,
 	< 571, 47, 5, 0, 91, 193, 6, 570 >,
 	< 572, 47, 6, 0, 0, 135, 9, 571 >,
 	< 573, 47, 5, 0, 0, 113, 8, 572 >,
 	< 574, 47, 2, 0, 0, 194, 5, 573 >,
 	< 575, 47, 7, 0, 0, 124, 7, 574 >,
 	// order 48
 	< 576, 48, 1, 88, 0, 127, 4, -1 >,
 	< 577, 48, 8, 0, 38, 168, 3, 576 >,
 	< 578, 48, 1, 0, 45, 150, 2, 577 >,
 	< 579, 48, 9, 0, 0, 176, 0, 578 >,
 	< 580, 48, 3, 75, 88, 115, 1, 579 >,
 	< 581, 48, 9, 74, 0, 112, 6, 580 >,
 	< 582, 48, 7, 60, 57, 152, 9, 581 >,
 	< 583, 48, 9, 76, 50, 146, 8, 582 >,
 	< 584, 48, 3, 100, 0, 149, 5, 583 >,
 	< 585, 48, 10, 60, 54, 134, 7, 584 >,
 	< 586, 48, 2, 61, 100, 104, 4, 585 >,
 	< 587, 48, 4, 0, 0, 133, 3, 586 >,
 	// order 49
 	< 588, 49, 1, 0, 0, 185, 2, -1 >,
 	< 589, 49, 10, 99, 0, 168, 0, 588 >,
 	< 590, 49, 8, 97, 0, 142, 1, 589 >,
 	< 591, 49, 10, 37, 0, 177, 6, 590 >,
 	< 592, 49, 8, 68, 0, 143, 9, 591 >,
 	< 593, 49, 3, 0, 80, 186, 8, 592 >,
 	< 594, 49, 7, 0, 93, 112, 5, 593 >,
 	< 595, 49, 3, 82, 0, 159, 7, 594 >,
 	< 596, 49, 1, 59, 75, 138, 4, 595 >,
 	< 597, 49, 3, 32, 41, 194, 3, 596 >,
 	< 598, 49, 1, 0, 54, 147, 2, 597 >,
 	< 599, 49, 8, 69, 92, 127, 0, 598 >,
 	// order 50
 	< 600, 50, 2, 0, 0, 122, 1, -1 >,
 	< 601, 50, 1, 44, 0, 109, 6, 600 >,
 	< 602, 50, 10, 77, 70, 164, 9, 601 >,
 	< 603, 50, 7, 0, 0, 144, 8, 602 >,
 	< 604, 50, 10, 79, 48, 144, 5, 603 >,
 	< 605, 50, 3, 83, 0, 192, 7, 604 >,
 	< 606, 50, 7, 45, 49, 186, 4, 605 >,
 	< 607, 50, 3, 0, 0, 165, 3, 606 >,
 	< 608, 50, 9, 35, 0, 119, 2, 607 >,
 	< 609, 50, 7, 85, 32, 177, 0, 608 >,
 	< 610, 50, 5, 0, 57, 146, 1, 609 >,
 	< 611, 50, 4, 0, 85, 118, 6, 610 >,
 	// order 51
 	< 612, 51, 5, 0, 0, 127, 9, -1 >,
 	< 613, 51, 1, 0, 0, 129, 8, 612 >,
 	< 614, 51, 8, 0, 96, 179, 5, 613 >,
 	< 615, 51, 1, 0, 77, 105, 7, 614 >,
 	< 616, 51, 9, 0, 95, 100, 4, 615 >,
 	< 617, 51, 2, 0, 0, 125, 3, 616 >,
 	< 618, 51, 3, 65, 0, 137, 2, 617 >,
 	< 619, 51, 4, 0, 0, 143, 0, 618 >,
 	< 620, 51, 9, 38, 0, 155, 1, 619 >,
 	< 621, 51, 5, 0, 91, 154, 6, 620 >,
 	< 622, 51, 7, 38, 78, 112, 9, 621 >,
 	< 623, 51, 10, 0, 0, 153, 8, 622 >,
 	// order 52
 	< 624, 52, 2, 0, 0, 175, 5, -1 >,
 	< 625, 52, 2, 64, 0, 146, 7, 624 >,
 	< 626, 52, 6, 52, 90, 173, 4, 625 >,
 	< 627, 52, 10, 75, 66, 187, 3, 626 >,
 	< 628, 52, 5, 0, 79, 137, 2, 627 >,
 	< 629, 52, 2, 88, 59, 108, 0, 628 >,
 	< 630, 52, 3, 47, 76, 138, 1, 629 >,
 	< 631, 52, 10, 30, 37, 135, 6, 630 >,
 	< 632, 52, 10, 0, 0, 127, 9, 631 >,
 	< 633, 52, 1, 44, 0, 134, 8, 632 >,
 	< 634, 52, 7, 81, 63, 104, 5, 633 >,
 	< 635, 52, 9, 65, 0, 157, 7, 634 >,
 	// order 53
 	< 636, 53, 2, 0, 0, 185, 4, -1 >,
 	< 637, 53, 6, 47, 75, 138, 3, 636 >,
 	< 638, 53, 6, 0, 0, 193, 2, 637 >,
 	< 639, 53, 7, 0, 0, 186, 0, 638 >,
 	< 640, 53, 9, 0, 35, 175, 1, 639 >,
 	< 641, 53, 7, 0, 37, 118, 6, 640 >,
 	< 642, 53, 4, 0, 66, 133, 9, 641 >,
 	< 643, 53, 6, 0, 0, 127, 8, 642 >,
 	< 644, 53, 4, 46, 75, 168, 5, 643 >,
 	< 645, 53, 10, 0, 57, 184, 7, 644 >,
 	< 646, 53, 9, 74, 0, 162, 4, 645 >,
 	< 647, 53, 4, 32, 60, 166, 3, 646 >,
 	// order 54
 	< 648, 54, 1, 35, 0, 147, 2, -1 >,
 	< 649, 54, 7, 83, 78, 116, 0, 648 >,
 	< 650, 54, 2, 42, 67, 104, 1, 649 >,
 	< 651, 54, 4, 60, 40, 126, 6, 650 >,
 	< 652, 54, 4, 68, 93, 194, 9, 651 >,
 	< 653, 54, 7, 0, 89, 168, 8, 652 >,
 	< 654, 54, 7, 0, 0, 142, 5, 653 >,
 	< 655, 54, 3, 0, 0, 183, 7, 654 >,
 	< 656, 54, 6, 0, 66, 178, 4, 655 >,
 	< 657, 54, 9, 92, 74, 196, 3, 656 >,
 	< 658, 54, 10, 0, 66, 171, 2, 657 >,
 	< 659, 54, 6, 100, 0, 182, 0, 658 >,
 	// order 55
 	< 660, 55, 2, 0, 0, 129, 1, -1 >,
 	< 661, 55, 2, 44, 0, 162, 6, 660 >,
 	< 662, 55, 2, 0, 0, 179, 9, 661 >,
 	< 663, 55, 6, 0, 41, 177, 8, 662 >,
 	< 664, 55, 9, 34, 71, 180, 5, 663 >,
 	< 665, 55, 9, 78, 82, 189, 7, 664 >,
 	< 666, 55, 3, 0, 0, 101, 4, 665 >,
 	< 667, 55, 5, 47, 0, 161, 3, 666 >,
 	< 668, 55, 3, 86, 0, 144, 2, 667 >,
 	< 669, 55, 5, 48, 0, 141, 0, 668 >,
 	< 670, 55, 1, 0, 0, 113, 1, 669 >,
 	< 671, 55, 2, 54, 73, 143, 6, 670 >,
 	// order 56
 	< 672, 56, 6, 48, 0, 174, 9, -1 >,
 	< 673, 56, 10, 0, 0, 178, 8, 672 >,
 	< 674, 56, 2, 0, 0, 194, 5, 673 >,
 	< 675, 56, 2, 42, 0, 159, 7, 674 >,
 	< 676, 56, 2, 0, 0, 138, 4, 675 >,
 	< 677, 56, 4, 82, 38, 116, 3, 676 >,
 	< 678, 56, 10, 0, 0, 181, 2, 677 >,
 	< 679, 56, 7, 35, 0, 150, 0, 678 >,
 	< 680, 56, 5, 0, 48, 157, 1, 679 >,
 	< 681, 56, 5, 0, 68, 144, 6, 680 >,
 	< 682, 56, 10, 99, 0, 176, 9, 681 >,
 	< 683, 56, 8, 0, 0, 114, 8, 682 >,
 	// order 57
 	< 684, 57, 6, 72, 0, 178, 5, -1 >,
 	< 685, 57, 1, 0, 36, 160, 7, 684 >,
 	< 686, 57, 9, 0, 0, 119, 4, 685 >,
 	< 687, 57, 7, 37, 35, 156, 3, 686 >,
 	< 688, 57, 10, 0, 44, 107, 2, 687 >,
 	< 689, 57, 2, 97, 51, 107, 0, 688 >,
 	< 690, 57, 4, 0, 89, 179, 1, 689 >,
 	< 691, 57, 9, 0, 45, 132, 6, 690 >,
 	< 692, 57, 10, 0, 0, 170, 9, 691 >,
 	< 693, 57, 4, 54, 0, 170, 8, 692 >,
 	< 694, 57, 7, 0, 0, 176, 5, 693 >,
 	< 695, 57, 3, 0, 0, 140, 7, 694 >,
 	// order 58
 	< 696, 58, 2, 59, 0, 175, 4, -1 >,
 	< 697, 58, 8, 63, 41, 135, 3, 696 >,
 	< 698, 58, 9, 89, 91, 123, 2, 697 >,
 	< 699, 58, 10, 0, 0, 150, 0, 698 >,
 	< 700, 58, 8, 0, 0, 164, 1, 699 >,
 	< 701, 58, 1, 96, 0, 173, 6, 700 >,
 	< 702, 58, 7, 0, 62, 111, 9, 701 >,
 	< 703, 58, 2, 32, 0, 132, 8, 702 >,
 	< 704, 58, 9, 0, 81, 200, 5, 703 >,
 	< 705, 58, 5, 88, 0, 132, 7, 704 >,
 	< 706, 58, 6, 0, 0, 105, 4, 705 >,
 	< 707, 58, 10, 0, 0, 114, 3, 706 >,
 	// order 59
 	< 708, 59, 7, 40, 52, 192, 2, -1 >,
 	< 709, 59, 5, 50, 0, 172, 0, 708 >,
 	< 710, 59, 8, 0, 0, 172, 1, 709 >,
 	< 711, 59, 8, 0, 0, 110, 6, 710 >,
 	< 712, 59, 6, 0, 0, 131, 9, 711 >,
 	< 713, 59, 9, 89, 0, 138, 8, 712 >,
 	< 714, 59, 1, 69, 79, 166, 5, 713 >,
 	< 715, 59, 4, 41, 0, 192, 7, 714 >,
 	< 716, 59, 8, 0, 0, 112, 4, 715 >,
 	< 717, 59, 3, 0, 48, 132, 3, 716 >,
 	< 718, 59, 6, 86, 50, 190, 2, 717 >,
 	< 719, 59, 9, 0, 0, 133, 0, 718 >,
 	// order 60
 	< 720, 60, 10, 0, 36, 191, 1, -1 >,
 	< 721, 60, 8, 100, 0, 141, 6, 720 >,
 	< 722, 60, 9, 0, 98, 136, 9, 721 >,
 	< 723, 60, 4, 0, 0, 109, 8, 722 >,
 	< 724, 60, 1, 39, 92, 180, 5, 723 >,
 	< 725, 60, 4, 96, 0, 180, 7, 724 >,
 	< 726, 60, 8, 42, 56, 144, 4, 725 >,
 	< 727, 60, 1, 0, 0, 138, 3, 726 >,
 	< 728, 60, 4, 0, 0, 185, 2, 727 >,
 	< 729, 60, 6, 0, 0, 182, 0, 728 >,
 	< 730, 60, 3, 75, 53, 134, 1, 729 >,
 	< 731, 60, 7, 92, 51, 158, 6, 730 >,
 	// order 61
 	< 732, 61, 10, 70, 0, 162, 9, -1 >,
 	< 733, 61, 9, 79, 95, 133, 8, 732 >,
 	< 734, 61, 1, 0, 75, 161, 5, 733 >,
 	< 735, 61, 7, 56, 0, 116, 7, 734 >,
 	< 736, 61, 10, 65, 0, 115, 4, 735 >,
 	< 737, 61, 7, 45, 69, 118, 3, 736 >,
 	< 738, 61, 9, 58, 0, 154, 2, 737 >,
 	< 739, 61, 3, 0, 59, 147, 0, 738 >,
 	< 740, 61, 3, 0, 68, 157, 1, 739 >,
 	< 741, 61, 7, 31, 0, 114, 6, 740 >,
 	< 742, 61, 5, 59, 0, 129, 9, 741 >,
 	< 743, 61, 1, 0, 0, 127, 8, 742 >,
 	// order 62
 	< 744, 62, 2, 0, 0, 136, 5, -1 >,
 	< 745, 62, 2, 0, 52, 123, 7, 744 >,
 	< 746, 62, 1, 0, 83, 196, 4, 745 >,
 	< 747, 62, 7, 53, 73, 158, 3, 746 >,
 	< 748, 62, 10, 0, 0, 146, 2, 747 >,
 	< 749, 62, 5, 96, 0, 135, 0, 748 >,
 	< 750, 62, 2, 0, 0, 176, 1, 749 >,
 	< 751, 62, 4, 0, 44, 199, 6, 750 >,
 	< 752, 62, 5, 0, 0, 131, 9, 751 >,
 	< 753, 62, 5, 79, 81, 197, 8, 752 >,
 	< 754, 62, 8, 0, 41, 149, 5, 753 >,
 	< 755, 62, 9, 0, 0, 128, 7, 754 >,
 	// order 63
 	< 756, 63, 6, 60, 0, 135, 4, -1 >,
 	< 757, 63, 10, 0, 50, 175, 3, 756 >,
 	< 758, 63, 4, 80, 54, 146, 2, 757 >,
 	< 759, 63, 4, 77, 47, 176, 0, 758 >,
 	< 760, 63, 8, 98, 0, 101, 1, 759 >,
 	< 761, 63, 2, 0, 91, 107, 6, 760 >,
 	< 762, 63, 3, 75, 0, 101, 9, 761 >,
 	< 763, 63, 10, 54, 0, 136, 8, 762 >,
 	< 764, 63, 5, 53, 0, 100, 5, 763 >,
 	< 765, 63, 9, 79, 0, 139, 7, 764 >,
 	< 766, 63, 7, 0, 0, 181, 4, 765 >,
 	< 767, 63, 2, 0, 0, 193, 3, 766 >,
 	// order 64
 	< 768, 64, 10, 48, 92, 132, 2, -1 >,
 	< 769, 64, 5, 0, 51, 145, 0, 768 >,
 	< 770, 64, 4, 52, 0, 189, 1, 769 >,
 	< 771, 64, 4, 77, 59, 120, 6, 770 >,
 	< 772, 64, 6, 62, 0, 145, 9, 771 >,
 	< 773, 64, 10, 89, 70, 164, 8, 772 >,
 	< 774, 64, 8, 0, 0, 110, 5, 773 >,
 	< 775, 64, 8, 0, 0, 186, 7, 774 >,
 	< 776, 64, 10, 52, 0, 187, 4, 775 >,
 	< 777, 64, 7, 0, 40, 146, 3, 776 >,
 	< 778, 64, 3, 75, 82, 144, 2, 777 >,
 	< 779, 64, 7, 0, 0, 187, 0, 778 >,
 	// order 65
 	< 780, 65, 5, 0, 0, 143, 1, -1 >,
 	< 781, 65, 9, 99, 97, 179, 6, 780 >,
 	< 782, 65, 6, 76, 60, 127, 9, 781 >,
 	< 783, 65, 3, 0, 92, 114, 8, 782 >,
 	< 784, 65, 10, 56, 86, 200, 5, 783 >,
 	< 785, 65, 3, 97, 0, 158, 7, 784 >,
 	< 786, 65, 7, 0, 0, 164, 4, 785 >,
 	< 787, 65, 9, 56, 0, 162, 3, 786 >,
 	< 788, 65, 4, 0, 0, 188, 2, 787 >,
 	< 789, 65, 5, 0, 35, 147, 0, 788 >,
 	< 790, 65, 3, 0, 66, 172, 1, 789 >,
 	< 791, 65, 5, 77, 35, 169, 6, 790 >,
 	// order 66
 	< 792, 66, 7, 0, 0, 133, 9, -1 >,
 	< 793, 66, 1, 0, 61, 180, 8, 792 >,
 	< 794, 66, 4, 0, 59, 125, 5, 793 >,
 	< 795, 66, 8, 40, 41, 168, 7, 794 >,
 	< 796, 66, 2, 0, 0, 172, 4, 795 >,
 	< 797, 66, 2, 37, 0, 190, 3, 796 >,
 	< 798, 66, 8, 0, 0, 131, 2, 797 >,
 	< 799, 66, 5, 39, 0, 103, 0, 798 >,
 	< 800, 66, 9, 0, 55, 128, 1, 799 >,
 	< 801, 66, 1, 50, 0, 126, 6, 800 >,
 	< 802, 66, 10, 78, 0, 168, 9, 801 >,
 	< 803, 66, 4, 0, 0, 107, 8, 802 >,
 	// order 67
 	< 804, 67, 3, 0, 0, 113, 5, -1 >,
 	< 805, 67, 1, 100, 0, 127, 7, 804 >,
 	< 806, 67, 7, 53, 94, 111, 4, 805 >,
 	< 807, 67, 7, 34, 96, 110, 3, 806 >,
 	< 808, 67, 9, 88, 63, 134, 2, 807 >,
 	< 809, 67, 2, 0, 0, 192, 0, 808 >,
 	< 810, 67, 1, 0, 0, 174, 1, 809 >,
 	< 811, 67, 9, 34, 87, 128, 6, 810 >,
 	< 812, 67, 9, 73, 0, 194, 9, 811 >,
 	< 813, 67, 4, 70, 80, 133, 8, 812 >,
 	< 814, 67, 7, 99, 0, 126, 5, 813 >,
 	< 815, 67, 2, 0, 44, 189, 7, 814 >,
 	// order 68
 	< 816, 68, 2, 84, 91, 158, 4, -1 >,
 	< 817, 68, 2, 0, 94, 151, 3, 816 >,
 	< 818, 68, 1, 45, 0, 127, 2, 817 >,
 	< 819, 68, 6, 40, 68, 148, 0, 818 >,
 	< 820, 68, 7, 53, 35, 127, 1, 819 >,
 	< 821, 68, 7, 84, 73, 140, 6, 820 >,
 	< 822, 68, 8, 90, 0, 106, 9, 821 >,
 	< 823, 68, 8, 0, 0, 180, 8, 822 >,
 	< 824, 68, 9, 76, 83, 128, 5, 823 >,
 	< 825, 68, 10, 56, 0, 152, 7, 824 >,
 	< 826, 68, 4, 47, 0, 159, 4, 825 >,
 	< 827, 68, 10, 94, 34, 113, 3, 826 >,
 	// order 69
 	< 828, 69, 6, 0, 0, 150, 2, -1 >,
 	< 829, 69, 5, 0, 0, 184, 0, 828 >,
 	< 830, 69, 4, 0, 0, 169, 1, 829 >,
 	< 831, 69, 9, 77, 0, 133, 6, 830 >,
 	< 832, 69, 10, 37, 0, 149, 9, 831 >,
 	< 833, 69, 1, 0, 0, 149, 8, 832 >,
 	< 834, 69, 7, 38, 0, 157, 5, 833 >,
 	< 835, 69, 8, 77, 0, 125, 7, 834 >,
 	< 836, 69, 7, 0, 69, 134, 4, 835 >,
 	< 837, 69, 6, 0, 0, 113, 3, 836 >,
 	< 838, 69, 10, 0, 0, 192, 2, 837 >,
 	< 839, 69, 10, 0, 30, 196, 0, 838 >,
 	// order 70
 	< 840, 70, 8, 0, 0, 119, 1, -1 >,
 	< 841, 70, 5, 83, 80, 116, 6, 840 >,
 	< 842, 70, 7, 97, 0, 149, 9, 841 >,
 	< 843, 70, 5, 0, 0, 117, 8, 842 >,
 	< 844, 70, 1, 90, 0, 177, 5, 843 >,
 	< 845, 70, 10, 0, 0, 125, 7, 844 >,
 	< 846, 70, 9, 0, 0, 166, 4, 845 >,
 	< 847, 70, 7, 95, 0, 194, 3, 846 >,
 	< 848, 70, 5, 89, 88, 183, 2, 847 >,
 	< 849, 70, 9, 74, 0, 119, 0, 848 >,
 	< 850, 70, 10, 0, 36, 174, 1, 849 >,
 	< 851, 70, 10, 0, 74, 155, 6, 850 >,
 	// order 71
 	< 852, 71, 3, 0, 65, 169, 9, -1 >,
 	< 853, 71, 6, 0, 87, 117, 8, 852 >,
 	< 854, 71, 3, 0, 0, 197, 5, 853 >,
 	< 855, 71, 4, 0, 0, 194, 7, 854 >,
 	< 856, 71, 1, 35, 0, 100, 4, 855 >,
 	< 857, 71, 10, 0, 0, 170, 3, 856 >,
 	< 858, 71, 10, 82, 32, 158, 2, 857 >,
 	< 859, 71, 4, 0, 0, 198, 0, 858 >,
 	< 860, 71, 4, 0, 0, 180, 1, 859 >,
 	< 861, 71, 8, 91, 75, 101, 6, 860 >,
 	< 862, 71, 6, 59, 48, 187, 9, 861 >,
 	< 863, 71, 1, 0, 60, 197, 8, 862 >,
 	// order 72
 	< 864, 72, 2, 0, 39, 104, 5, -1 >,
 	< 865, 72, 1, 45, 36, 180, 7, 864 >,
 	< 866, 72, 10, 0, 86, 171, 4, 865 >,
 	< 867, 72, 8, 0, 0, 113, 3, 866 >,
 	< 868, 72, 10, 51, 0, 116, 2, 867 >,
 	< 869, 72, 6, 0, 0, 117, 0, 868 >,
 	< 870, 72, 5, 43, 30, 114, 1, 869 >,
 	< 871, 72, 8, 76, 82, 127, 6, 870 >,
 	< 872, 72, 8, 95, 90, 105, 9, 871 >,
 	< 873, 72, 8, 0, 0, 134, 8, 872 >,
 	< 874, 72, 2, 0, 0, 200, 5, 873 >,
 	< 875, 72, 5, 0, 99, 153, 7, 874 >,
 	// order 73
 	< 876, 73, 1, 0, 0, 121, 4, -1 >,
 	< 877, 73, 2, 31, 0, 180, 3, 876 >,
 	< 878, 73, 1, 0, 0, 170, 2, 877 >,
 	< 879, 73, 8, 48, 57, 141, 0, 878 >,
 	< 880, 73, 4, 0, 0, 188, 1, 879 >,
 	< 881, 73, 1, 0, 78, 164, 6, 880 >,
 	< 882, 73, 1, 80, 78, 113, 9, 881 >,
 	< 883, 73, 8, 0, 81, 174, 8, 882 >,
 	< 884, 73, 2, 80, 59, 196, 5, 883 >,
 	< 885, 73, 3, 0, 59, 173, 7, 884 >,
 	< 886, 73, 8, 47, 35, 173, 4, 885 >,
 	< 887, 73, 4, 0, 0, 138, 3, 886 >,
 	// order 74
 	< 888, 74, 10, 0, 0, 112, 2, -1 >,
 	< 889, 74, 4, 0, 0, 157, 0, 888 >,
 	< 890, 74, 1, 72, 0, 165, 1, 889 >,
 	< 891, 74, 3, 0, 54, 146, 6, 890 >,
 	< 892, 74, 1, 58, 45, 129, 9, 891 >,
 	< 893, 74, 10, 0, 31, 105, 8, 892 >,
 	< 894, 74, 10, 74, 54, 120, 5, 893 >,
 	< 895, 74, 5, 0, 36, 163, 7, 894 >,
 	< 896, 74, 9, 81, 39, 167, 4, 895 >,
 	< 897, 74, 1, 41, 0, 138, 3, 896 >,
 	< 898, 74, 10, 40, 100, 116, 2, 897 >,
 	< 899, 74, 1, 0, 0, 171, 0, 898 >,
 	// order 75
 	< 900, 75, 4, 32, 0, 197, 1, -1 >,
 	< 901, 75, 4, 0, 0, 104, 6, 900 >,
 	< 902, 75, 4, 55, 0, 106, 9, 901 >,
 	< 903, 75, 6, 0, 41, 129, 8, 902 >,
 	< 904, 75, 1, 90, 73, 168, 5, 903 >,
 	< 905, 75, 7, 55, 0, 128, 7, 904 >,
 	< 906, 75, 4, 86, 62, 134, 4, 905 >,
 	< 907, 75, 7, 0, 0, 129, 3, 906 >,
 	< 908, 75, 8, 38, 91, 157, 2, 907 >,
 	< 909, 75, 6, 0, 0, 177, 0, 908 >,
 	< 910, 75, 5, 91, 0, 104, 1, 909 >,
 	< 911, 75, 6, 60, 51, 186, 6, 910 >,
 	// order 76
 	< 912, 76, 10, 84, 89, 156, 9, -1 >,
 	< 913, 76, 6, 45, 57, 199, 8, 912 >,
 	< 914, 76, 10, 0, 82, 176, 5, 913 >,
 	< 915, 76, 8, 0, 0, 144, 7, 914 >,
 	< 916, 76, 10, 0, 65, 180, 4, 915 >,
 	< 917, 76, 6, 95, 48, 171, 3, 916 >,
 	< 918, 76, 9, 0, 33, 135, 2, 917 >,
 	< 919, 76, 10, 0, 0, 102, 0, 918 >,
 	< 920, 76, 5, 0, 0, 110, 1, 919 >,
 	< 921, 76, 9, 100, 0, 180, 6, 920 >,
 	< 922, 76, 1, 63, 0, 141, 9, 921 >,
 	< 923, 76, 1, 0, 64, 104, 8, 922 >,
 	// order 77
 	< 924, 77, 1, 79, 49, 167, 5, -1 >,
 	< 925, 77, 2, 65, 57, 177, 7, 924 >,
 	< 926, 77, 8, 0, 0, 198, 4, 925 >,
 	< 927, 77, 8, 0, 73, 193, 3, 926 >,
 	< 928, 77, 6, 39, 70, 123, 2, 927 >,
 	< 929, 77, 8, 0, 76, 139, 0, 928 >,
 	< 930, 77, 5, 99, 0, 177, 1, 929 >,
 	< 931, 77, 6, 60, 52, 148, 6, 930 >,
 	< 932, 77, 6, 0, 0, 198, 9, 931 >,
 	< 933, 77, 4, 0, 0, 129, 8, 932 >,
 	< 934, 77, 2, 0, 38, 150, 5, 933 >,
 	< 935, 77, 1, 37, 61, 141, 7, 934 >,
 	// order 78
 	< 936, 78, 6, 33, 48, 174, 4, -1 >,
 	< 937, 78, 2, 45, 0, 125, 3, 936 >,
 	< 938, 78, 3, 73, 0, 100, 2, 937 >,
 	< 939, 78, 8, 0, 90, 165, 0, 938 >,
 	< 940, 78, 6, 0, 0, 112, 1, 939 >,
 	< 941, 78, 7, 63, 0, 119, 6, 940 >,
 	< 942, 78, 5, 0, 55, 179, 9, 941 >,
 	< 943, 78, 8, 59, 46, 126, 8, 942 >,
 	< 944, 78, 4, 0, 0, 194, 5, 943 >,
 	< 945, 78, 1, 0, 61, 103, 7, 944 >,
 	< 946, 78, 9, 36, 83, 194, 4, 945 >,
 	< 947, 78, 3, 91, 92, 165, 3, 946 >,
 	// order 79
 	< 948, 79, 4, 0, 99, 126, 2, -1 >,
 	< 949, 79, 5, 50, 0, 130, 0, 948 >,
 	< 950, 79, 4, 0, 52, 138, 1, 949 >,
 	< 951, 79, 4, 37, 55, 102, 6, 950 >,
 	< 952, 79, 4, 0, 42, 141, 9, 951 >,
 	< 953, 79, 7, 67, 68, 133, 8, 952 >,
 	< 954, 79, 4, 98, 0, 146, 5, 953 >,
 	< 955, 79, 10, 70, 41, 158, 7, 954 >,
 	< 956, 79, 6, 81, 61, 155, 4, 955 >,
 	< 957, 79, 9, 0, 35, 152, 3, 956 >,
 	< 958, 79, 7, 0, 33, 180, 2, 957 >,
 	< 959, 79, 9, 99, 65, 176, 0, 958 >,
 	// order 80
 	< 960, 80, 10, 0, 54, 117, 1, -1 >,
 	< 961, 80, 9, 54, 78, 186, 6, 960 >,
 	< 962, 80, 8, 38, 0, 142, 9, 961 >,
 	< 963, 80, 2, 0, 95, 178, 8, 962 >,
 	< 964, 80, 3, 99, 68, 142, 5, 963 >,
 	< 965, 80, 2, 80, 58, 107, 7, 964 >,
 	< 966, 80, 8, 81, 0, 109, 4, 965 >,
 	< 967, 80, 4, 0, 0, 142, 3, 966 >,
 	< 968, 80, 1, 84, 0, 187, 2, 967 >,
 	< 969, 80, 10, 0, 0, 170, 0, 968 >,
 	< 970, 80, 7, 0, 99, 171, 1, 969 >,
 	< 971, 80, 2, 0, 0, 164, 6, 970 >,
 	// order 81
 	< 972, 81, 5, 0, 0, 129, 9, -1 >,
 	< 973, 81, 1, 0, 30, 157, 8, 972 >,
 	< 974, 81, 8, 0, 0, 192, 5, 973 >,
 	< 975, 81, 7, 0, 0, 116, 7, 974 >,
 	< 976, 81, 1, 0, 77, 149, 4, 975 >,
 	< 977, 81, 9, 0, 0, 100, 3, 976 >,
 	< 978, 81, 3, 0, 89, 156, 2, 977 >,
 	< 979, 81, 10, 82, 32, 200, 0, 978 >,
 	< 980, 81, 8, 51, 90, 136, 1, 979 >,
 	< 981, 81, 7, 0, 84, 154, 6, 980 >,
 	< 982, 81, 2, 68, 0, 181, 9, 981 >,
 	< 983, 81, 9, 98, 96, 127, 8, 982 >,
 	// order 82
 	< 984, 82, 10, 0, 0, 121, 5, -1 >,
 	< 985, 82, 8, 0, 0, 141, 7, 984 >,
 	< 986, 82, 2, 0, 0, 136, 4, 985 >,
 	< 987, 82, 4, 0, 96, 182, 3, 986 >,
 	< 988, 82, 2, 0, 0, 140, 2, 987 >,
 	< 989, 82, 3, 56, 0, 129, 0, 988 >,
 	< 990, 82, 5, 0, 85, 160, 1, 989 >,
 	< 991, 82, 5, 0, 89, 109, 6, 990 >,
 	< 992, 82, 5, 74, 0, 158, 9, 991 >,
 	< 993, 82, 3, 65, 48, 117, 8, 992 >,
 	< 994, 82, 10, 93, 0, 184, 5, 993 >,
 	< 995, 82, 5, 0, 84, 149, 7, 994 >,
 	// order 83
 	< 996, 83, 9, 0, 0, 175, 4, -1 >,
 	< 997, 83, 3, 58, 0, 200, 3, 996 >,
 	< 998, 83, 4, 54, 62, 116, 2, 997 >,
 	< 999, 83, 6, 94, 0, 164, 0, 998 >,
 	< 1000, 83, 3, 94, 0, 146, 1, 999 >,
 	< 1001, 83, 3, 73, 30, 160, 6, 1000 >,
 	< 1002, 83, 7, 0, 77, 161, 9, 1001 >,
 	< 1003, 83, 2, 53, 43, 107, 8, 1002 >,
 	< 1004, 83, 8, 53, 38, 144, 5, 1003 >,
 	< 1005, 83, 10, 0, 68, 168, 7, 1004 >,
 	< 1006, 83, 2, 0, 0, 112, 4, 1005 >,
 	< 1007, 83, 4, 0, 77, 178, 3, 1006 >,
 	// order 84
 	< 1008, 84, 7, 80, 0, 128, 2, -1 >,
 	< 1009, 84, 2, 69, 0, 106, 0, 1008 >,
 	< 1010, 84, 6, 62, 0, 197, 1, 1009 >,
 	< 1011, 84, 10, 90, 0, 149, 6, 1010 >,
 	< 1012, 84, 7, 0, 0, 106, 9, 1011 >,
 	< 1013, 84, 10, 54, 64, 189, 8, 1012 >,
 	< 1014, 84, 5, 0, 59, 141, 5, 1013 >,
 	< 1015, 84, 8, 0, 0, 132, 7, 1014 >,
 	< 1016, 84, 10, 61, 0, 161, 4, 1015 >,
 	< 1017, 84, 10, 0, 39, 118, 3, 1016 >,
 	< 1018, 84, 2, 60, 42, 115, 2, 1017 >,
 	< 1019, 84, 3, 76, 0, 133, 0, 1018 >,
 	// order 85
 	< 1020, 85, 9, 0, 0, 142, 1, -1 >,
 	< 1021, 85, 7, 0, 32, 173, 6, 1020 >,
 	< 1022, 85, 3, 77, 45, 184, 9, 1021 >,
 	< 1023, 85, 2, 0, 37, 188, 8, 1022 >,
 	< 1024, 85, 3, 0, 0, 131, 5, 1023 >,
 	< 1025, 85, 4, 66, 48, 119, 7, 1024 >,
 	< 1026, 85, 1, 93, 35, 139, 4, 1025 >,
 	< 1027, 85, 4, 97, 61, 163, 3, 1026 >,
 	< 1028, 85, 4, 62, 94, 160, 2, 1027 >,
 	< 1029, 85, 4, 86, 68, 135, 0, 1028 >,
 	< 1030, 85, 1, 94, 32, 169, 1, 1029 >,
 	< 1031, 85, 8, 85, 45, 113, 6, 1030 >,
 	// order 86
 	< 1032, 86, 8, 40, 0, 182, 9, -1 >,
 	< 1033, 86, 9, 58, 0, 165, 8, 1032 >,
 	< 1034, 86, 9, 0, 68, 106, 5, 1033 >,
 	< 1035, 86, 10, 0, 0, 140, 7, 1034 >,
 	< 1036, 86, 2, 0, 96, 145, 4, 1035 >,
 	< 1037, 86, 5, 70, 0, 200, 3, 1036 >,
 	< 1038, 86, 6, 91, 53, 105, 2, 1037 >,
 	< 1039, 86, 4, 0, 40, 199, 0, 1038 >,
 	< 1040, 86, 2, 0, 58, 182, 1, 1039 >,
 	< 1041, 86, 5, 64, 86, 142, 6, 1040 >,
 	< 1042, 86, 5, 0, 0, 109, 9, 1041 >,
 	< 1043, 86, 3, 79, 44, 124, 8, 1042 >,
 	// order 87
 	< 1044, 87, 6, 0, 86, 196, 5, -1 >,
 	< 1045, 87, 8, 65, 62, 156, 7, 1044 >,
 	< 1046, 87, 2, 0, 93, 162, 4, 1045 >,
 	< 1047, 87, 6, 30, 35, 163, 3, 1046 >,
 	< 1048, 87, 2, 0, 0, 173, 2, 1047 >,
 	< 1049, 87, 6, 0, 84, 176, 0, 1048 >,
 	< 1050, 87, 10, 82, 82, 107, 1, 1049 >,
 	< 1051, 87, 6, 84, 0, 200, 6, 1050 >,
 	< 1052, 87, 10, 0, 53, 172, 9, 1051 >,
 	< 1053, 87, 2, 0, 33, 106, 8, 1052 >,
 	< 1054, 87, 10, 0, 0, 190, 5, 1053 >,
 	< 1055, 87, 3, 60, 0, 112, 7, 1054 >,
 	// order 88
 	< 1056, 88, 3, 96, 74, 121, 4, -1 >,
 	< 1057, 88, 7, 0, 0, 154, 3, 1056 >,
 	< 1058, 88, 10, 46, 0, 108, 2, 1057 >,
 	< 1059, 88, 8, 50, 0, 101, 0, 1058 >,
 	< 1060, 88, 5, 0, 0, 171, 1, 1059 >,
 	< 1061, 88, 7, 61, 81, 152, 6, 1060 >,
 	< 1062, 88, 4, 0, 76, 109, 9, 1061 >,
 	< 1063, 88, 4, 75, 0, 111, 8, 1062 >,
 	< 1064, 88, 1, 33, 0, 111, 5, 1063 >,
 	< 1065, 88, 4, 41, 0, 119, 7, 1064 >,
 	< 1066, 88, 4, 0, 0, 121, 4, 1065 >,
 	< 1067, 88, 7, 0, 0, 122, 3, 1066 >,
 	// order 89
 	< 1068, 89, 1, 84, 0, 159, 2, -1 >,
 	< 1069, 89, 7, 0, 38, 159, 0, 1068 >,
 	< 1070, 89, 3, 81, 0, 105, 1, 1069 >,
 	< 1071, 89, 10, 70, 37, 160, 6, 1070 >,
 	< 1072, 89, 4, 0, 0, 149, 9, 1071 >,
 	< 1073, 89, 6, 0, 84, 143, 8, 1072 >,
 	< 1074, 89, 10, 87, 75, 160, 5, 1073 >,
 	< 1075, 89, 4, 48, 0, 193, 7, 1074 >,
 	< 1076, 89, 4, 0, 0, 193, 4, 1075 >,
 	< 1077, 89, 3, 0, 0, 133, 3, 1076 >,
 	< 1078, 89, 5, 0, 0, 126, 2, 1077 >,
 	< 1079, 89, 4, 73, 0, 148, 0, 1078 >,
 	// order 90
 	< 1080, 90, 7, 0, 0, 116, 1, -1 >,
 	< 1081, 90, 1, 75, 0, 198, 6, 1080 >,
 	< 1082, 90, 10, 62, 33, 130, 9, 1081 >,
 	< 1083, 90, 6, 0, 0, 121, 8, 1082 >,
 	< 1084, 90, 2, 0, 0, 107, 5, 1083 >,
 	< 1085, 90, 10, 51, 0, 182, 7, 1084 >,
 	< 1086, 90, 6, 0, 0, 102, 4, 1085 >,
 	< 1087, 90, 3, 50, 0, 195, 3, 1086 >,
 	< 1088, 90, 8, 0, 0, 148, 2, 1087 >,
 	< 1089, 90, 6, 0, 0, 159, 0, 1088 >,
 	< 1090, 90, 9, 42, 79, 121, 1, 1089 >,
 	< 1091, 90, 4, 0, 0, 112, 6, 1090 >,
 	// order 91
 	< 1092, 91, 5, 64, 0, 171, 9, -1 >,
 	< 1093, 91, 6, 86, 89, 155, 8, 1092 >,
 	< 1094, 91, 3, 83, 0, 162, 5, 1093 >,
 	< 1095, 91, 5, 81, 87, 187, 7, 1094 >,
 	< 1096, 91, 6, 0, 60, 101, 4, 1095 >,
 	< 1097, 91, 10, 43, 73, 102, 3, 1096 >,
 	< 1098, 91, 8, 46, 0, 127, 2, 1097 >,
 	< 1099, 91, 7, 76, 84, 166, 0, 1098 >,
 	< 1100, 91, 1, 40, 0, 174, 1, 1099 >,
 	< 1101, 91, 1, 57, 67, 131, 6, 1100 >,
 	< 1102, 91, 6, 0, 0, 172, 9, 1101 >,
 	< 1103, 91, 3, 0, 93, 136, 8, 1102 >,
 	// order 92
 	< 1104, 92, 1, 44, 93, 186, 5, -1 >,
 	< 1105, 92, 2, 0, 0, 175, 7, 1104 >,
 	< 1106, 92, 1, 0, 0, 192, 4, 1105 >,
 	< 1107, 92, 4, 0, 0, 159, 3, 1106 >,
 	< 1108, 92, 3, 57, 0, 194, 2, 1107 >,
 	< 1109, 92, 5, 0, 0, 183, 0, 1108 >,
 	< 1110, 92, 4, 54, 0, 183, 1, 1109 >,
 	< 1111, 92, 9, 0, 38, 144, 6, 1110 >,
 	< 1112, 92, 2, 92, 77, 103, 9, 1111 >,
 	< 1113, 92, 10, 49, 0, 148, 8, 1112 >,
 	< 1114, 92, 8, 99, 71, 106, 5, 1113 >,
 	< 1115, 92, 10, 100, 69, 162, 7, 1114 >,
 	// order 93
 	< 1116, 93, 1, 72, 0, 126, 4, -1 >,
 	< 1117, 93, 2, 0, 53, 124, 3, 1116 >,
 	< 1118, 93, 7, 0, 0, 137, 2, 1117 >,
 	< 1119, 93, 10, 55, 0, 198, 0, 1118 >,
 	< 1120, 93, 2, 54, 98, 136, 1, 1119 >,
 	< 1121, 93, 6, 0, 60, 193, 6, 1120 >,
 	< 1122, 93, 2, 72, 89, 114, 9, 1121 >,
 	< 1123, 93, 1, 0, 52, 108, 8, 1122 >,
 	< 1124, 93, 8, 0, 0, 191, 5, 1123 >,
 	< 1125, 93, 9, 45, 0, 125, 7, 1124 >,
 	< 1126, 93, 4, 83, 0, 181, 4, 1125 >,
 	< 1127, 93, 7, 0, 76, 169, 3, 1126 >,
 	// order 94
 	< 1128, 94, 10, 0, 0, 140, 2, -1 >,
 	< 1129, 94, 2, 67, 0, 153, 0, 1128 >,
 	< 1130, 94, 8, 54, 0, 165, 1, 1129 >,
 	< 1131, 94, 1, 0, 0, 119, 6, 1130 >,
 	< 1132, 94, 1, 82, 0, 164, 9, 1131 >,
 	< 1133, 94, 2, 39, 43, 109, 8, 1132 >,
 	< 1134, 94, 2, 0, 0, 136, 5, 1133 >,
 	< 1135, 94, 10, 0, 65, 177, 7, 1134 >,
 	< 1136, 94, 4, 52, 78, 139, 4, 1135 >,
 	< 1137, 94, 6, 76, 0, 134, 3, 1136 >,
 	< 1138, 94, 8, 94, 40, 195, 2, 1137 >,
 	< 1139, 94, 10, 37, 100, 199, 0, 1138 >,
 	// order 95
 	< 1140, 95, 4, 0, 0, 172, 1, -1 >,
 	< 1141, 95, 3, 56, 0, 136, 6, 1140 >,
 	< 1142, 95, 6, 0, 38, 118, 9, 1141 >,
 	< 1143, 95, 1, 0, 0, 158, 8, 1142 >,
 	< 1144, 95, 7, 0, 90, 132, 5, 1143 >,
 	< 1145, 95, 7, 0, 45, 102, 7, 1144 >,
 	< 1146, 95, 5, 58, 55, 196, 4, 1145 >,
 	< 1147, 95, 10, 51, 56, 198, 3, 1146 >,
 	< 1148, 95, 3, 99, 0, 110, 2, 1147 >,
 	< 1149, 95, 1, 0, 92, 158, 0, 1148 >,
 	< 1150, 95, 6, 37, 37, 149, 1, 1149 >,
 	< 1151, 95, 8, 71, 0, 177, 6, 1150 >,
 	// order 96
 	< 1152, 96, 4, 58, 0, 142, 9, -1 >,
 	< 1153, 96, 5, 0, 0, 147, 8, 1152 >,
 	< 1154, 96, 1, 44, 44, 105, 5, 1153 >,
 	< 1155, 96, 9, 0, 34, 141, 7, 1154 >,
 	< 1156, 96, 3, 0, 62, 188, 4, 1155 >,
 	< 1157, 96, 9, 90, 0, 185, 3, 1156 >,
 	< 1158, 96, 6, 0, 0, 121, 2, 1157 >,
 	< 1159, 96, 10, 70, 0, 168, 0, 1158 >,
 	< 1160, 96, 6, 0, 58, 154, 1, 1159 >,
 	< 1161, 96, 10, 0, 0, 131, 6, 1160 >,
 	< 1162, 96, 1, 78, 0, 152, 9, 1161 >,
 	< 1163, 96, 10, 44, 97, 124, 8, 1162 >,
 	// order 97
 	< 1164, 97, 6, 51, 74, 151, 5, -1 >,
 	< 1165, 97, 5, 0, 0, 127, 7, 1164 >,
 	< 1166, 97, 1, 0, 89, 147, 4, 1165 >,
 	< 1167, 97, 2, 0, 53, 152, 3, 1166 >,
 	< 1168, 97, 6, 0, 87, 188, 2, 1167 >,
 	< 1169, 97, 2, 0, 35, 171, 0, 1168 >,
 	< 1170, 97, 8, 0, 93, 114, 1, 1169 >,
 	< 1171, 97, 10, 33, 31, 146, 6, 1170 >,
 	< 1172, 97, 2, 33, 53, 175, 9, 1171 >,
 	< 1173, 97, 5, 0, 30, 146, 8, 1172 >,
 	< 1174, 97, 7, 0, 35, 110, 5, 1173 >,
 	< 1175, 97, 6, 62, 0, 190, 7, 1174 >,
 	// order 98
 	< 1176, 98, 1, 67, 0, 168, 4, -1 >,
 	< 1177, 98, 1, 66, 0, 145, 3, 1176 >,
 	< 1178, 98, 10, 0, 0, 140, 2, 1177 >,
 	< 1179, 98, 6, 0, 68, 141, 0, 1178 >,
 	< 1180, 98, 9, 48, 49, 138, 1, 1179 >,
 	< 1181, 98, 2, 0, 0, 186, 6, 1180 >,
 	< 1182, 98, 5, 0, 0, 181, 9, 1181 >,
 	< 1183, 98, 6, 0, 0, 151, 8, 1182 >,
 	< 1184, 98, 10, 80, 68, 170, 5, 1183 >,
 	< 1185, 98, 6, 0, 0, 138, 7, 1184 >,
 	< 1186, 98, 3, 73, 50, 104, 4, 1185 >,
 	< 1187, 98, 4, 0, 33, 126, 3, 1186 >,
 	// order 99
 	< 1188, 99, 7, 0, 75, 165, 2, -1 >,
 	< 1189, 99, 7, 0, 65, 149, 0, 1188 >,
 	< 1190, 99, 4, 0, 93, 190, 1, 1189 >,
 	< 1191, 99, 8, 0, 69, 114, 6, 1190 >,
 	< 1192, 99, 8, 0, 94, 147, 9, 1191 >,
 	< 1193, 99, 3, 96, 0, 147, 8, 1192 >,
 	< 1194, 99, 2, 0, 0, 125, 5, 1193 >,
 	< 1195, 99, 3, 0, 34, 189, 7, 1194 >,
 	< 1196, 99, 1, 0, 89, 189, 4, 1195 >,
 	< 1197, 99, 10, 0, 85, 139, 3, 1196 >,
 	< 1198, 99, 4, 0, 0, 127, 2, 1197 >,
 	< 1199, 99, 10, 0, 79, 194, 0, 1198 >
 };
