/*********************************************
 * OPL 12.10.0.0 Data
 * Author: Kinast
 * Creation date: Aug 17, 2021 at 11:50:19 AM
 *********************************************/

 nOrders = 100;
 nTasks = 1200;

 nWorkgroups = 10;
 nWorkstations = 50;

 nCobots = 0;
 cobotTimeFactor = 0.7;

 workstations = {
 	< 0, "Workstation 0", 0, 1.13, 0.97, 1, 5 >,
 	< 1, "Workstation 1", 1, 0.8, 1.16, 1, 4 >,
 	< 2, "Workstation 2", 2, 0.82, 0.77, 1, 5 >,
 	< 3, "Workstation 3", 0, 0.76, 0.99, 1, 2 >,
 	< 4, "Workstation 4", 3, 1.11, 1.23, 1, 5 >,
 	< 5, "Workstation 5", 4, 1.12, 1.07, 1, 3 >,
 	< 6, "Workstation 6", 5, 1.16, 0.8, 1, 1 >,
 	< 7, "Workstation 7", 6, 0.87, 0.98, 1, 1 >,
 	< 8, "Workstation 8", 6, 1.01, 1.22, 1, 1 >,
 	< 9, "Workstation 9", 7, 1.19, 1.19, 1, 3 >,
 	< 10, "Workstation 10", 8, 0.93, 0.99, 1, 5 >,
 	< 11, "Workstation 11", 5, 0.83, 1.23, 1, 1 >,
 	< 12, "Workstation 12", 0, 1.21, 1.14, 1, 3 >,
 	< 13, "Workstation 13", 6, 0.97, 0.78, 1, 1 >,
 	< 14, "Workstation 14", 9, 0.87, 0.8, 1, 2 >,
 	< 15, "Workstation 15", 8, 1.1, 0.83, 1, 1 >,
 	< 16, "Workstation 16", 1, 1.14, 1.11, 1, 4 >,
 	< 17, "Workstation 17", 0, 0.8, 1.11, 1, 3 >,
 	< 18, "Workstation 18", 2, 1.04, 1.17, 1, 5 >,
 	< 19, "Workstation 19", 3, 1.23, 1.08, 1, 1 >,
 	< 20, "Workstation 20", 4, 1.08, 0.93, 1, 1 >,
 	< 21, "Workstation 21", 1, 0.8, 0.99, 1, 1 >,
 	< 22, "Workstation 22", 3, 1.13, 1.2, 1, 3 >,
 	< 23, "Workstation 23", 3, 1.02, 1.15, 1, 1 >,
 	< 24, "Workstation 24", 4, 1.17, 1.03, 1, 3 >,
 	< 25, "Workstation 25", 7, 0.77, 0.86, 1, 2 >,
 	< 26, "Workstation 26", 5, 1, 0.97, 1, 4 >,
 	< 27, "Workstation 27", 9, 1.18, 1.03, 1, 1 >,
 	< 28, "Workstation 28", 5, 1.21, 1.1, 1, 2 >,
 	< 29, "Workstation 29", 9, 1.12, 1.1, 1, 4 >,
 	< 30, "Workstation 30", 3, 1.05, 1.09, 1, 2 >,
 	< 31, "Workstation 31", 0, 1.16, 0.96, 1, 1 >,
 	< 32, "Workstation 32", 2, 1.08, 0.87, 1, 1 >,
 	< 33, "Workstation 33", 7, 0.86, 0.93, 1, 1 >,
 	< 34, "Workstation 34", 2, 1.17, 1.25, 1, 1 >,
 	< 35, "Workstation 35", 7, 1.1, 1.21, 1, 3 >,
 	< 36, "Workstation 36", 9, 0.77, 1.16, 1, 2 >,
 	< 37, "Workstation 37", 5, 1.16, 0.92, 1, 4 >,
 	< 38, "Workstation 38", 6, 0.75, 0.99, 1, 1 >,
 	< 39, "Workstation 39", 8, 1.25, 1.09, 1, 2 >,
 	< 40, "Workstation 40", 6, 0.81, 1.04, 1, 2 >,
 	< 41, "Workstation 41", 2, 0.86, 1.03, 1, 5 >,
 	< 42, "Workstation 42", 8, 1.07, 0.85, 1, 2 >,
 	< 43, "Workstation 43", 8, 1.22, 1.18, 1, 2 >,
 	< 44, "Workstation 44", 4, 0.76, 1.07, 1, 1 >,
 	< 45, "Workstation 45", 4, 1.07, 0.89, 1, 3 >,
 	< 46, "Workstation 46", 9, 0.8, 0.93, 1, 1 >,
 	< 47, "Workstation 47", 1, 1.08, 1.12, 1, 5 >,
 	< 48, "Workstation 48", 7, 1.02, 0.91, 1, 1 >,
 	< 49, "Workstation 49", 1, 1.14, 0.88, 1, 1 >
 };

 tasks = {
 	// order 0
 	< 0, 0, 3, 72, 56, 188, 3, -1 >,
 	< 1, 0, 6, 84, 68, 180, 9, 0 >,
 	< 2, 0, 8, 0, 0, 104, 8, 1 >,
 	< 3, 0, 10, 0, 71, 198, 5, 2 >,
 	< 4, 0, 8, 50, 0, 157, 7, 3 >,
 	< 5, 0, 9, 30, 88, 127, 0, 4 >,
 	< 6, 0, 2, 0, 49, 194, 1, 5 >,
 	< 7, 0, 1, 78, 70, 151, 6, 6 >,
 	< 8, 0, 2, 66, 0, 124, 2, 7 >,
 	< 9, 0, 3, 0, 0, 165, 4, 8 >,
 	< 10, 0, 3, 0, 69, 185, 3, 9 >,
 	< 11, 0, 4, 86, 0, 200, 9, 10 >,
 	// order 1
 	< 12, 1, 8, 0, 48, 164, 8, -1 >,
 	< 13, 1, 7, 82, 0, 187, 5, 12 >,
 	< 14, 1, 5, 0, 0, 141, 7, 13 >,
 	< 15, 1, 3, 64, 65, 156, 0, 14 >,
 	< 16, 1, 4, 53, 0, 106, 1, 15 >,
 	< 17, 1, 8, 0, 0, 142, 6, 16 >,
 	< 18, 1, 7, 0, 73, 154, 2, 17 >,
 	< 19, 1, 9, 0, 0, 154, 4, 18 >,
 	< 20, 1, 9, 0, 0, 149, 3, 19 >,
 	< 21, 1, 4, 0, 0, 189, 9, 20 >,
 	< 22, 1, 4, 52, 0, 182, 8, 21 >,
 	< 23, 1, 10, 0, 78, 122, 5, 22 >,
 	// order 2
 	< 24, 2, 8, 44, 62, 186, 7, -1 >,
 	< 25, 2, 4, 0, 0, 151, 0, 24 >,
 	< 26, 2, 8, 72, 66, 194, 1, 25 >,
 	< 27, 2, 8, 0, 0, 182, 6, 26 >,
 	< 28, 2, 2, 97, 0, 135, 2, 27 >,
 	< 29, 2, 7, 59, 58, 161, 4, 28 >,
 	< 30, 2, 2, 71, 82, 134, 3, 29 >,
 	< 31, 2, 10, 65, 0, 188, 9, 30 >,
 	< 32, 2, 1, 42, 95, 152, 8, 31 >,
 	< 33, 2, 5, 45, 0, 130, 5, 32 >,
 	< 34, 2, 9, 0, 76, 101, 7, 33 >,
 	< 35, 2, 6, 40, 77, 106, 0, 34 >,
 	// order 3
 	< 36, 3, 10, 76, 0, 109, 1, -1 >,
 	< 37, 3, 8, 87, 0, 170, 6, 36 >,
 	< 38, 3, 7, 0, 46, 100, 2, 37 >,
 	< 39, 3, 5, 43, 96, 118, 4, 38 >,
 	< 40, 3, 4, 99, 87, 108, 3, 39 >,
 	< 41, 3, 4, 0, 0, 136, 9, 40 >,
 	< 42, 3, 3, 0, 88, 159, 8, 41 >,
 	< 43, 3, 3, 60, 50, 141, 5, 42 >,
 	< 44, 3, 1, 45, 35, 142, 7, 43 >,
 	< 45, 3, 1, 0, 0, 196, 0, 44 >,
 	< 46, 3, 10, 92, 86, 168, 1, 45 >,
 	< 47, 3, 5, 0, 49, 142, 6, 46 >,
 	// order 4
 	< 48, 4, 10, 0, 0, 109, 2, -1 >,
 	< 49, 4, 9, 0, 0, 128, 4, 48 >,
 	< 50, 4, 9, 45, 84, 130, 3, 49 >,
 	< 51, 4, 3, 87, 76, 131, 9, 50 >,
 	< 52, 4, 4, 0, 0, 125, 8, 51 >,
 	< 53, 4, 5, 0, 0, 180, 5, 52 >,
 	< 54, 4, 6, 0, 0, 102, 7, 53 >,
 	< 55, 4, 1, 38, 0, 181, 0, 54 >,
 	< 56, 4, 7, 0, 0, 160, 1, 55 >,
 	< 57, 4, 9, 0, 0, 178, 6, 56 >,
 	< 58, 4, 1, 0, 0, 159, 2, 57 >,
 	< 59, 4, 10, 68, 0, 196, 4, 58 >,
 	// order 5
 	< 60, 5, 2, 96, 0, 162, 3, -1 >,
 	< 61, 5, 8, 0, 83, 143, 9, 60 >,
 	< 62, 5, 7, 0, 85, 118, 8, 61 >,
 	< 63, 5, 10, 41, 75, 171, 5, 62 >,
 	< 64, 5, 6, 44, 0, 138, 7, 63 >,
 	< 65, 5, 10, 0, 0, 161, 0, 64 >,
 	< 66, 5, 8, 100, 0, 188, 1, 65 >,
 	< 67, 5, 4, 0, 31, 148, 6, 66 >,
 	< 68, 5, 10, 33, 72, 158, 2, 67 >,
 	< 69, 5, 5, 0, 0, 165, 4, 68 >,
 	< 70, 5, 10, 0, 0, 139, 3, 69 >,
 	< 71, 5, 3, 88, 77, 123, 9, 70 >,
 	// order 6
 	< 72, 6, 8, 59, 0, 168, 8, -1 >,
 	< 73, 6, 10, 0, 94, 188, 5, 72 >,
 	< 74, 6, 7, 0, 0, 102, 7, 73 >,
 	< 75, 6, 8, 62, 0, 162, 0, 74 >,
 	< 76, 6, 9, 76, 0, 156, 1, 75 >,
 	< 77, 6, 7, 0, 72, 182, 6, 76 >,
 	< 78, 6, 3, 0, 99, 179, 2, 77 >,
 	< 79, 6, 7, 69, 33, 161, 4, 78 >,
 	< 80, 6, 4, 59, 0, 103, 3, 79 >,
 	< 81, 6, 7, 0, 0, 166, 9, 80 >,
 	< 82, 6, 6, 0, 37, 178, 8, 81 >,
 	< 83, 6, 4, 0, 91, 149, 5, 82 >,
 	// order 7
 	< 84, 7, 5, 0, 82, 163, 7, -1 >,
 	< 85, 7, 4, 0, 0, 136, 0, 84 >,
 	< 86, 7, 4, 42, 45, 100, 1, 85 >,
 	< 87, 7, 6, 0, 0, 196, 6, 86 >,
 	< 88, 7, 6, 0, 70, 195, 2, 87 >,
 	< 89, 7, 4, 0, 64, 119, 4, 88 >,
 	< 90, 7, 5, 32, 59, 163, 3, 89 >,
 	< 91, 7, 3, 41, 83, 101, 9, 90 >,
 	< 92, 7, 3, 78, 53, 159, 8, 91 >,
 	< 93, 7, 4, 0, 0, 130, 5, 92 >,
 	< 94, 7, 9, 53, 0, 150, 7, 93 >,
 	< 95, 7, 9, 60, 0, 145, 0, 94 >,
 	// order 8
 	< 96, 8, 6, 0, 84, 176, 1, -1 >,
 	< 97, 8, 5, 0, 87, 175, 6, 96 >,
 	< 98, 8, 9, 0, 0, 151, 2, 97 >,
 	< 99, 8, 8, 93, 0, 198, 4, 98 >,
 	< 100, 8, 6, 57, 42, 168, 3, 99 >,
 	< 101, 8, 2, 0, 39, 137, 9, 100 >,
 	< 102, 8, 2, 50, 0, 148, 8, 101 >,
 	< 103, 8, 2, 0, 36, 186, 5, 102 >,
 	< 104, 8, 5, 51, 61, 144, 7, 103 >,
 	< 105, 8, 8, 83, 96, 157, 0, 104 >,
 	< 106, 8, 5, 89, 0, 121, 1, 105 >,
 	< 107, 8, 8, 0, 38, 118, 6, 106 >,
 	// order 9
 	< 108, 9, 5, 0, 38, 115, 2, -1 >,
 	< 109, 9, 9, 0, 87, 198, 4, 108 >,
 	< 110, 9, 10, 0, 0, 188, 3, 109 >,
 	< 111, 9, 1, 0, 47, 136, 9, 110 >,
 	< 112, 9, 6, 0, 60, 154, 8, 111 >,
 	< 113, 9, 3, 0, 0, 133, 5, 112 >,
 	< 114, 9, 10, 0, 61, 174, 7, 113 >,
 	< 115, 9, 3, 0, 92, 133, 0, 114 >,
 	< 116, 9, 3, 86, 0, 177, 1, 115 >,
 	< 117, 9, 10, 53, 98, 106, 6, 116 >,
 	< 118, 9, 8, 89, 0, 159, 2, 117 >,
 	< 119, 9, 10, 30, 0, 184, 4, 118 >,
 	// order 10
 	< 120, 10, 9, 0, 75, 143, 3, -1 >,
 	< 121, 10, 2, 57, 72, 121, 9, 120 >,
 	< 122, 10, 6, 0, 66, 174, 8, 121 >,
 	< 123, 10, 1, 63, 97, 147, 5, 122 >,
 	< 124, 10, 5, 0, 0, 139, 7, 123 >,
 	< 125, 10, 10, 0, 0, 128, 0, 124 >,
 	< 126, 10, 4, 85, 0, 147, 1, 125 >,
 	< 127, 10, 5, 0, 54, 182, 6, 126 >,
 	< 128, 10, 1, 34, 0, 185, 2, 127 >,
 	< 129, 10, 3, 92, 90, 197, 4, 128 >,
 	< 130, 10, 2, 39, 55, 194, 3, 129 >,
 	< 131, 10, 5, 0, 0, 115, 9, 130 >,
 	// order 11
 	< 132, 11, 5, 0, 47, 136, 8, -1 >,
 	< 133, 11, 8, 64, 0, 163, 5, 132 >,
 	< 134, 11, 5, 0, 96, 101, 7, 133 >,
 	< 135, 11, 5, 0, 0, 192, 0, 134 >,
 	< 136, 11, 8, 0, 0, 130, 1, 135 >,
 	< 137, 11, 4, 0, 0, 165, 6, 136 >,
 	< 138, 11, 7, 0, 0, 168, 2, 137 >,
 	< 139, 11, 1, 0, 74, 170, 4, 138 >,
 	< 140, 11, 6, 0, 0, 147, 3, 139 >,
 	< 141, 11, 7, 0, 45, 147, 9, 140 >,
 	< 142, 11, 8, 43, 97, 181, 8, 141 >,
 	< 143, 11, 1, 48, 0, 102, 5, 142 >,
 	// order 12
 	< 144, 12, 10, 0, 0, 104, 7, -1 >,
 	< 145, 12, 2, 0, 0, 163, 0, 144 >,
 	< 146, 12, 10, 0, 0, 200, 1, 145 >,
 	< 147, 12, 4, 0, 30, 193, 6, 146 >,
 	< 148, 12, 5, 0, 80, 108, 2, 147 >,
 	< 149, 12, 9, 59, 0, 173, 4, 148 >,
 	< 150, 12, 2, 77, 0, 104, 3, 149 >,
 	< 151, 12, 7, 84, 0, 108, 9, 150 >,
 	< 152, 12, 5, 0, 0, 102, 8, 151 >,
 	< 153, 12, 1, 0, 0, 158, 5, 152 >,
 	< 154, 12, 10, 70, 0, 179, 7, 153 >,
 	< 155, 12, 1, 0, 0, 134, 0, 154 >,
 	// order 13
 	< 156, 13, 4, 56, 74, 167, 1, -1 >,
 	< 157, 13, 6, 0, 50, 101, 6, 156 >,
 	< 158, 13, 1, 0, 68, 154, 2, 157 >,
 	< 159, 13, 10, 0, 0, 170, 4, 158 >,
 	< 160, 13, 7, 88, 95, 152, 3, 159 >,
 	< 161, 13, 6, 0, 0, 188, 9, 160 >,
 	< 162, 13, 6, 0, 49, 129, 8, 161 >,
 	< 163, 13, 10, 69, 78, 182, 5, 162 >,
 	< 164, 13, 9, 0, 100, 148, 7, 163 >,
 	< 165, 13, 6, 0, 0, 155, 0, 164 >,
 	< 166, 13, 9, 33, 0, 165, 1, 165 >,
 	< 167, 13, 7, 0, 72, 110, 6, 166 >,
 	// order 14
 	< 168, 14, 1, 0, 0, 107, 2, -1 >,
 	< 169, 14, 8, 45, 0, 142, 4, 168 >,
 	< 170, 14, 7, 56, 58, 188, 3, 169 >,
 	< 171, 14, 9, 90, 61, 100, 9, 170 >,
 	< 172, 14, 4, 0, 31, 199, 8, 171 >,
 	< 173, 14, 3, 0, 75, 187, 5, 172 >,
 	< 174, 14, 5, 80, 58, 167, 7, 173 >,
 	< 175, 14, 1, 0, 0, 127, 0, 174 >,
 	< 176, 14, 5, 57, 64, 194, 1, 175 >,
 	< 177, 14, 7, 84, 0, 119, 6, 176 >,
 	< 178, 14, 7, 0, 0, 172, 2, 177 >,
 	< 179, 14, 3, 33, 63, 181, 4, 178 >,
 	// order 15
 	< 180, 15, 5, 84, 0, 143, 3, -1 >,
 	< 181, 15, 10, 63, 0, 156, 9, 180 >,
 	< 182, 15, 6, 42, 73, 175, 8, 181 >,
 	< 183, 15, 6, 34, 87, 185, 5, 182 >,
 	< 184, 15, 6, 82, 73, 188, 7, 183 >,
 	< 185, 15, 2, 0, 68, 180, 0, 184 >,
 	< 186, 15, 5, 99, 87, 105, 1, 185 >,
 	< 187, 15, 10, 38, 67, 161, 6, 186 >,
 	< 188, 15, 2, 65, 0, 153, 2, 187 >,
 	< 189, 15, 1, 76, 100, 165, 4, 188 >,
 	< 190, 15, 3, 0, 0, 163, 3, 189 >,
 	< 191, 15, 4, 55, 0, 160, 9, 190 >,
 	// order 16
 	< 192, 16, 1, 79, 75, 114, 8, -1 >,
 	< 193, 16, 8, 0, 0, 175, 5, 192 >,
 	< 194, 16, 7, 0, 0, 106, 7, 193 >,
 	< 195, 16, 7, 37, 71, 197, 0, 194 >,
 	< 196, 16, 5, 95, 0, 126, 1, 195 >,
 	< 197, 16, 8, 57, 0, 165, 6, 196 >,
 	< 198, 16, 10, 57, 71, 133, 2, 197 >,
 	< 199, 16, 3, 62, 0, 134, 4, 198 >,
 	< 200, 16, 1, 39, 0, 135, 3, 199 >,
 	< 201, 16, 2, 0, 88, 122, 9, 200 >,
 	< 202, 16, 2, 44, 0, 114, 8, 201 >,
 	< 203, 16, 9, 0, 0, 188, 5, 202 >,
 	// order 17
 	< 204, 17, 7, 0, 0, 143, 7, -1 >,
 	< 205, 17, 9, 94, 0, 148, 0, 204 >,
 	< 206, 17, 4, 51, 0, 118, 1, 205 >,
 	< 207, 17, 7, 0, 0, 179, 6, 206 >,
 	< 208, 17, 2, 70, 0, 159, 2, 207 >,
 	< 209, 17, 6, 0, 98, 117, 4, 208 >,
 	< 210, 17, 8, 0, 0, 105, 3, 209 >,
 	< 211, 17, 4, 84, 100, 115, 9, 210 >,
 	< 212, 17, 4, 0, 0, 108, 8, 211 >,
 	< 213, 17, 6, 0, 0, 193, 5, 212 >,
 	< 214, 17, 9, 71, 89, 106, 7, 213 >,
 	< 215, 17, 1, 52, 0, 177, 0, 214 >,
 	// order 18
 	< 216, 18, 5, 0, 0, 197, 1, -1 >,
 	< 217, 18, 8, 0, 0, 183, 6, 216 >,
 	< 218, 18, 5, 81, 0, 164, 2, 217 >,
 	< 219, 18, 5, 0, 0, 180, 4, 218 >,
 	< 220, 18, 5, 0, 36, 130, 3, 219 >,
 	< 221, 18, 5, 55, 30, 160, 9, 220 >,
 	< 222, 18, 5, 91, 0, 162, 8, 221 >,
 	< 223, 18, 3, 39, 0, 140, 5, 222 >,
 	< 224, 18, 7, 66, 88, 100, 7, 223 >,
 	< 225, 18, 2, 0, 55, 168, 0, 224 >,
 	< 226, 18, 6, 0, 0, 183, 1, 225 >,
 	< 227, 18, 3, 40, 41, 160, 6, 226 >,
 	// order 19
 	< 228, 19, 2, 0, 0, 142, 2, -1 >,
 	< 229, 19, 5, 0, 0, 180, 4, 228 >,
 	< 230, 19, 5, 31, 0, 139, 3, 229 >,
 	< 231, 19, 8, 59, 0, 148, 9, 230 >,
 	< 232, 19, 5, 42, 76, 193, 8, 231 >,
 	< 233, 19, 9, 88, 0, 139, 5, 232 >,
 	< 234, 19, 6, 0, 34, 181, 7, 233 >,
 	< 235, 19, 6, 0, 0, 124, 0, 234 >,
 	< 236, 19, 4, 76, 0, 153, 1, 235 >,
 	< 237, 19, 6, 52, 48, 109, 6, 236 >,
 	< 238, 19, 9, 0, 32, 135, 2, 237 >,
 	< 239, 19, 5, 0, 66, 159, 4, 238 >,
 	// order 20
 	< 240, 20, 8, 0, 0, 140, 3, -1 >,
 	< 241, 20, 9, 0, 0, 118, 9, 240 >,
 	< 242, 20, 6, 0, 0, 134, 8, 241 >,
 	< 243, 20, 2, 0, 40, 180, 5, 242 >,
 	< 244, 20, 2, 0, 0, 151, 7, 243 >,
 	< 245, 20, 9, 54, 53, 172, 0, 244 >,
 	< 246, 20, 6, 57, 0, 173, 1, 245 >,
 	< 247, 20, 6, 69, 74, 199, 6, 246 >,
 	< 248, 20, 7, 0, 0, 113, 2, 247 >,
 	< 249, 20, 3, 0, 63, 103, 4, 248 >,
 	< 250, 20, 6, 44, 55, 154, 3, 249 >,
 	< 251, 20, 3, 0, 77, 167, 9, 250 >,
 	// order 21
 	< 252, 21, 9, 83, 63, 120, 8, -1 >,
 	< 253, 21, 2, 85, 72, 180, 5, 252 >,
 	< 254, 21, 6, 62, 0, 102, 7, 253 >,
 	< 255, 21, 4, 66, 38, 130, 0, 254 >,
 	< 256, 21, 2, 0, 83, 172, 1, 255 >,
 	< 257, 21, 2, 0, 73, 105, 6, 256 >,
 	< 258, 21, 10, 0, 0, 129, 2, 257 >,
 	< 259, 21, 5, 36, 42, 168, 4, 258 >,
 	< 260, 21, 5, 80, 87, 190, 3, 259 >,
 	< 261, 21, 5, 0, 58, 116, 9, 260 >,
 	< 262, 21, 1, 46, 85, 196, 8, 261 >,
 	< 263, 21, 5, 0, 0, 147, 5, 262 >,
 	// order 22
 	< 264, 22, 10, 82, 76, 131, 7, -1 >,
 	< 265, 22, 9, 81, 0, 161, 0, 264 >,
 	< 266, 22, 5, 0, 47, 134, 1, 265 >,
 	< 267, 22, 9, 88, 37, 187, 6, 266 >,
 	< 268, 22, 3, 92, 0, 192, 2, 267 >,
 	< 269, 22, 8, 80, 63, 177, 4, 268 >,
 	< 270, 22, 3, 0, 99, 112, 3, 269 >,
 	< 271, 22, 2, 73, 99, 196, 9, 270 >,
 	< 272, 22, 6, 48, 0, 131, 8, 271 >,
 	< 273, 22, 5, 0, 72, 164, 5, 272 >,
 	< 274, 22, 4, 0, 90, 169, 7, 273 >,
 	< 275, 22, 2, 0, 0, 200, 0, 274 >,
 	// order 23
 	< 276, 23, 1, 39, 46, 132, 1, -1 >,
 	< 277, 23, 4, 0, 85, 124, 6, 276 >,
 	< 278, 23, 2, 93, 0, 133, 2, 277 >,
 	< 279, 23, 2, 0, 60, 119, 4, 278 >,
 	< 280, 23, 6, 0, 39, 184, 3, 279 >,
 	< 281, 23, 4, 0, 0, 144, 9, 280 >,
 	< 282, 23, 10, 0, 72, 197, 8, 281 >,
 	< 283, 23, 2, 0, 0, 103, 5, 282 >,
 	< 284, 23, 1, 0, 0, 141, 7, 283 >,
 	< 285, 23, 8, 0, 0, 187, 0, 284 >,
 	< 286, 23, 3, 66, 0, 200, 1, 285 >,
 	< 287, 23, 9, 86, 0, 166, 6, 286 >,
 	// order 24
 	< 288, 24, 3, 57, 39, 125, 2, -1 >,
 	< 289, 24, 3, 33, 93, 193, 4, 288 >,
 	< 290, 24, 2, 41, 0, 142, 3, 289 >,
 	< 291, 24, 5, 0, 0, 143, 9, 290 >,
 	< 292, 24, 6, 98, 0, 164, 8, 291 >,
 	< 293, 24, 7, 99, 0, 189, 5, 292 >,
 	< 294, 24, 9, 64, 0, 153, 7, 293 >,
 	< 295, 24, 7, 0, 87, 113, 0, 294 >,
 	< 296, 24, 10, 0, 98, 130, 1, 295 >,
 	< 297, 24, 5, 53, 63, 123, 6, 296 >,
 	< 298, 24, 7, 0, 0, 173, 2, 297 >,
 	< 299, 24, 9, 0, 65, 165, 4, 298 >,
 	// order 25
 	< 300, 25, 4, 83, 36, 139, 3, -1 >,
 	< 301, 25, 7, 74, 48, 155, 9, 300 >,
 	< 302, 25, 4, 0, 45, 175, 8, 301 >,
 	< 303, 25, 1, 45, 74, 113, 5, 302 >,
 	< 304, 25, 9, 39, 0, 125, 7, 303 >,
 	< 305, 25, 5, 46, 0, 138, 0, 304 >,
 	< 306, 25, 2, 34, 41, 187, 1, 305 >,
 	< 307, 25, 10, 92, 53, 120, 6, 306 >,
 	< 308, 25, 7, 0, 0, 172, 2, 307 >,
 	< 309, 25, 6, 0, 0, 192, 4, 308 >,
 	< 310, 25, 3, 79, 94, 107, 3, 309 >,
 	< 311, 25, 10, 0, 0, 128, 9, 310 >,
 	// order 26
 	< 312, 26, 10, 0, 42, 115, 8, -1 >,
 	< 313, 26, 3, 0, 70, 113, 5, 312 >,
 	< 314, 26, 10, 0, 0, 193, 7, 313 >,
 	< 315, 26, 8, 98, 34, 153, 0, 314 >,
 	< 316, 26, 10, 88, 0, 110, 1, 315 >,
 	< 317, 26, 6, 0, 0, 164, 6, 316 >,
 	< 318, 26, 1, 85, 0, 159, 2, 317 >,
 	< 319, 26, 8, 0, 0, 152, 4, 318 >,
 	< 320, 26, 3, 48, 69, 127, 3, 319 >,
 	< 321, 26, 10, 68, 94, 128, 9, 320 >,
 	< 322, 26, 2, 0, 0, 184, 8, 321 >,
 	< 323, 26, 4, 0, 0, 142, 5, 322 >,
 	// order 27
 	< 324, 27, 1, 37, 0, 103, 7, -1 >,
 	< 325, 27, 5, 0, 0, 200, 0, 324 >,
 	< 326, 27, 6, 0, 52, 144, 1, 325 >,
 	< 327, 27, 6, 0, 0, 110, 6, 326 >,
 	< 328, 27, 10, 65, 0, 197, 2, 327 >,
 	< 329, 27, 4, 0, 0, 198, 4, 328 >,
 	< 330, 27, 8, 71, 0, 125, 3, 329 >,
 	< 331, 27, 7, 61, 93, 115, 9, 330 >,
 	< 332, 27, 9, 0, 0, 180, 8, 331 >,
 	< 333, 27, 9, 0, 42, 197, 5, 332 >,
 	< 334, 27, 7, 100, 46, 149, 7, 333 >,
 	< 335, 27, 10, 88, 83, 166, 0, 334 >,
 	// order 28
 	< 336, 28, 7, 67, 0, 140, 1, -1 >,
 	< 337, 28, 3, 39, 0, 200, 6, 336 >,
 	< 338, 28, 10, 0, 0, 130, 2, 337 >,
 	< 339, 28, 9, 80, 0, 196, 4, 338 >,
 	< 340, 28, 8, 0, 0, 130, 3, 339 >,
 	< 341, 28, 1, 31, 0, 177, 9, 340 >,
 	< 342, 28, 8, 74, 39, 150, 8, 341 >,
 	< 343, 28, 2, 65, 0, 146, 5, 342 >,
 	< 344, 28, 8, 33, 78, 164, 7, 343 >,
 	< 345, 28, 9, 0, 72, 140, 0, 344 >,
 	< 346, 28, 3, 0, 98, 139, 1, 345 >,
 	< 347, 28, 3, 0, 0, 170, 6, 346 >,
 	// order 29
 	< 348, 29, 4, 0, 0, 143, 2, -1 >,
 	< 349, 29, 5, 0, 0, 104, 4, 348 >,
 	< 350, 29, 7, 0, 0, 100, 3, 349 >,
 	< 351, 29, 4, 45, 0, 122, 9, 350 >,
 	< 352, 29, 9, 60, 71, 109, 8, 351 >,
 	< 353, 29, 2, 0, 42, 116, 5, 352 >,
 	< 354, 29, 2, 0, 55, 103, 7, 353 >,
 	< 355, 29, 7, 0, 0, 140, 0, 354 >,
 	< 356, 29, 7, 0, 0, 154, 1, 355 >,
 	< 357, 29, 8, 82, 0, 139, 6, 356 >,
 	< 358, 29, 9, 66, 41, 144, 2, 357 >,
 	< 359, 29, 6, 0, 86, 116, 4, 358 >,
 	// order 30
 	< 360, 30, 1, 0, 43, 195, 3, -1 >,
 	< 361, 30, 9, 54, 98, 170, 9, 360 >,
 	< 362, 30, 9, 86, 83, 131, 8, 361 >,
 	< 363, 30, 9, 0, 54, 191, 5, 362 >,
 	< 364, 30, 10, 76, 58, 195, 7, 363 >,
 	< 365, 30, 4, 100, 50, 132, 0, 364 >,
 	< 366, 30, 4, 0, 0, 113, 1, 365 >,
 	< 367, 30, 6, 52, 0, 128, 6, 366 >,
 	< 368, 30, 5, 0, 85, 197, 2, 367 >,
 	< 369, 30, 6, 49, 0, 163, 4, 368 >,
 	< 370, 30, 1, 38, 0, 181, 3, 369 >,
 	< 371, 30, 6, 0, 0, 156, 9, 370 >,
 	// order 31
 	< 372, 31, 10, 0, 88, 154, 8, -1 >,
 	< 373, 31, 5, 0, 0, 136, 5, 372 >,
 	< 374, 31, 2, 0, 0, 145, 7, 373 >,
 	< 375, 31, 10, 64, 98, 187, 0, 374 >,
 	< 376, 31, 5, 0, 65, 183, 1, 375 >,
 	< 377, 31, 3, 0, 48, 127, 6, 376 >,
 	< 378, 31, 6, 51, 0, 176, 2, 377 >,
 	< 379, 31, 5, 0, 0, 135, 4, 378 >,
 	< 380, 31, 2, 0, 61, 132, 3, 379 >,
 	< 381, 31, 1, 56, 91, 149, 9, 380 >,
 	< 382, 31, 8, 0, 60, 102, 8, 381 >,
 	< 383, 31, 2, 0, 41, 158, 5, 382 >,
 	// order 32
 	< 384, 32, 3, 42, 84, 158, 7, -1 >,
 	< 385, 32, 10, 79, 68, 103, 0, 384 >,
 	< 386, 32, 4, 64, 97, 139, 1, 385 >,
 	< 387, 32, 5, 92, 75, 177, 6, 386 >,
 	< 388, 32, 6, 32, 58, 159, 2, 387 >,
 	< 389, 32, 2, 0, 0, 178, 4, 388 >,
 	< 390, 32, 9, 0, 0, 160, 3, 389 >,
 	< 391, 32, 6, 92, 92, 135, 9, 390 >,
 	< 392, 32, 10, 80, 96, 112, 8, 391 >,
 	< 393, 32, 3, 50, 0, 170, 5, 392 >,
 	< 394, 32, 6, 0, 0, 131, 7, 393 >,
 	< 395, 32, 3, 38, 0, 110, 0, 394 >,
 	// order 33
 	< 396, 33, 4, 0, 72, 190, 1, -1 >,
 	< 397, 33, 1, 54, 93, 108, 6, 396 >,
 	< 398, 33, 4, 50, 88, 179, 2, 397 >,
 	< 399, 33, 3, 49, 0, 134, 4, 398 >,
 	< 400, 33, 2, 0, 0, 133, 3, 399 >,
 	< 401, 33, 3, 50, 0, 198, 9, 400 >,
 	< 402, 33, 8, 0, 33, 181, 8, 401 >,
 	< 403, 33, 10, 0, 95, 158, 5, 402 >,
 	< 404, 33, 9, 0, 0, 111, 7, 403 >,
 	< 405, 33, 4, 99, 64, 148, 0, 404 >,
 	< 406, 33, 3, 0, 0, 174, 1, 405 >,
 	< 407, 33, 10, 0, 66, 157, 6, 406 >,
 	// order 34
 	< 408, 34, 9, 34, 95, 132, 2, -1 >,
 	< 409, 34, 3, 0, 0, 100, 4, 408 >,
 	< 410, 34, 9, 57, 0, 170, 3, 409 >,
 	< 411, 34, 5, 0, 99, 172, 9, 410 >,
 	< 412, 34, 6, 0, 0, 180, 8, 411 >,
 	< 413, 34, 8, 71, 32, 107, 5, 412 >,
 	< 414, 34, 8, 0, 51, 111, 7, 413 >,
 	< 415, 34, 10, 60, 0, 180, 0, 414 >,
 	< 416, 34, 1, 82, 74, 181, 1, 415 >,
 	< 417, 34, 10, 0, 0, 124, 6, 416 >,
 	< 418, 34, 7, 0, 86, 200, 2, 417 >,
 	< 419, 34, 6, 0, 0, 178, 4, 418 >,
 	// order 35
 	< 420, 35, 3, 53, 0, 116, 3, -1 >,
 	< 421, 35, 3, 35, 0, 191, 9, 420 >,
 	< 422, 35, 7, 94, 0, 118, 8, 421 >,
 	< 423, 35, 7, 63, 42, 200, 5, 422 >,
 	< 424, 35, 8, 0, 0, 180, 7, 423 >,
 	< 425, 35, 5, 0, 86, 131, 0, 424 >,
 	< 426, 35, 6, 68, 47, 105, 1, 425 >,
 	< 427, 35, 8, 71, 0, 104, 6, 426 >,
 	< 428, 35, 8, 47, 69, 172, 2, 427 >,
 	< 429, 35, 2, 0, 0, 111, 4, 428 >,
 	< 430, 35, 2, 0, 0, 179, 3, 429 >,
 	< 431, 35, 5, 0, 44, 171, 9, 430 >,
 	// order 36
 	< 432, 36, 9, 49, 57, 191, 8, -1 >,
 	< 433, 36, 2, 0, 39, 186, 5, 432 >,
 	< 434, 36, 2, 60, 0, 125, 7, 433 >,
 	< 435, 36, 10, 0, 47, 174, 0, 434 >,
 	< 436, 36, 3, 0, 43, 141, 1, 435 >,
 	< 437, 36, 4, 0, 86, 175, 6, 436 >,
 	< 438, 36, 9, 0, 67, 109, 2, 437 >,
 	< 439, 36, 5, 0, 91, 143, 4, 438 >,
 	< 440, 36, 5, 0, 0, 132, 3, 439 >,
 	< 441, 36, 10, 0, 99, 153, 9, 440 >,
 	< 442, 36, 5, 0, 0, 197, 8, 441 >,
 	< 443, 36, 10, 89, 71, 198, 5, 442 >,
 	// order 37
 	< 444, 37, 6, 57, 0, 138, 7, -1 >,
 	< 445, 37, 10, 31, 32, 180, 0, 444 >,
 	< 446, 37, 10, 0, 87, 128, 1, 445 >,
 	< 447, 37, 2, 51, 0, 120, 6, 446 >,
 	< 448, 37, 4, 0, 0, 129, 2, 447 >,
 	< 449, 37, 7, 67, 100, 125, 4, 448 >,
 	< 450, 37, 9, 0, 52, 175, 3, 449 >,
 	< 451, 37, 1, 100, 0, 126, 9, 450 >,
 	< 452, 37, 2, 0, 81, 158, 8, 451 >,
 	< 453, 37, 9, 0, 0, 169, 5, 452 >,
 	< 454, 37, 4, 0, 0, 132, 7, 453 >,
 	< 455, 37, 8, 0, 0, 103, 0, 454 >,
 	// order 38
 	< 456, 38, 9, 53, 0, 112, 1, -1 >,
 	< 457, 38, 10, 100, 0, 142, 6, 456 >,
 	< 458, 38, 5, 0, 0, 116, 2, 457 >,
 	< 459, 38, 8, 100, 0, 128, 4, 458 >,
 	< 460, 38, 6, 80, 46, 138, 3, 459 >,
 	< 461, 38, 3, 41, 0, 114, 9, 460 >,
 	< 462, 38, 2, 0, 32, 109, 8, 461 >,
 	< 463, 38, 3, 0, 0, 105, 5, 462 >,
 	< 464, 38, 2, 0, 39, 139, 7, 463 >,
 	< 465, 38, 10, 0, 0, 122, 0, 464 >,
 	< 466, 38, 4, 0, 0, 176, 1, 465 >,
 	< 467, 38, 10, 59, 0, 196, 6, 466 >,
 	// order 39
 	< 468, 39, 1, 95, 0, 162, 2, -1 >,
 	< 469, 39, 6, 0, 0, 134, 4, 468 >,
 	< 470, 39, 6, 0, 0, 153, 3, 469 >,
 	< 471, 39, 10, 98, 0, 137, 9, 470 >,
 	< 472, 39, 9, 59, 0, 130, 8, 471 >,
 	< 473, 39, 8, 0, 34, 181, 5, 472 >,
 	< 474, 39, 4, 0, 74, 192, 7, 473 >,
 	< 475, 39, 3, 55, 0, 187, 0, 474 >,
 	< 476, 39, 6, 0, 36, 159, 1, 475 >,
 	< 477, 39, 6, 0, 0, 180, 6, 476 >,
 	< 478, 39, 5, 0, 85, 130, 2, 477 >,
 	< 479, 39, 6, 68, 62, 119, 4, 478 >,
 	// order 40
 	< 480, 40, 10, 64, 96, 111, 3, -1 >,
 	< 481, 40, 7, 40, 0, 105, 9, 480 >,
 	< 482, 40, 6, 47, 79, 176, 8, 481 >,
 	< 483, 40, 4, 84, 0, 123, 5, 482 >,
 	< 484, 40, 1, 53, 61, 156, 7, 483 >,
 	< 485, 40, 1, 0, 38, 191, 0, 484 >,
 	< 486, 40, 10, 84, 52, 114, 1, 485 >,
 	< 487, 40, 5, 85, 0, 154, 6, 486 >,
 	< 488, 40, 4, 98, 63, 184, 2, 487 >,
 	< 489, 40, 9, 0, 0, 170, 4, 488 >,
 	< 490, 40, 8, 82, 42, 136, 3, 489 >,
 	< 491, 40, 7, 0, 0, 183, 9, 490 >,
 	// order 41
 	< 492, 41, 6, 72, 52, 106, 8, -1 >,
 	< 493, 41, 10, 0, 0, 123, 5, 492 >,
 	< 494, 41, 9, 46, 51, 136, 7, 493 >,
 	< 495, 41, 7, 36, 0, 150, 0, 494 >,
 	< 496, 41, 5, 0, 0, 115, 1, 495 >,
 	< 497, 41, 3, 0, 40, 179, 6, 496 >,
 	< 498, 41, 9, 52, 0, 100, 2, 497 >,
 	< 499, 41, 5, 0, 0, 122, 4, 498 >,
 	< 500, 41, 5, 58, 0, 185, 3, 499 >,
 	< 501, 41, 8, 0, 0, 123, 9, 500 >,
 	< 502, 41, 6, 83, 32, 120, 8, 501 >,
 	< 503, 41, 4, 0, 58, 173, 5, 502 >,
 	// order 42
 	< 504, 42, 1, 0, 0, 129, 7, -1 >,
 	< 505, 42, 4, 0, 0, 130, 0, 504 >,
 	< 506, 42, 1, 0, 30, 153, 1, 505 >,
 	< 507, 42, 7, 59, 0, 145, 6, 506 >,
 	< 508, 42, 2, 0, 85, 180, 2, 507 >,
 	< 509, 42, 4, 0, 0, 106, 4, 508 >,
 	< 510, 42, 8, 0, 99, 153, 3, 509 >,
 	< 511, 42, 10, 0, 0, 139, 9, 510 >,
 	< 512, 42, 8, 0, 60, 164, 8, 511 >,
 	< 513, 42, 9, 0, 75, 181, 5, 512 >,
 	< 514, 42, 3, 0, 0, 180, 7, 513 >,
 	< 515, 42, 3, 79, 82, 130, 0, 514 >,
 	// order 43
 	< 516, 43, 3, 97, 0, 135, 1, -1 >,
 	< 517, 43, 5, 0, 0, 152, 6, 516 >,
 	< 518, 43, 4, 0, 0, 155, 2, 517 >,
 	< 519, 43, 3, 100, 84, 178, 4, 518 >,
 	< 520, 43, 2, 0, 0, 172, 3, 519 >,
 	< 521, 43, 6, 30, 0, 131, 9, 520 >,
 	< 522, 43, 7, 0, 100, 162, 8, 521 >,
 	< 523, 43, 9, 0, 41, 130, 5, 522 >,
 	< 524, 43, 1, 0, 45, 122, 7, 523 >,
 	< 525, 43, 3, 32, 34, 110, 0, 524 >,
 	< 526, 43, 3, 95, 0, 161, 1, 525 >,
 	< 527, 43, 10, 0, 0, 142, 6, 526 >,
 	// order 44
 	< 528, 44, 6, 0, 0, 188, 2, -1 >,
 	< 529, 44, 6, 0, 33, 156, 4, 528 >,
 	< 530, 44, 7, 0, 88, 149, 3, 529 >,
 	< 531, 44, 7, 63, 0, 184, 9, 530 >,
 	< 532, 44, 5, 85, 0, 129, 8, 531 >,
 	< 533, 44, 3, 0, 94, 178, 5, 532 >,
 	< 534, 44, 1, 30, 82, 177, 7, 533 >,
 	< 535, 44, 8, 0, 74, 109, 0, 534 >,
 	< 536, 44, 8, 64, 96, 138, 1, 535 >,
 	< 537, 44, 5, 0, 0, 163, 6, 536 >,
 	< 538, 44, 2, 53, 77, 176, 2, 537 >,
 	< 539, 44, 9, 77, 0, 154, 4, 538 >,
 	// order 45
 	< 540, 45, 7, 0, 85, 112, 3, -1 >,
 	< 541, 45, 8, 0, 97, 147, 9, 540 >,
 	< 542, 45, 7, 82, 32, 130, 8, 541 >,
 	< 543, 45, 7, 0, 97, 128, 5, 542 >,
 	< 544, 45, 7, 0, 38, 167, 7, 543 >,
 	< 545, 45, 4, 0, 0, 189, 0, 544 >,
 	< 546, 45, 4, 0, 0, 156, 1, 545 >,
 	< 547, 45, 2, 0, 32, 182, 6, 546 >,
 	< 548, 45, 6, 0, 50, 116, 2, 547 >,
 	< 549, 45, 5, 0, 96, 163, 4, 548 >,
 	< 550, 45, 5, 0, 0, 184, 3, 549 >,
 	< 551, 45, 3, 0, 37, 170, 9, 550 >,
 	// order 46
 	< 552, 46, 7, 0, 0, 102, 8, -1 >,
 	< 553, 46, 8, 0, 0, 156, 5, 552 >,
 	< 554, 46, 2, 0, 71, 137, 7, 553 >,
 	< 555, 46, 7, 47, 79, 138, 0, 554 >,
 	< 556, 46, 10, 0, 35, 139, 1, 555 >,
 	< 557, 46, 5, 80, 50, 114, 6, 556 >,
 	< 558, 46, 4, 0, 0, 123, 2, 557 >,
 	< 559, 46, 4, 0, 0, 129, 4, 558 >,
 	< 560, 46, 9, 0, 0, 191, 3, 559 >,
 	< 561, 46, 2, 0, 0, 105, 9, 560 >,
 	< 562, 46, 1, 93, 74, 156, 8, 561 >,
 	< 563, 46, 6, 0, 0, 181, 5, 562 >,
 	// order 47
 	< 564, 47, 4, 0, 42, 135, 7, -1 >,
 	< 565, 47, 3, 0, 91, 127, 0, 564 >,
 	< 566, 47, 3, 0, 0, 118, 1, 565 >,
 	< 567, 47, 2, 0, 40, 199, 6, 566 >,
 	< 568, 47, 5, 76, 57, 145, 2, 567 >,
 	< 569, 47, 2, 80, 82, 168, 4, 568 >,
 	< 570, 47, 3, 69, 31, 171, 3, 569 >,
 	< 571, 47, 7, 83, 42, 155, 9, 570 >,
 	< 572, 47, 2, 96, 0, 172, 8, 571 >,
 	< 573, 47, 5, 0, 59, 113, 5, 572 >,
 	< 574, 47, 9, 0, 38, 120, 7, 573 >,
 	< 575, 47, 8, 0, 0, 157, 0, 574 >,
 	// order 48
 	< 576, 48, 5, 0, 30, 121, 1, -1 >,
 	< 577, 48, 8, 0, 0, 164, 6, 576 >,
 	< 578, 48, 2, 0, 0, 187, 2, 577 >,
 	< 579, 48, 6, 0, 71, 151, 4, 578 >,
 	< 580, 48, 10, 0, 0, 124, 3, 579 >,
 	< 581, 48, 1, 0, 0, 113, 9, 580 >,
 	< 582, 48, 5, 0, 65, 198, 8, 581 >,
 	< 583, 48, 8, 0, 0, 173, 5, 582 >,
 	< 584, 48, 5, 86, 67, 152, 7, 583 >,
 	< 585, 48, 4, 73, 0, 190, 0, 584 >,
 	< 586, 48, 10, 74, 0, 162, 1, 585 >,
 	< 587, 48, 3, 0, 51, 120, 6, 586 >,
 	// order 49
 	< 588, 49, 2, 0, 35, 127, 2, -1 >,
 	< 589, 49, 10, 0, 0, 115, 4, 588 >,
 	< 590, 49, 6, 87, 78, 126, 3, 589 >,
 	< 591, 49, 8, 58, 97, 161, 9, 590 >,
 	< 592, 49, 4, 0, 0, 119, 8, 591 >,
 	< 593, 49, 9, 72, 84, 148, 5, 592 >,
 	< 594, 49, 5, 67, 0, 120, 7, 593 >,
 	< 595, 49, 9, 48, 36, 150, 0, 594 >,
 	< 596, 49, 5, 40, 0, 178, 1, 595 >,
 	< 597, 49, 10, 0, 60, 184, 6, 596 >,
 	< 598, 49, 3, 0, 82, 123, 2, 597 >,
 	< 599, 49, 8, 58, 0, 162, 4, 598 >,
 	// order 50
 	< 600, 50, 3, 0, 0, 125, 3, -1 >,
 	< 601, 50, 1, 0, 0, 105, 9, 600 >,
 	< 602, 50, 10, 0, 0, 117, 8, 601 >,
 	< 603, 50, 9, 0, 65, 104, 5, 602 >,
 	< 604, 50, 1, 0, 69, 103, 7, 603 >,
 	< 605, 50, 4, 48, 0, 194, 0, 604 >,
 	< 606, 50, 6, 40, 90, 128, 1, 605 >,
 	< 607, 50, 5, 0, 0, 155, 6, 606 >,
 	< 608, 50, 9, 0, 0, 157, 2, 607 >,
 	< 609, 50, 10, 50, 33, 149, 4, 608 >,
 	< 610, 50, 5, 81, 88, 131, 3, 609 >,
 	< 611, 50, 6, 0, 0, 103, 9, 610 >,
 	// order 51
 	< 612, 51, 5, 74, 0, 181, 8, -1 >,
 	< 613, 51, 1, 56, 0, 190, 5, 612 >,
 	< 614, 51, 4, 89, 40, 200, 7, 613 >,
 	< 615, 51, 6, 0, 37, 106, 0, 614 >,
 	< 616, 51, 10, 0, 62, 176, 1, 615 >,
 	< 617, 51, 3, 0, 68, 169, 6, 616 >,
 	< 618, 51, 5, 0, 0, 112, 2, 617 >,
 	< 619, 51, 10, 0, 0, 176, 4, 618 >,
 	< 620, 51, 9, 0, 59, 116, 3, 619 >,
 	< 621, 51, 2, 98, 68, 183, 9, 620 >,
 	< 622, 51, 8, 0, 0, 111, 8, 621 >,
 	< 623, 51, 10, 0, 79, 189, 5, 622 >,
 	// order 52
 	< 624, 52, 1, 50, 0, 174, 7, -1 >,
 	< 625, 52, 3, 91, 89, 124, 0, 624 >,
 	< 626, 52, 6, 0, 0, 167, 1, 625 >,
 	< 627, 52, 10, 0, 33, 183, 6, 626 >,
 	< 628, 52, 9, 63, 38, 183, 2, 627 >,
 	< 629, 52, 3, 94, 0, 163, 4, 628 >,
 	< 630, 52, 2, 48, 34, 190, 3, 629 >,
 	< 631, 52, 5, 98, 0, 174, 9, 630 >,
 	< 632, 52, 2, 51, 0, 127, 8, 631 >,
 	< 633, 52, 1, 43, 99, 175, 5, 632 >,
 	< 634, 52, 9, 0, 0, 137, 7, 633 >,
 	< 635, 52, 4, 0, 99, 104, 0, 634 >,
 	// order 53
 	< 636, 53, 10, 44, 0, 181, 1, -1 >,
 	< 637, 53, 2, 73, 0, 168, 6, 636 >,
 	< 638, 53, 9, 0, 39, 161, 2, 637 >,
 	< 639, 53, 6, 89, 38, 110, 4, 638 >,
 	< 640, 53, 8, 0, 56, 186, 3, 639 >,
 	< 641, 53, 3, 0, 68, 115, 9, 640 >,
 	< 642, 53, 8, 37, 63, 173, 8, 641 >,
 	< 643, 53, 2, 0, 0, 144, 5, 642 >,
 	< 644, 53, 3, 0, 0, 114, 7, 643 >,
 	< 645, 53, 7, 0, 75, 185, 0, 644 >,
 	< 646, 53, 8, 0, 0, 187, 1, 645 >,
 	< 647, 53, 10, 0, 0, 156, 6, 646 >,
 	// order 54
 	< 648, 54, 8, 97, 0, 193, 2, -1 >,
 	< 649, 54, 5, 35, 0, 157, 4, 648 >,
 	< 650, 54, 4, 0, 62, 135, 3, 649 >,
 	< 651, 54, 5, 93, 38, 151, 9, 650 >,
 	< 652, 54, 8, 53, 89, 183, 8, 651 >,
 	< 653, 54, 7, 0, 0, 116, 5, 652 >,
 	< 654, 54, 6, 0, 0, 142, 7, 653 >,
 	< 655, 54, 6, 0, 0, 128, 0, 654 >,
 	< 656, 54, 8, 34, 74, 154, 1, 655 >,
 	< 657, 54, 6, 0, 0, 113, 6, 656 >,
 	< 658, 54, 9, 0, 0, 173, 2, 657 >,
 	< 659, 54, 4, 0, 0, 129, 4, 658 >,
 	// order 55
 	< 660, 55, 7, 0, 0, 165, 3, -1 >,
 	< 661, 55, 9, 30, 0, 183, 9, 660 >,
 	< 662, 55, 2, 32, 53, 144, 8, 661 >,
 	< 663, 55, 7, 65, 0, 116, 5, 662 >,
 	< 664, 55, 1, 52, 69, 154, 7, 663 >,
 	< 665, 55, 6, 38, 79, 112, 0, 664 >,
 	< 666, 55, 4, 0, 90, 118, 1, 665 >,
 	< 667, 55, 1, 57, 46, 172, 6, 666 >,
 	< 668, 55, 4, 0, 0, 130, 2, 667 >,
 	< 669, 55, 6, 60, 88, 161, 4, 668 >,
 	< 670, 55, 9, 0, 35, 131, 3, 669 >,
 	< 671, 55, 1, 0, 0, 106, 9, 670 >,
 	// order 56
 	< 672, 56, 3, 0, 0, 149, 8, -1 >,
 	< 673, 56, 7, 87, 60, 177, 5, 672 >,
 	< 674, 56, 8, 0, 86, 107, 7, 673 >,
 	< 675, 56, 10, 0, 0, 123, 0, 674 >,
 	< 676, 56, 10, 0, 93, 188, 1, 675 >,
 	< 677, 56, 6, 98, 85, 188, 6, 676 >,
 	< 678, 56, 10, 0, 0, 148, 2, 677 >,
 	< 679, 56, 10, 99, 69, 172, 4, 678 >,
 	< 680, 56, 8, 0, 0, 114, 3, 679 >,
 	< 681, 56, 2, 47, 0, 175, 9, 680 >,
 	< 682, 56, 2, 83, 0, 123, 8, 681 >,
 	< 683, 56, 9, 39, 99, 115, 5, 682 >,
 	// order 57
 	< 684, 57, 7, 0, 69, 180, 7, -1 >,
 	< 685, 57, 3, 40, 58, 194, 0, 684 >,
 	< 686, 57, 5, 66, 0, 104, 1, 685 >,
 	< 687, 57, 7, 84, 48, 147, 6, 686 >,
 	< 688, 57, 10, 94, 0, 138, 2, 687 >,
 	< 689, 57, 10, 54, 61, 197, 4, 688 >,
 	< 690, 57, 5, 0, 54, 145, 3, 689 >,
 	< 691, 57, 4, 82, 0, 163, 9, 690 >,
 	< 692, 57, 4, 0, 99, 157, 8, 691 >,
 	< 693, 57, 1, 94, 0, 177, 5, 692 >,
 	< 694, 57, 1, 41, 0, 116, 7, 693 >,
 	< 695, 57, 7, 92, 68, 151, 0, 694 >,
 	// order 58
 	< 696, 58, 9, 0, 0, 136, 1, -1 >,
 	< 697, 58, 5, 79, 0, 141, 6, 696 >,
 	< 698, 58, 10, 0, 0, 184, 2, 697 >,
 	< 699, 58, 6, 0, 0, 123, 4, 698 >,
 	< 700, 58, 9, 84, 0, 115, 3, 699 >,
 	< 701, 58, 7, 66, 61, 118, 9, 700 >,
 	< 702, 58, 9, 98, 69, 112, 8, 701 >,
 	< 703, 58, 5, 38, 39, 148, 5, 702 >,
 	< 704, 58, 2, 99, 86, 175, 7, 703 >,
 	< 705, 58, 4, 82, 0, 136, 0, 704 >,
 	< 706, 58, 1, 84, 0, 170, 1, 705 >,
 	< 707, 58, 9, 0, 66, 111, 6, 706 >,
 	// order 59
 	< 708, 59, 6, 0, 97, 132, 2, -1 >,
 	< 709, 59, 6, 36, 46, 161, 4, 708 >,
 	< 710, 59, 7, 0, 84, 118, 3, 709 >,
 	< 711, 59, 9, 0, 72, 186, 9, 710 >,
 	< 712, 59, 5, 58, 31, 179, 8, 711 >,
 	< 713, 59, 1, 94, 84, 162, 5, 712 >,
 	< 714, 59, 4, 45, 0, 192, 7, 713 >,
 	< 715, 59, 5, 0, 65, 103, 0, 714 >,
 	< 716, 59, 1, 57, 0, 113, 1, 715 >,
 	< 717, 59, 4, 100, 0, 109, 6, 716 >,
 	< 718, 59, 10, 0, 0, 194, 2, 717 >,
 	< 719, 59, 3, 0, 0, 180, 4, 718 >,
 	// order 60
 	< 720, 60, 7, 0, 74, 185, 3, -1 >,
 	< 721, 60, 1, 0, 0, 154, 9, 720 >,
 	< 722, 60, 9, 78, 30, 135, 8, 721 >,
 	< 723, 60, 5, 0, 65, 162, 5, 722 >,
 	< 724, 60, 7, 50, 49, 167, 7, 723 >,
 	< 725, 60, 8, 0, 50, 105, 0, 724 >,
 	< 726, 60, 9, 0, 0, 194, 1, 725 >,
 	< 727, 60, 3, 0, 0, 191, 6, 726 >,
 	< 728, 60, 4, 0, 0, 176, 2, 727 >,
 	< 729, 60, 7, 0, 65, 191, 4, 728 >,
 	< 730, 60, 10, 64, 68, 167, 3, 729 >,
 	< 731, 60, 2, 100, 55, 118, 9, 730 >,
 	// order 61
 	< 732, 61, 4, 0, 0, 125, 8, -1 >,
 	< 733, 61, 9, 0, 0, 123, 5, 732 >,
 	< 734, 61, 1, 0, 0, 102, 7, 733 >,
 	< 735, 61, 8, 0, 0, 152, 0, 734 >,
 	< 736, 61, 10, 89, 41, 181, 1, 735 >,
 	< 737, 61, 2, 87, 0, 132, 6, 736 >,
 	< 738, 61, 6, 0, 0, 121, 2, 737 >,
 	< 739, 61, 4, 0, 99, 130, 4, 738 >,
 	< 740, 61, 7, 88, 0, 117, 3, 739 >,
 	< 741, 61, 3, 83, 0, 146, 9, 740 >,
 	< 742, 61, 9, 0, 0, 163, 8, 741 >,
 	< 743, 61, 10, 0, 0, 175, 5, 742 >,
 	// order 62
 	< 744, 62, 1, 86, 61, 137, 7, -1 >,
 	< 745, 62, 8, 31, 0, 194, 0, 744 >,
 	< 746, 62, 9, 31, 0, 101, 1, 745 >,
 	< 747, 62, 9, 0, 87, 143, 6, 746 >,
 	< 748, 62, 9, 61, 0, 136, 2, 747 >,
 	< 749, 62, 6, 41, 36, 186, 4, 748 >,
 	< 750, 62, 4, 0, 61, 150, 3, 749 >,
 	< 751, 62, 2, 0, 0, 131, 9, 750 >,
 	< 752, 62, 2, 0, 88, 167, 8, 751 >,
 	< 753, 62, 6, 43, 0, 180, 5, 752 >,
 	< 754, 62, 5, 45, 0, 112, 7, 753 >,
 	< 755, 62, 6, 0, 0, 108, 0, 754 >,
 	// order 63
 	< 756, 63, 8, 88, 0, 195, 1, -1 >,
 	< 757, 63, 1, 0, 52, 175, 6, 756 >,
 	< 758, 63, 6, 59, 0, 150, 2, 757 >,
 	< 759, 63, 3, 41, 86, 185, 4, 758 >,
 	< 760, 63, 8, 88, 76, 132, 3, 759 >,
 	< 761, 63, 2, 0, 91, 113, 9, 760 >,
 	< 762, 63, 2, 76, 55, 182, 8, 761 >,
 	< 763, 63, 9, 45, 66, 144, 5, 762 >,
 	< 764, 63, 9, 0, 0, 118, 7, 763 >,
 	< 765, 63, 8, 0, 0, 142, 0, 764 >,
 	< 766, 63, 8, 0, 0, 106, 1, 765 >,
 	< 767, 63, 1, 0, 50, 176, 6, 766 >,
 	// order 64
 	< 768, 64, 4, 82, 56, 153, 2, -1 >,
 	< 769, 64, 5, 98, 89, 130, 4, 768 >,
 	< 770, 64, 9, 97, 0, 131, 3, 769 >,
 	< 771, 64, 10, 73, 0, 142, 9, 770 >,
 	< 772, 64, 10, 0, 0, 139, 8, 771 >,
 	< 773, 64, 9, 71, 0, 136, 5, 772 >,
 	< 774, 64, 2, 100, 50, 179, 7, 773 >,
 	< 775, 64, 6, 0, 73, 147, 0, 774 >,
 	< 776, 64, 8, 0, 38, 189, 1, 775 >,
 	< 777, 64, 7, 0, 81, 100, 6, 776 >,
 	< 778, 64, 1, 74, 77, 162, 2, 777 >,
 	< 779, 64, 5, 78, 38, 148, 4, 778 >,
 	// order 65
 	< 780, 65, 6, 81, 78, 165, 3, -1 >,
 	< 781, 65, 5, 69, 0, 200, 9, 780 >,
 	< 782, 65, 7, 81, 0, 131, 8, 781 >,
 	< 783, 65, 6, 0, 0, 174, 5, 782 >,
 	< 784, 65, 8, 0, 0, 189, 7, 783 >,
 	< 785, 65, 4, 0, 41, 110, 0, 784 >,
 	< 786, 65, 5, 97, 0, 127, 1, 785 >,
 	< 787, 65, 7, 57, 0, 101, 6, 786 >,
 	< 788, 65, 7, 0, 61, 200, 2, 787 >,
 	< 789, 65, 7, 45, 39, 113, 4, 788 >,
 	< 790, 65, 5, 45, 0, 170, 3, 789 >,
 	< 791, 65, 2, 90, 0, 168, 9, 790 >,
 	// order 66
 	< 792, 66, 1, 0, 37, 109, 8, -1 >,
 	< 793, 66, 1, 0, 0, 103, 5, 792 >,
 	< 794, 66, 6, 64, 0, 182, 7, 793 >,
 	< 795, 66, 4, 94, 0, 119, 0, 794 >,
 	< 796, 66, 5, 77, 0, 198, 1, 795 >,
 	< 797, 66, 10, 0, 99, 157, 6, 796 >,
 	< 798, 66, 6, 0, 66, 134, 2, 797 >,
 	< 799, 66, 7, 0, 0, 134, 4, 798 >,
 	< 800, 66, 9, 75, 94, 160, 3, 799 >,
 	< 801, 66, 3, 0, 0, 140, 9, 800 >,
 	< 802, 66, 1, 47, 0, 166, 8, 801 >,
 	< 803, 66, 1, 55, 0, 168, 5, 802 >,
 	// order 67
 	< 804, 67, 2, 52, 0, 184, 7, -1 >,
 	< 805, 67, 5, 0, 0, 197, 0, 804 >,
 	< 806, 67, 8, 0, 0, 150, 1, 805 >,
 	< 807, 67, 6, 0, 84, 197, 6, 806 >,
 	< 808, 67, 8, 0, 98, 199, 2, 807 >,
 	< 809, 67, 4, 77, 0, 108, 4, 808 >,
 	< 810, 67, 9, 0, 0, 125, 3, 809 >,
 	< 811, 67, 10, 44, 0, 132, 9, 810 >,
 	< 812, 67, 4, 59, 0, 185, 8, 811 >,
 	< 813, 67, 1, 43, 58, 168, 5, 812 >,
 	< 814, 67, 1, 0, 0, 193, 7, 813 >,
 	< 815, 67, 6, 95, 0, 172, 0, 814 >,
 	// order 68
 	< 816, 68, 10, 0, 0, 120, 1, -1 >,
 	< 817, 68, 1, 0, 53, 196, 6, 816 >,
 	< 818, 68, 3, 56, 0, 122, 2, 817 >,
 	< 819, 68, 5, 54, 94, 192, 4, 818 >,
 	< 820, 68, 4, 0, 0, 128, 3, 819 >,
 	< 821, 68, 7, 85, 0, 153, 9, 820 >,
 	< 822, 68, 7, 0, 31, 149, 8, 821 >,
 	< 823, 68, 4, 87, 0, 148, 5, 822 >,
 	< 824, 68, 4, 50, 0, 161, 7, 823 >,
 	< 825, 68, 6, 0, 0, 189, 0, 824 >,
 	< 826, 68, 9, 47, 30, 126, 1, 825 >,
 	< 827, 68, 4, 53, 72, 103, 6, 826 >,
 	// order 69
 	< 828, 69, 7, 0, 50, 114, 2, -1 >,
 	< 829, 69, 2, 0, 92, 153, 4, 828 >,
 	< 830, 69, 2, 0, 0, 155, 3, 829 >,
 	< 831, 69, 5, 0, 62, 175, 9, 830 >,
 	< 832, 69, 4, 93, 0, 159, 8, 831 >,
 	< 833, 69, 5, 0, 83, 113, 5, 832 >,
 	< 834, 69, 5, 95, 62, 168, 7, 833 >,
 	< 835, 69, 2, 0, 62, 138, 0, 834 >,
 	< 836, 69, 10, 0, 0, 133, 1, 835 >,
 	< 837, 69, 8, 0, 0, 146, 6, 836 >,
 	< 838, 69, 9, 0, 91, 113, 2, 837 >,
 	< 839, 69, 3, 0, 38, 122, 4, 838 >,
 	// order 70
 	< 840, 70, 9, 62, 61, 140, 3, -1 >,
 	< 841, 70, 10, 0, 30, 188, 9, 840 >,
 	< 842, 70, 3, 97, 56, 134, 8, 841 >,
 	< 843, 70, 6, 97, 52, 188, 5, 842 >,
 	< 844, 70, 3, 90, 82, 179, 7, 843 >,
 	< 845, 70, 4, 0, 100, 126, 0, 844 >,
 	< 846, 70, 1, 95, 0, 100, 1, 845 >,
 	< 847, 70, 7, 0, 70, 138, 6, 846 >,
 	< 848, 70, 6, 79, 0, 187, 2, 847 >,
 	< 849, 70, 8, 69, 42, 139, 4, 848 >,
 	< 850, 70, 6, 0, 0, 171, 3, 849 >,
 	< 851, 70, 6, 43, 0, 120, 9, 850 >,
 	// order 71
 	< 852, 71, 7, 51, 0, 187, 8, -1 >,
 	< 853, 71, 5, 0, 66, 128, 5, 852 >,
 	< 854, 71, 6, 0, 64, 166, 7, 853 >,
 	< 855, 71, 4, 0, 91, 102, 0, 854 >,
 	< 856, 71, 4, 99, 91, 154, 1, 855 >,
 	< 857, 71, 6, 76, 0, 175, 6, 856 >,
 	< 858, 71, 3, 0, 0, 176, 2, 857 >,
 	< 859, 71, 6, 0, 0, 113, 4, 858 >,
 	< 860, 71, 5, 0, 32, 163, 3, 859 >,
 	< 861, 71, 7, 0, 66, 155, 9, 860 >,
 	< 862, 71, 4, 0, 0, 132, 8, 861 >,
 	< 863, 71, 5, 86, 0, 150, 5, 862 >,
 	// order 72
 	< 864, 72, 5, 0, 81, 132, 7, -1 >,
 	< 865, 72, 2, 52, 0, 137, 0, 864 >,
 	< 866, 72, 8, 0, 0, 179, 1, 865 >,
 	< 867, 72, 5, 0, 58, 179, 6, 866 >,
 	< 868, 72, 4, 0, 82, 107, 2, 867 >,
 	< 869, 72, 2, 0, 59, 190, 4, 868 >,
 	< 870, 72, 7, 98, 83, 192, 3, 869 >,
 	< 871, 72, 8, 71, 96, 109, 9, 870 >,
 	< 872, 72, 4, 60, 63, 131, 8, 871 >,
 	< 873, 72, 7, 94, 60, 101, 5, 872 >,
 	< 874, 72, 7, 0, 72, 176, 7, 873 >,
 	< 875, 72, 6, 0, 0, 112, 0, 874 >,
 	// order 73
 	< 876, 73, 5, 89, 66, 131, 1, -1 >,
 	< 877, 73, 9, 85, 0, 176, 6, 876 >,
 	< 878, 73, 9, 0, 99, 131, 2, 877 >,
 	< 879, 73, 3, 98, 0, 148, 4, 878 >,
 	< 880, 73, 10, 37, 93, 143, 3, 879 >,
 	< 881, 73, 3, 0, 32, 159, 9, 880 >,
 	< 882, 73, 9, 94, 0, 159, 8, 881 >,
 	< 883, 73, 1, 30, 53, 112, 5, 882 >,
 	< 884, 73, 7, 41, 0, 149, 7, 883 >,
 	< 885, 73, 7, 0, 0, 187, 0, 884 >,
 	< 886, 73, 1, 75, 0, 180, 1, 885 >,
 	< 887, 73, 8, 73, 74, 140, 6, 886 >,
 	// order 74
 	< 888, 74, 10, 0, 0, 103, 2, -1 >,
 	< 889, 74, 3, 89, 50, 173, 4, 888 >,
 	< 890, 74, 10, 41, 46, 144, 3, 889 >,
 	< 891, 74, 8, 0, 70, 192, 9, 890 >,
 	< 892, 74, 5, 0, 0, 101, 8, 891 >,
 	< 893, 74, 4, 0, 0, 186, 5, 892 >,
 	< 894, 74, 2, 0, 0, 114, 7, 893 >,
 	< 895, 74, 10, 0, 65, 112, 0, 894 >,
 	< 896, 74, 2, 90, 41, 114, 1, 895 >,
 	< 897, 74, 2, 0, 0, 157, 6, 896 >,
 	< 898, 74, 6, 0, 0, 114, 2, 897 >,
 	< 899, 74, 10, 0, 0, 149, 4, 898 >,
 	// order 75
 	< 900, 75, 10, 31, 62, 149, 3, -1 >,
 	< 901, 75, 9, 0, 0, 184, 9, 900 >,
 	< 902, 75, 5, 0, 78, 194, 8, 901 >,
 	< 903, 75, 7, 0, 0, 171, 5, 902 >,
 	< 904, 75, 4, 0, 0, 136, 7, 903 >,
 	< 905, 75, 9, 94, 70, 111, 0, 904 >,
 	< 906, 75, 3, 0, 0, 143, 1, 905 >,
 	< 907, 75, 8, 89, 0, 117, 6, 906 >,
 	< 908, 75, 1, 0, 33, 176, 2, 907 >,
 	< 909, 75, 4, 47, 92, 136, 4, 908 >,
 	< 910, 75, 5, 70, 0, 113, 3, 909 >,
 	< 911, 75, 3, 51, 0, 111, 9, 910 >,
 	// order 76
 	< 912, 76, 6, 50, 0, 117, 8, -1 >,
 	< 913, 76, 7, 0, 94, 105, 5, 912 >,
 	< 914, 76, 1, 42, 0, 134, 7, 913 >,
 	< 915, 76, 7, 0, 0, 106, 0, 914 >,
 	< 916, 76, 1, 100, 45, 172, 1, 915 >,
 	< 917, 76, 5, 82, 0, 149, 6, 916 >,
 	< 918, 76, 8, 93, 0, 155, 2, 917 >,
 	< 919, 76, 7, 0, 0, 159, 4, 918 >,
 	< 920, 76, 7, 0, 0, 100, 3, 919 >,
 	< 921, 76, 9, 0, 74, 128, 9, 920 >,
 	< 922, 76, 1, 0, 0, 163, 8, 921 >,
 	< 923, 76, 3, 0, 69, 180, 5, 922 >,
 	// order 77
 	< 924, 77, 1, 0, 33, 161, 7, -1 >,
 	< 925, 77, 5, 0, 0, 156, 0, 924 >,
 	< 926, 77, 7, 0, 77, 126, 1, 925 >,
 	< 927, 77, 2, 59, 39, 199, 6, 926 >,
 	< 928, 77, 1, 91, 52, 173, 2, 927 >,
 	< 929, 77, 9, 0, 0, 129, 4, 928 >,
 	< 930, 77, 7, 100, 52, 176, 3, 929 >,
 	< 931, 77, 9, 88, 71, 150, 9, 930 >,
 	< 932, 77, 8, 0, 69, 133, 8, 931 >,
 	< 933, 77, 3, 97, 74, 138, 5, 932 >,
 	< 934, 77, 6, 39, 0, 199, 7, 933 >,
 	< 935, 77, 8, 77, 44, 126, 0, 934 >,
 	// order 78
 	< 936, 78, 10, 82, 96, 142, 1, -1 >,
 	< 937, 78, 9, 83, 0, 141, 6, 936 >,
 	< 938, 78, 6, 0, 48, 177, 2, 937 >,
 	< 939, 78, 4, 73, 0, 147, 4, 938 >,
 	< 940, 78, 1, 0, 0, 117, 3, 939 >,
 	< 941, 78, 2, 0, 92, 195, 9, 940 >,
 	< 942, 78, 3, 50, 0, 122, 8, 941 >,
 	< 943, 78, 10, 68, 0, 144, 5, 942 >,
 	< 944, 78, 1, 0, 43, 116, 7, 943 >,
 	< 945, 78, 2, 83, 97, 149, 0, 944 >,
 	< 946, 78, 1, 0, 0, 179, 1, 945 >,
 	< 947, 78, 10, 0, 0, 163, 6, 946 >,
 	// order 79
 	< 948, 79, 8, 0, 0, 194, 2, -1 >,
 	< 949, 79, 9, 85, 0, 180, 4, 948 >,
 	< 950, 79, 5, 0, 90, 134, 3, 949 >,
 	< 951, 79, 2, 0, 0, 117, 9, 950 >,
 	< 952, 79, 10, 0, 0, 130, 8, 951 >,
 	< 953, 79, 6, 0, 62, 122, 5, 952 >,
 	< 954, 79, 3, 0, 51, 153, 7, 953 >,
 	< 955, 79, 5, 67, 0, 105, 0, 954 >,
 	< 956, 79, 1, 0, 0, 138, 1, 955 >,
 	< 957, 79, 8, 0, 0, 139, 6, 956 >,
 	< 958, 79, 10, 80, 0, 195, 2, 957 >,
 	< 959, 79, 4, 62, 0, 156, 4, 958 >,
 	// order 80
 	< 960, 80, 5, 95, 0, 135, 3, -1 >,
 	< 961, 80, 7, 33, 0, 113, 9, 960 >,
 	< 962, 80, 9, 0, 88, 181, 8, 961 >,
 	< 963, 80, 1, 0, 0, 167, 5, 962 >,
 	< 964, 80, 9, 0, 0, 126, 7, 963 >,
 	< 965, 80, 8, 88, 36, 131, 0, 964 >,
 	< 966, 80, 4, 35, 0, 135, 1, 965 >,
 	< 967, 80, 1, 39, 0, 173, 6, 966 >,
 	< 968, 80, 7, 82, 42, 159, 2, 967 >,
 	< 969, 80, 6, 92, 0, 192, 4, 968 >,
 	< 970, 80, 10, 85, 0, 127, 3, 969 >,
 	< 971, 80, 3, 0, 0, 107, 9, 970 >,
 	// order 81
 	< 972, 81, 6, 0, 0, 174, 8, -1 >,
 	< 973, 81, 9, 81, 0, 160, 5, 972 >,
 	< 974, 81, 8, 93, 0, 136, 7, 973 >,
 	< 975, 81, 1, 0, 48, 109, 0, 974 >,
 	< 976, 81, 2, 0, 0, 163, 1, 975 >,
 	< 977, 81, 8, 0, 0, 192, 6, 976 >,
 	< 978, 81, 3, 0, 0, 186, 2, 977 >,
 	< 979, 81, 7, 100, 0, 145, 4, 978 >,
 	< 980, 81, 5, 0, 0, 160, 3, 979 >,
 	< 981, 81, 9, 36, 0, 141, 9, 980 >,
 	< 982, 81, 1, 50, 40, 174, 8, 981 >,
 	< 983, 81, 10, 0, 0, 169, 5, 982 >,
 	// order 82
 	< 984, 82, 4, 81, 0, 146, 7, -1 >,
 	< 985, 82, 7, 0, 66, 190, 0, 984 >,
 	< 986, 82, 4, 51, 0, 161, 1, 985 >,
 	< 987, 82, 6, 39, 0, 126, 6, 986 >,
 	< 988, 82, 9, 0, 0, 129, 2, 987 >,
 	< 989, 82, 4, 74, 39, 134, 4, 988 >,
 	< 990, 82, 9, 0, 52, 181, 3, 989 >,
 	< 991, 82, 10, 76, 96, 143, 9, 990 >,
 	< 992, 82, 8, 47, 0, 105, 8, 991 >,
 	< 993, 82, 4, 0, 0, 156, 5, 992 >,
 	< 994, 82, 3, 76, 88, 136, 7, 993 >,
 	< 995, 82, 1, 0, 84, 103, 0, 994 >,
 	// order 83
 	< 996, 83, 9, 42, 0, 189, 1, -1 >,
 	< 997, 83, 2, 55, 92, 188, 6, 996 >,
 	< 998, 83, 5, 88, 0, 146, 2, 997 >,
 	< 999, 83, 3, 0, 0, 132, 4, 998 >,
 	< 1000, 83, 5, 0, 39, 105, 3, 999 >,
 	< 1001, 83, 9, 0, 0, 145, 9, 1000 >,
 	< 1002, 83, 9, 0, 94, 190, 8, 1001 >,
 	< 1003, 83, 6, 0, 0, 124, 5, 1002 >,
 	< 1004, 83, 2, 56, 60, 169, 7, 1003 >,
 	< 1005, 83, 4, 0, 0, 200, 0, 1004 >,
 	< 1006, 83, 8, 86, 0, 165, 1, 1005 >,
 	< 1007, 83, 5, 59, 0, 103, 6, 1006 >,
 	// order 84
 	< 1008, 84, 10, 0, 0, 149, 2, -1 >,
 	< 1009, 84, 10, 71, 0, 156, 4, 1008 >,
 	< 1010, 84, 7, 0, 34, 200, 3, 1009 >,
 	< 1011, 84, 1, 0, 81, 102, 9, 1010 >,
 	< 1012, 84, 9, 78, 32, 176, 8, 1011 >,
 	< 1013, 84, 6, 0, 0, 104, 5, 1012 >,
 	< 1014, 84, 5, 0, 0, 114, 7, 1013 >,
 	< 1015, 84, 4, 0, 0, 184, 0, 1014 >,
 	< 1016, 84, 9, 73, 0, 114, 1, 1015 >,
 	< 1017, 84, 9, 0, 89, 184, 6, 1016 >,
 	< 1018, 84, 9, 0, 0, 150, 2, 1017 >,
 	< 1019, 84, 9, 0, 0, 123, 4, 1018 >,
 	// order 85
 	< 1020, 85, 3, 0, 0, 174, 3, -1 >,
 	< 1021, 85, 4, 64, 0, 110, 9, 1020 >,
 	< 1022, 85, 3, 0, 79, 170, 8, 1021 >,
 	< 1023, 85, 10, 34, 59, 179, 5, 1022 >,
 	< 1024, 85, 7, 47, 0, 192, 7, 1023 >,
 	< 1025, 85, 8, 0, 85, 197, 0, 1024 >,
 	< 1026, 85, 6, 100, 0, 104, 1, 1025 >,
 	< 1027, 85, 8, 40, 90, 162, 6, 1026 >,
 	< 1028, 85, 1, 41, 35, 114, 2, 1027 >,
 	< 1029, 85, 2, 0, 60, 197, 4, 1028 >,
 	< 1030, 85, 10, 0, 57, 114, 3, 1029 >,
 	< 1031, 85, 8, 75, 0, 151, 9, 1030 >,
 	// order 86
 	< 1032, 86, 4, 0, 56, 176, 8, -1 >,
 	< 1033, 86, 6, 48, 95, 134, 5, 1032 >,
 	< 1034, 86, 6, 0, 40, 108, 7, 1033 >,
 	< 1035, 86, 8, 70, 0, 181, 0, 1034 >,
 	< 1036, 86, 1, 70, 75, 156, 1, 1035 >,
 	< 1037, 86, 7, 30, 0, 187, 6, 1036 >,
 	< 1038, 86, 4, 0, 71, 141, 2, 1037 >,
 	< 1039, 86, 3, 0, 62, 191, 4, 1038 >,
 	< 1040, 86, 10, 74, 0, 119, 3, 1039 >,
 	< 1041, 86, 10, 0, 0, 105, 9, 1040 >,
 	< 1042, 86, 10, 0, 0, 171, 8, 1041 >,
 	< 1043, 86, 4, 43, 38, 200, 5, 1042 >,
 	// order 87
 	< 1044, 87, 1, 83, 63, 119, 7, -1 >,
 	< 1045, 87, 1, 0, 77, 148, 0, 1044 >,
 	< 1046, 87, 6, 79, 38, 101, 1, 1045 >,
 	< 1047, 87, 10, 0, 0, 165, 6, 1046 >,
 	< 1048, 87, 5, 97, 0, 179, 2, 1047 >,
 	< 1049, 87, 1, 0, 0, 198, 4, 1048 >,
 	< 1050, 87, 3, 44, 62, 120, 3, 1049 >,
 	< 1051, 87, 2, 40, 0, 113, 9, 1050 >,
 	< 1052, 87, 10, 57, 63, 110, 8, 1051 >,
 	< 1053, 87, 7, 42, 46, 128, 5, 1052 >,
 	< 1054, 87, 7, 0, 43, 181, 7, 1053 >,
 	< 1055, 87, 3, 41, 78, 160, 0, 1054 >,
 	// order 88
 	< 1056, 88, 5, 51, 0, 124, 1, -1 >,
 	< 1057, 88, 8, 36, 37, 131, 6, 1056 >,
 	< 1058, 88, 8, 38, 0, 187, 2, 1057 >,
 	< 1059, 88, 7, 0, 41, 138, 4, 1058 >,
 	< 1060, 88, 10, 0, 48, 186, 3, 1059 >,
 	< 1061, 88, 1, 0, 62, 107, 9, 1060 >,
 	< 1062, 88, 5, 0, 0, 193, 8, 1061 >,
 	< 1063, 88, 7, 0, 57, 111, 5, 1062 >,
 	< 1064, 88, 3, 61, 0, 138, 7, 1063 >,
 	< 1065, 88, 7, 35, 0, 138, 0, 1064 >,
 	< 1066, 88, 1, 36, 45, 147, 1, 1065 >,
 	< 1067, 88, 6, 38, 0, 170, 6, 1066 >,
 	// order 89
 	< 1068, 89, 6, 0, 0, 103, 2, -1 >,
 	< 1069, 89, 9, 76, 0, 170, 4, 1068 >,
 	< 1070, 89, 7, 30, 0, 192, 3, 1069 >,
 	< 1071, 89, 9, 40, 0, 166, 9, 1070 >,
 	< 1072, 89, 1, 98, 0, 146, 8, 1071 >,
 	< 1073, 89, 3, 0, 90, 146, 5, 1072 >,
 	< 1074, 89, 2, 0, 30, 142, 7, 1073 >,
 	< 1075, 89, 7, 0, 0, 113, 0, 1074 >,
 	< 1076, 89, 6, 0, 0, 188, 1, 1075 >,
 	< 1077, 89, 8, 33, 73, 160, 6, 1076 >,
 	< 1078, 89, 4, 59, 62, 138, 2, 1077 >,
 	< 1079, 89, 8, 37, 82, 147, 4, 1078 >,
 	// order 90
 	< 1080, 90, 9, 81, 52, 133, 3, -1 >,
 	< 1081, 90, 10, 0, 0, 177, 9, 1080 >,
 	< 1082, 90, 5, 0, 70, 180, 8, 1081 >,
 	< 1083, 90, 1, 0, 58, 153, 5, 1082 >,
 	< 1084, 90, 8, 0, 68, 172, 7, 1083 >,
 	< 1085, 90, 8, 0, 76, 108, 0, 1084 >,
 	< 1086, 90, 10, 0, 0, 105, 1, 1085 >,
 	< 1087, 90, 3, 0, 0, 116, 6, 1086 >,
 	< 1088, 90, 4, 84, 55, 158, 2, 1087 >,
 	< 1089, 90, 5, 0, 0, 190, 4, 1088 >,
 	< 1090, 90, 6, 55, 0, 146, 3, 1089 >,
 	< 1091, 90, 3, 79, 0, 118, 9, 1090 >,
 	// order 91
 	< 1092, 91, 9, 42, 0, 140, 8, -1 >,
 	< 1093, 91, 2, 44, 69, 129, 5, 1092 >,
 	< 1094, 91, 4, 35, 0, 169, 7, 1093 >,
 	< 1095, 91, 8, 0, 96, 106, 0, 1094 >,
 	< 1096, 91, 4, 48, 0, 197, 1, 1095 >,
 	< 1097, 91, 8, 84, 0, 134, 6, 1096 >,
 	< 1098, 91, 6, 0, 52, 180, 2, 1097 >,
 	< 1099, 91, 6, 0, 0, 122, 4, 1098 >,
 	< 1100, 91, 9, 0, 64, 161, 3, 1099 >,
 	< 1101, 91, 2, 49, 0, 178, 9, 1100 >,
 	< 1102, 91, 5, 97, 0, 112, 8, 1101 >,
 	< 1103, 91, 6, 94, 0, 143, 5, 1102 >,
 	// order 92
 	< 1104, 92, 5, 0, 0, 141, 7, -1 >,
 	< 1105, 92, 3, 48, 84, 146, 0, 1104 >,
 	< 1106, 92, 2, 0, 0, 153, 1, 1105 >,
 	< 1107, 92, 2, 67, 0, 166, 6, 1106 >,
 	< 1108, 92, 9, 0, 0, 129, 2, 1107 >,
 	< 1109, 92, 10, 87, 84, 184, 4, 1108 >,
 	< 1110, 92, 8, 75, 0, 173, 3, 1109 >,
 	< 1111, 92, 8, 90, 0, 127, 9, 1110 >,
 	< 1112, 92, 10, 89, 84, 165, 8, 1111 >,
 	< 1113, 92, 1, 0, 0, 123, 5, 1112 >,
 	< 1114, 92, 4, 77, 0, 149, 7, 1113 >,
 	< 1115, 92, 3, 98, 0, 167, 0, 1114 >,
 	// order 93
 	< 1116, 93, 4, 0, 0, 112, 1, -1 >,
 	< 1117, 93, 10, 65, 0, 130, 6, 1116 >,
 	< 1118, 93, 8, 96, 0, 194, 2, 1117 >,
 	< 1119, 93, 8, 54, 67, 134, 4, 1118 >,
 	< 1120, 93, 7, 0, 0, 153, 3, 1119 >,
 	< 1121, 93, 5, 46, 0, 159, 9, 1120 >,
 	< 1122, 93, 5, 72, 0, 171, 8, 1121 >,
 	< 1123, 93, 9, 61, 68, 122, 5, 1122 >,
 	< 1124, 93, 2, 43, 77, 141, 7, 1123 >,
 	< 1125, 93, 9, 65, 95, 103, 0, 1124 >,
 	< 1126, 93, 5, 0, 0, 107, 1, 1125 >,
 	< 1127, 93, 9, 74, 0, 131, 6, 1126 >,
 	// order 94
 	< 1128, 94, 2, 88, 99, 153, 2, -1 >,
 	< 1129, 94, 5, 0, 63, 163, 4, 1128 >,
 	< 1130, 94, 4, 0, 0, 183, 3, 1129 >,
 	< 1131, 94, 2, 91, 0, 197, 9, 1130 >,
 	< 1132, 94, 5, 30, 86, 115, 8, 1131 >,
 	< 1133, 94, 4, 86, 63, 108, 5, 1132 >,
 	< 1134, 94, 4, 32, 0, 136, 7, 1133 >,
 	< 1135, 94, 8, 92, 0, 169, 0, 1134 >,
 	< 1136, 94, 6, 0, 0, 165, 1, 1135 >,
 	< 1137, 94, 2, 42, 55, 109, 6, 1136 >,
 	< 1138, 94, 6, 0, 46, 167, 2, 1137 >,
 	< 1139, 94, 3, 0, 46, 175, 4, 1138 >,
 	// order 95
 	< 1140, 95, 3, 100, 31, 140, 3, -1 >,
 	< 1141, 95, 2, 84, 42, 118, 9, 1140 >,
 	< 1142, 95, 6, 51, 47, 114, 8, 1141 >,
 	< 1143, 95, 1, 0, 90, 160, 5, 1142 >,
 	< 1144, 95, 4, 40, 0, 179, 7, 1143 >,
 	< 1145, 95, 5, 0, 91, 166, 0, 1144 >,
 	< 1146, 95, 7, 0, 38, 176, 1, 1145 >,
 	< 1147, 95, 7, 82, 0, 119, 6, 1146 >,
 	< 1148, 95, 7, 56, 31, 193, 2, 1147 >,
 	< 1149, 95, 8, 0, 86, 183, 4, 1148 >,
 	< 1150, 95, 3, 0, 0, 162, 3, 1149 >,
 	< 1151, 95, 1, 52, 0, 121, 9, 1150 >,
 	// order 96
 	< 1152, 96, 7, 0, 0, 153, 8, -1 >,
 	< 1153, 96, 10, 0, 85, 150, 5, 1152 >,
 	< 1154, 96, 6, 0, 31, 166, 7, 1153 >,
 	< 1155, 96, 10, 0, 0, 150, 0, 1154 >,
 	< 1156, 96, 1, 80, 0, 173, 1, 1155 >,
 	< 1157, 96, 1, 59, 0, 122, 6, 1156 >,
 	< 1158, 96, 5, 83, 0, 136, 2, 1157 >,
 	< 1159, 96, 3, 74, 90, 173, 4, 1158 >,
 	< 1160, 96, 7, 0, 67, 144, 3, 1159 >,
 	< 1161, 96, 5, 0, 0, 174, 9, 1160 >,
 	< 1162, 96, 5, 0, 56, 125, 8, 1161 >,
 	< 1163, 96, 6, 74, 0, 124, 5, 1162 >,
 	// order 97
 	< 1164, 97, 8, 0, 0, 148, 7, -1 >,
 	< 1165, 97, 3, 84, 51, 173, 0, 1164 >,
 	< 1166, 97, 2, 0, 51, 178, 1, 1165 >,
 	< 1167, 97, 5, 80, 50, 158, 6, 1166 >,
 	< 1168, 97, 7, 0, 0, 180, 2, 1167 >,
 	< 1169, 97, 4, 57, 0, 185, 4, 1168 >,
 	< 1170, 97, 8, 54, 0, 114, 3, 1169 >,
 	< 1171, 97, 3, 0, 79, 177, 9, 1170 >,
 	< 1172, 97, 7, 91, 0, 159, 8, 1171 >,
 	< 1173, 97, 2, 0, 72, 184, 5, 1172 >,
 	< 1174, 97, 9, 36, 0, 167, 7, 1173 >,
 	< 1175, 97, 1, 0, 0, 169, 0, 1174 >,
 	// order 98
 	< 1176, 98, 10, 57, 62, 195, 1, -1 >,
 	< 1177, 98, 3, 66, 0, 155, 6, 1176 >,
 	< 1178, 98, 1, 30, 73, 197, 2, 1177 >,
 	< 1179, 98, 9, 80, 34, 127, 4, 1178 >,
 	< 1180, 98, 8, 0, 100, 180, 3, 1179 >,
 	< 1181, 98, 4, 37, 50, 104, 9, 1180 >,
 	< 1182, 98, 8, 50, 58, 153, 8, 1181 >,
 	< 1183, 98, 4, 0, 60, 104, 5, 1182 >,
 	< 1184, 98, 8, 85, 0, 140, 7, 1183 >,
 	< 1185, 98, 8, 0, 52, 100, 0, 1184 >,
 	< 1186, 98, 9, 72, 0, 148, 1, 1185 >,
 	< 1187, 98, 10, 0, 89, 104, 6, 1186 >,
 	// order 99
 	< 1188, 99, 7, 91, 0, 192, 2, -1 >,
 	< 1189, 99, 4, 0, 0, 121, 4, 1188 >,
 	< 1190, 99, 4, 51, 82, 158, 3, 1189 >,
 	< 1191, 99, 1, 0, 0, 194, 9, 1190 >,
 	< 1192, 99, 10, 59, 32, 189, 8, 1191 >,
 	< 1193, 99, 3, 63, 71, 185, 5, 1192 >,
 	< 1194, 99, 6, 56, 0, 194, 7, 1193 >,
 	< 1195, 99, 2, 59, 0, 161, 0, 1194 >,
 	< 1196, 99, 9, 0, 63, 157, 1, 1195 >,
 	< 1197, 99, 8, 88, 0, 173, 6, 1196 >,
 	< 1198, 99, 1, 90, 0, 119, 2, 1197 >,
 	< 1199, 99, 9, 55, 74, 162, 4, 1198 >
 };
