/*********************************************
 * OPL 12.10.0.0 Data
 * Author: Kinast
 * Creation date: Aug 17, 2021 at 11:50:27 AM
 *********************************************/

 nOrders = 100;
 nTasks = 1200;

 nWorkgroups = 10;
 nWorkstations = 50;

 nCobots = 0;
 cobotTimeFactor = 0.7;

 workstations = {
 	< 0, "Workstation 0", 0, 0.76, 0.96, 1, 4 >,
 	< 1, "Workstation 1", 1, 0.83, 1.19, 1, 3 >,
 	< 2, "Workstation 2", 2, 1.06, 0.94, 1, 4 >,
 	< 3, "Workstation 3", 3, 0.79, 0.9, 1, 4 >,
 	< 4, "Workstation 4", 1, 0.81, 1.09, 1, 2 >,
 	< 5, "Workstation 5", 4, 0.88, 1.09, 1, 1 >,
 	< 6, "Workstation 6", 5, 1.22, 1.04, 1, 5 >,
 	< 7, "Workstation 7", 3, 0.9, 0.87, 1, 2 >,
 	< 8, "Workstation 8", 4, 1.17, 1.08, 1, 1 >,
 	< 9, "Workstation 9", 1, 0.8, 0.9, 1, 5 >,
 	< 10, "Workstation 10", 1, 1.21, 1.2, 1, 2 >,
 	< 11, "Workstation 11", 1, 0.98, 0.84, 1, 3 >,
 	< 12, "Workstation 12", 6, 0.93, 1.16, 1, 1 >,
 	< 13, "Workstation 13", 7, 1.01, 0.82, 1, 1 >,
 	< 14, "Workstation 14", 8, 1.14, 1.05, 1, 1 >,
 	< 15, "Workstation 15", 0, 1, 0.91, 1, 1 >,
 	< 16, "Workstation 16", 2, 0.94, 0.92, 1, 1 >,
 	< 17, "Workstation 17", 9, 0.97, 1.24, 1, 1 >,
 	< 18, "Workstation 18", 7, 1.24, 1.22, 1, 1 >,
 	< 19, "Workstation 19", 8, 1.01, 0.79, 1, 1 >,
 	< 20, "Workstation 20", 5, 1.03, 0.86, 1, 4 >,
 	< 21, "Workstation 21", 6, 0.81, 0.87, 1, 1 >,
 	< 22, "Workstation 22", 8, 0.8, 0.91, 1, 4 >,
 	< 23, "Workstation 23", 3, 1.19, 0.96, 1, 1 >,
 	< 24, "Workstation 24", 4, 0.94, 1.14, 1, 1 >,
 	< 25, "Workstation 25", 5, 1.01, 0.78, 1, 1 >,
 	< 26, "Workstation 26", 9, 1.18, 1.15, 1, 1 >,
 	< 27, "Workstation 27", 0, 1.16, 1.12, 1, 1 >,
 	< 28, "Workstation 28", 0, 0.86, 0.81, 1, 2 >,
 	< 29, "Workstation 29", 6, 1.12, 0.95, 1, 1 >,
 	< 30, "Workstation 30", 6, 0.9, 1.05, 1, 4 >,
 	< 31, "Workstation 31", 9, 1.02, 0.94, 1, 1 >,
 	< 32, "Workstation 32", 3, 1.21, 1.14, 1, 3 >,
 	< 33, "Workstation 33", 9, 1.08, 0.88, 1, 1 >,
 	< 34, "Workstation 34", 5, 0.97, 0.92, 1, 1 >,
 	< 35, "Workstation 35", 2, 1.03, 0.76, 1, 5 >,
 	< 36, "Workstation 36", 7, 1.09, 1.24, 1, 1 >,
 	< 37, "Workstation 37", 2, 0.9, 0.95, 1, 5 >,
 	< 38, "Workstation 38", 7, 1.17, 1, 1, 5 >,
 	< 39, "Workstation 39", 7, 0.94, 1.04, 1, 3 >,
 	< 40, "Workstation 40", 4, 1.19, 0.98, 1, 1 >,
 	< 41, "Workstation 41", 4, 0.78, 1.01, 1, 4 >,
 	< 42, "Workstation 42", 2, 0.86, 1.22, 1, 1 >,
 	< 43, "Workstation 43", 9, 1.16, 0.82, 1, 1 >,
 	< 44, "Workstation 44", 8, 1.04, 1.08, 1, 4 >,
 	< 45, "Workstation 45", 3, 1.14, 0.83, 1, 1 >,
 	< 46, "Workstation 46", 0, 1.08, 1.03, 1, 5 >,
 	< 47, "Workstation 47", 8, 1.06, 0.75, 1, 2 >,
 	< 48, "Workstation 48", 5, 1.03, 0.79, 1, 1 >,
 	< 49, "Workstation 49", 6, 1.17, 1.11, 1, 2 >
 };

 tasks = {
 	// order 0
 	< 0, 0, 3, 49, 50, 108, 6, -1 >,
 	< 1, 0, 5, 47, 69, 121, 3, 0 >,
 	< 2, 0, 9, 82, 0, 137, 1, 1 >,
 	< 3, 0, 3, 0, 95, 147, 5, 2 >,
 	< 4, 0, 2, 0, 0, 137, 2, 3 >,
 	< 5, 0, 9, 98, 80, 195, 0, 4 >,
 	< 6, 0, 4, 0, 0, 195, 8, 5 >,
 	< 7, 0, 8, 0, 73, 155, 7, 6 >,
 	< 8, 0, 9, 70, 0, 135, 4, 7 >,
 	< 9, 0, 3, 0, 69, 138, 9, 8 >,
 	< 10, 0, 6, 0, 93, 176, 6, 9 >,
 	< 11, 0, 6, 0, 95, 124, 3, 10 >,
 	// order 1
 	< 12, 1, 6, 82, 73, 189, 1, -1 >,
 	< 13, 1, 9, 0, 57, 110, 5, 12 >,
 	< 14, 1, 7, 50, 0, 188, 2, 13 >,
 	< 15, 1, 6, 98, 0, 163, 0, 14 >,
 	< 16, 1, 4, 0, 0, 116, 8, 15 >,
 	< 17, 1, 9, 39, 58, 153, 7, 16 >,
 	< 18, 1, 8, 56, 0, 124, 4, 17 >,
 	< 19, 1, 9, 73, 0, 142, 9, 18 >,
 	< 20, 1, 8, 41, 0, 194, 6, 19 >,
 	< 21, 1, 3, 0, 92, 101, 3, 20 >,
 	< 22, 1, 5, 89, 44, 115, 1, 21 >,
 	< 23, 1, 7, 83, 0, 174, 5, 22 >,
 	// order 2
 	< 24, 2, 8, 0, 56, 187, 2, -1 >,
 	< 25, 2, 5, 0, 30, 180, 0, 24 >,
 	< 26, 2, 2, 76, 68, 124, 8, 25 >,
 	< 27, 2, 9, 0, 59, 135, 7, 26 >,
 	< 28, 2, 8, 0, 0, 116, 4, 27 >,
 	< 29, 2, 9, 86, 0, 126, 9, 28 >,
 	< 30, 2, 1, 50, 34, 139, 6, 29 >,
 	< 31, 2, 4, 35, 32, 191, 3, 30 >,
 	< 32, 2, 9, 0, 0, 106, 1, 31 >,
 	< 33, 2, 2, 77, 83, 144, 5, 32 >,
 	< 34, 2, 2, 57, 30, 181, 2, 33 >,
 	< 35, 2, 3, 77, 0, 179, 0, 34 >,
 	// order 3
 	< 36, 3, 8, 53, 0, 198, 8, -1 >,
 	< 37, 3, 8, 0, 97, 115, 7, 36 >,
 	< 38, 3, 8, 0, 0, 191, 4, 37 >,
 	< 39, 3, 2, 37, 98, 113, 9, 38 >,
 	< 40, 3, 2, 74, 69, 130, 6, 39 >,
 	< 41, 3, 2, 0, 79, 109, 3, 40 >,
 	< 42, 3, 2, 38, 0, 150, 1, 41 >,
 	< 43, 3, 10, 45, 0, 151, 5, 42 >,
 	< 44, 3, 10, 50, 0, 135, 2, 43 >,
 	< 45, 3, 10, 0, 32, 110, 0, 44 >,
 	< 46, 3, 3, 54, 46, 109, 8, 45 >,
 	< 47, 3, 7, 77, 85, 142, 7, 46 >,
 	// order 4
 	< 48, 4, 3, 0, 89, 133, 4, -1 >,
 	< 49, 4, 8, 87, 0, 148, 9, 48 >,
 	< 50, 4, 10, 42, 54, 123, 6, 49 >,
 	< 51, 4, 2, 0, 0, 152, 3, 50 >,
 	< 52, 4, 5, 87, 0, 121, 1, 51 >,
 	< 53, 4, 5, 58, 0, 118, 5, 52 >,
 	< 54, 4, 6, 0, 69, 155, 2, 53 >,
 	< 55, 4, 3, 66, 49, 119, 0, 54 >,
 	< 56, 4, 3, 86, 80, 144, 8, 55 >,
 	< 57, 4, 6, 59, 0, 130, 7, 56 >,
 	< 58, 4, 7, 0, 76, 124, 4, 57 >,
 	< 59, 4, 1, 89, 48, 150, 9, 58 >,
 	// order 5
 	< 60, 5, 1, 72, 74, 115, 6, -1 >,
 	< 61, 5, 2, 0, 84, 179, 3, 60 >,
 	< 62, 5, 4, 0, 31, 172, 1, 61 >,
 	< 63, 5, 5, 0, 0, 165, 5, 62 >,
 	< 64, 5, 9, 47, 63, 161, 2, 63 >,
 	< 65, 5, 9, 88, 83, 139, 0, 64 >,
 	< 66, 5, 10, 84, 41, 183, 8, 65 >,
 	< 67, 5, 9, 0, 36, 180, 7, 66 >,
 	< 68, 5, 6, 96, 94, 122, 4, 67 >,
 	< 69, 5, 4, 0, 66, 161, 9, 68 >,
 	< 70, 5, 7, 0, 90, 142, 6, 69 >,
 	< 71, 5, 1, 0, 0, 150, 3, 70 >,
 	// order 6
 	< 72, 6, 8, 0, 0, 138, 1, -1 >,
 	< 73, 6, 6, 41, 77, 124, 5, 72 >,
 	< 74, 6, 10, 0, 95, 172, 2, 73 >,
 	< 75, 6, 10, 93, 83, 147, 0, 74 >,
 	< 76, 6, 8, 91, 0, 110, 8, 75 >,
 	< 77, 6, 5, 0, 0, 140, 7, 76 >,
 	< 78, 6, 8, 0, 71, 101, 4, 77 >,
 	< 79, 6, 6, 0, 42, 193, 9, 78 >,
 	< 80, 6, 1, 62, 68, 161, 6, 79 >,
 	< 81, 6, 9, 0, 97, 188, 3, 80 >,
 	< 82, 6, 2, 0, 0, 103, 1, 81 >,
 	< 83, 6, 1, 0, 33, 142, 5, 82 >,
 	// order 7
 	< 84, 7, 6, 47, 0, 144, 2, -1 >,
 	< 85, 7, 9, 0, 0, 192, 0, 84 >,
 	< 86, 7, 3, 0, 81, 106, 8, 85 >,
 	< 87, 7, 7, 51, 0, 132, 7, 86 >,
 	< 88, 7, 8, 0, 45, 136, 4, 87 >,
 	< 89, 7, 6, 90, 0, 155, 9, 88 >,
 	< 90, 7, 10, 0, 65, 176, 6, 89 >,
 	< 91, 7, 4, 0, 43, 109, 3, 90 >,
 	< 92, 7, 7, 0, 66, 177, 1, 91 >,
 	< 93, 7, 5, 58, 0, 169, 5, 92 >,
 	< 94, 7, 4, 72, 0, 132, 2, 93 >,
 	< 95, 7, 2, 84, 82, 176, 0, 94 >,
 	// order 8
 	< 96, 8, 10, 0, 95, 172, 8, -1 >,
 	< 97, 8, 6, 0, 80, 159, 7, 96 >,
 	< 98, 8, 1, 0, 0, 163, 4, 97 >,
 	< 99, 8, 7, 63, 0, 188, 9, 98 >,
 	< 100, 8, 7, 0, 61, 117, 6, 99 >,
 	< 101, 8, 3, 81, 0, 162, 3, 100 >,
 	< 102, 8, 8, 0, 61, 134, 1, 101 >,
 	< 103, 8, 7, 98, 33, 193, 5, 102 >,
 	< 104, 8, 4, 0, 0, 109, 2, 103 >,
 	< 105, 8, 3, 48, 80, 148, 0, 104 >,
 	< 106, 8, 2, 0, 0, 110, 8, 105 >,
 	< 107, 8, 5, 0, 64, 164, 7, 106 >,
 	// order 9
 	< 108, 9, 9, 51, 0, 195, 4, -1 >,
 	< 109, 9, 3, 0, 30, 194, 9, 108 >,
 	< 110, 9, 9, 92, 0, 196, 6, 109 >,
 	< 111, 9, 3, 40, 0, 189, 3, 110 >,
 	< 112, 9, 7, 41, 0, 114, 1, 111 >,
 	< 113, 9, 7, 0, 54, 187, 5, 112 >,
 	< 114, 9, 4, 64, 44, 111, 2, 113 >,
 	< 115, 9, 1, 0, 89, 189, 0, 114 >,
 	< 116, 9, 10, 0, 91, 178, 8, 115 >,
 	< 117, 9, 3, 33, 73, 120, 7, 116 >,
 	< 118, 9, 6, 97, 0, 166, 4, 117 >,
 	< 119, 9, 9, 0, 0, 125, 9, 118 >,
 	// order 10
 	< 120, 10, 8, 0, 0, 159, 6, -1 >,
 	< 121, 10, 10, 0, 44, 184, 3, 120 >,
 	< 122, 10, 2, 72, 30, 175, 1, 121 >,
 	< 123, 10, 4, 73, 0, 143, 5, 122 >,
 	< 124, 10, 1, 64, 0, 114, 2, 123 >,
 	< 125, 10, 3, 30, 62, 125, 0, 124 >,
 	< 126, 10, 9, 0, 41, 162, 8, 125 >,
 	< 127, 10, 2, 0, 69, 130, 7, 126 >,
 	< 128, 10, 8, 0, 90, 160, 4, 127 >,
 	< 129, 10, 1, 44, 38, 123, 9, 128 >,
 	< 130, 10, 9, 41, 0, 184, 6, 129 >,
 	< 131, 10, 9, 0, 53, 192, 3, 130 >,
 	// order 11
 	< 132, 11, 3, 0, 91, 134, 1, -1 >,
 	< 133, 11, 10, 39, 0, 149, 5, 132 >,
 	< 134, 11, 8, 39, 0, 143, 2, 133 >,
 	< 135, 11, 8, 0, 47, 131, 0, 134 >,
 	< 136, 11, 9, 0, 0, 101, 8, 135 >,
 	< 137, 11, 1, 0, 0, 107, 7, 136 >,
 	< 138, 11, 8, 0, 40, 122, 4, 137 >,
 	< 139, 11, 4, 0, 87, 199, 9, 138 >,
 	< 140, 11, 3, 0, 34, 160, 6, 139 >,
 	< 141, 11, 7, 0, 0, 172, 3, 140 >,
 	< 142, 11, 8, 35, 0, 191, 1, 141 >,
 	< 143, 11, 5, 0, 0, 109, 5, 142 >,
 	// order 12
 	< 144, 12, 1, 87, 66, 177, 2, -1 >,
 	< 145, 12, 4, 0, 72, 160, 0, 144 >,
 	< 146, 12, 8, 72, 60, 128, 8, 145 >,
 	< 147, 12, 2, 82, 78, 153, 7, 146 >,
 	< 148, 12, 1, 76, 0, 170, 4, 147 >,
 	< 149, 12, 8, 78, 0, 127, 9, 148 >,
 	< 150, 12, 4, 96, 0, 132, 6, 149 >,
 	< 151, 12, 7, 79, 83, 190, 3, 150 >,
 	< 152, 12, 5, 90, 0, 112, 1, 151 >,
 	< 153, 12, 1, 54, 0, 137, 5, 152 >,
 	< 154, 12, 6, 0, 0, 178, 2, 153 >,
 	< 155, 12, 3, 54, 46, 119, 0, 154 >,
 	// order 13
 	< 156, 13, 10, 0, 0, 152, 8, -1 >,
 	< 157, 13, 9, 0, 0, 196, 7, 156 >,
 	< 158, 13, 6, 32, 96, 164, 4, 157 >,
 	< 159, 13, 7, 87, 0, 157, 9, 158 >,
 	< 160, 13, 8, 0, 0, 176, 6, 159 >,
 	< 161, 13, 9, 57, 57, 108, 3, 160 >,
 	< 162, 13, 8, 32, 0, 156, 1, 161 >,
 	< 163, 13, 10, 0, 0, 133, 5, 162 >,
 	< 164, 13, 3, 0, 77, 182, 2, 163 >,
 	< 165, 13, 9, 0, 60, 172, 0, 164 >,
 	< 166, 13, 2, 32, 36, 150, 8, 165 >,
 	< 167, 13, 2, 75, 79, 145, 7, 166 >,
 	// order 14
 	< 168, 14, 5, 91, 30, 100, 4, -1 >,
 	< 169, 14, 6, 0, 71, 125, 9, 168 >,
 	< 170, 14, 5, 0, 0, 194, 6, 169 >,
 	< 171, 14, 5, 96, 44, 197, 3, 170 >,
 	< 172, 14, 9, 0, 80, 163, 1, 171 >,
 	< 173, 14, 10, 60, 0, 138, 5, 172 >,
 	< 174, 14, 9, 83, 96, 180, 2, 173 >,
 	< 175, 14, 1, 52, 0, 104, 0, 174 >,
 	< 176, 14, 1, 47, 88, 163, 8, 175 >,
 	< 177, 14, 6, 33, 31, 150, 7, 176 >,
 	< 178, 14, 5, 75, 0, 104, 4, 177 >,
 	< 179, 14, 4, 0, 97, 122, 9, 178 >,
 	// order 15
 	< 180, 15, 2, 0, 58, 180, 6, -1 >,
 	< 181, 15, 1, 62, 0, 125, 3, 180 >,
 	< 182, 15, 2, 85, 53, 115, 1, 181 >,
 	< 183, 15, 8, 0, 0, 171, 5, 182 >,
 	< 184, 15, 4, 91, 0, 127, 2, 183 >,
 	< 185, 15, 1, 0, 30, 143, 0, 184 >,
 	< 186, 15, 3, 0, 0, 185, 8, 185 >,
 	< 187, 15, 4, 81, 0, 184, 7, 186 >,
 	< 188, 15, 6, 0, 71, 178, 4, 187 >,
 	< 189, 15, 4, 87, 0, 197, 9, 188 >,
 	< 190, 15, 9, 84, 0, 125, 6, 189 >,
 	< 191, 15, 9, 65, 38, 172, 3, 190 >,
 	// order 16
 	< 192, 16, 8, 0, 0, 169, 1, -1 >,
 	< 193, 16, 10, 88, 46, 144, 5, 192 >,
 	< 194, 16, 5, 0, 0, 175, 2, 193 >,
 	< 195, 16, 6, 36, 0, 180, 0, 194 >,
 	< 196, 16, 7, 0, 0, 153, 8, 195 >,
 	< 197, 16, 2, 64, 89, 200, 7, 196 >,
 	< 198, 16, 9, 0, 0, 131, 4, 197 >,
 	< 199, 16, 2, 30, 0, 190, 9, 198 >,
 	< 200, 16, 8, 83, 85, 153, 6, 199 >,
 	< 201, 16, 5, 0, 0, 165, 3, 200 >,
 	< 202, 16, 7, 0, 0, 141, 1, 201 >,
 	< 203, 16, 9, 0, 0, 142, 5, 202 >,
 	// order 17
 	< 204, 17, 6, 0, 66, 187, 2, -1 >,
 	< 205, 17, 10, 54, 0, 138, 0, 204 >,
 	< 206, 17, 1, 0, 70, 168, 8, 205 >,
 	< 207, 17, 2, 0, 0, 195, 7, 206 >,
 	< 208, 17, 5, 30, 74, 119, 4, 207 >,
 	< 209, 17, 3, 0, 62, 197, 9, 208 >,
 	< 210, 17, 2, 78, 0, 143, 6, 209 >,
 	< 211, 17, 8, 0, 0, 166, 3, 210 >,
 	< 212, 17, 8, 61, 0, 109, 1, 211 >,
 	< 213, 17, 2, 82, 0, 138, 5, 212 >,
 	< 214, 17, 3, 0, 63, 103, 2, 213 >,
 	< 215, 17, 10, 80, 0, 132, 0, 214 >,
 	// order 18
 	< 216, 18, 6, 99, 37, 124, 8, -1 >,
 	< 217, 18, 2, 63, 0, 189, 7, 216 >,
 	< 218, 18, 2, 0, 41, 147, 4, 217 >,
 	< 219, 18, 1, 68, 0, 124, 9, 218 >,
 	< 220, 18, 6, 0, 46, 187, 6, 219 >,
 	< 221, 18, 6, 0, 66, 187, 3, 220 >,
 	< 222, 18, 1, 96, 0, 199, 1, 221 >,
 	< 223, 18, 10, 55, 100, 128, 5, 222 >,
 	< 224, 18, 3, 64, 0, 104, 2, 223 >,
 	< 225, 18, 1, 0, 90, 103, 0, 224 >,
 	< 226, 18, 2, 35, 0, 171, 8, 225 >,
 	< 227, 18, 5, 47, 83, 101, 7, 226 >,
 	// order 19
 	< 228, 19, 10, 0, 50, 111, 4, -1 >,
 	< 229, 19, 6, 0, 66, 118, 9, 228 >,
 	< 230, 19, 7, 0, 49, 114, 6, 229 >,
 	< 231, 19, 1, 0, 64, 110, 3, 230 >,
 	< 232, 19, 1, 89, 37, 186, 1, 231 >,
 	< 233, 19, 1, 0, 93, 112, 5, 232 >,
 	< 234, 19, 2, 0, 0, 131, 2, 233 >,
 	< 235, 19, 7, 87, 65, 112, 0, 234 >,
 	< 236, 19, 1, 0, 64, 126, 8, 235 >,
 	< 237, 19, 2, 70, 0, 153, 7, 236 >,
 	< 238, 19, 5, 0, 95, 130, 4, 237 >,
 	< 239, 19, 5, 42, 0, 145, 9, 238 >,
 	// order 20
 	< 240, 20, 10, 74, 0, 156, 6, -1 >,
 	< 241, 20, 3, 98, 0, 141, 3, 240 >,
 	< 242, 20, 4, 99, 33, 131, 1, 241 >,
 	< 243, 20, 10, 0, 82, 132, 5, 242 >,
 	< 244, 20, 8, 0, 0, 170, 2, 243 >,
 	< 245, 20, 9, 53, 0, 122, 0, 244 >,
 	< 246, 20, 8, 77, 0, 121, 8, 245 >,
 	< 247, 20, 1, 85, 31, 142, 7, 246 >,
 	< 248, 20, 8, 0, 44, 153, 4, 247 >,
 	< 249, 20, 3, 91, 62, 150, 9, 248 >,
 	< 250, 20, 4, 38, 0, 178, 6, 249 >,
 	< 251, 20, 3, 0, 76, 136, 3, 250 >,
 	// order 21
 	< 252, 21, 10, 0, 78, 122, 1, -1 >,
 	< 253, 21, 10, 30, 44, 148, 5, 252 >,
 	< 254, 21, 9, 0, 73, 129, 2, 253 >,
 	< 255, 21, 2, 0, 94, 146, 0, 254 >,
 	< 256, 21, 1, 49, 0, 114, 8, 255 >,
 	< 257, 21, 10, 0, 0, 146, 7, 256 >,
 	< 258, 21, 5, 0, 0, 105, 4, 257 >,
 	< 259, 21, 9, 49, 52, 133, 9, 258 >,
 	< 260, 21, 10, 57, 0, 101, 6, 259 >,
 	< 261, 21, 5, 0, 71, 149, 3, 260 >,
 	< 262, 21, 2, 0, 0, 176, 1, 261 >,
 	< 263, 21, 9, 63, 0, 137, 5, 262 >,
 	// order 22
 	< 264, 22, 1, 83, 40, 179, 2, -1 >,
 	< 265, 22, 3, 0, 0, 171, 0, 264 >,
 	< 266, 22, 8, 0, 90, 128, 8, 265 >,
 	< 267, 22, 10, 75, 47, 182, 7, 266 >,
 	< 268, 22, 10, 0, 0, 179, 4, 267 >,
 	< 269, 22, 4, 0, 0, 160, 9, 268 >,
 	< 270, 22, 2, 57, 40, 123, 6, 269 >,
 	< 271, 22, 4, 0, 0, 124, 3, 270 >,
 	< 272, 22, 5, 32, 92, 184, 1, 271 >,
 	< 273, 22, 5, 0, 0, 178, 5, 272 >,
 	< 274, 22, 8, 0, 0, 197, 2, 273 >,
 	< 275, 22, 2, 40, 53, 194, 0, 274 >,
 	// order 23
 	< 276, 23, 8, 32, 36, 180, 8, -1 >,
 	< 277, 23, 4, 0, 0, 162, 7, 276 >,
 	< 278, 23, 10, 62, 0, 103, 4, 277 >,
 	< 279, 23, 5, 99, 0, 159, 9, 278 >,
 	< 280, 23, 4, 91, 0, 184, 6, 279 >,
 	< 281, 23, 9, 59, 71, 108, 3, 280 >,
 	< 282, 23, 7, 44, 0, 191, 1, 281 >,
 	< 283, 23, 8, 0, 35, 146, 5, 282 >,
 	< 284, 23, 4, 81, 95, 185, 2, 283 >,
 	< 285, 23, 9, 76, 41, 118, 0, 284 >,
 	< 286, 23, 8, 94, 73, 102, 8, 285 >,
 	< 287, 23, 3, 0, 54, 190, 7, 286 >,
 	// order 24
 	< 288, 24, 6, 0, 0, 126, 4, -1 >,
 	< 289, 24, 10, 0, 73, 112, 9, 288 >,
 	< 290, 24, 4, 0, 94, 114, 6, 289 >,
 	< 291, 24, 6, 31, 65, 111, 3, 290 >,
 	< 292, 24, 9, 65, 0, 158, 1, 291 >,
 	< 293, 24, 6, 0, 0, 114, 5, 292 >,
 	< 294, 24, 7, 65, 0, 108, 2, 293 >,
 	< 295, 24, 2, 93, 98, 179, 0, 294 >,
 	< 296, 24, 10, 0, 0, 181, 8, 295 >,
 	< 297, 24, 7, 100, 31, 110, 7, 296 >,
 	< 298, 24, 3, 0, 0, 122, 4, 297 >,
 	< 299, 24, 1, 83, 78, 138, 9, 298 >,
 	// order 25
 	< 300, 25, 10, 62, 64, 163, 6, -1 >,
 	< 301, 25, 10, 97, 0, 103, 3, 300 >,
 	< 302, 25, 5, 80, 0, 165, 1, 301 >,
 	< 303, 25, 9, 62, 69, 164, 5, 302 >,
 	< 304, 25, 2, 0, 0, 143, 2, 303 >,
 	< 305, 25, 1, 100, 88, 194, 0, 304 >,
 	< 306, 25, 10, 90, 0, 171, 8, 305 >,
 	< 307, 25, 6, 0, 78, 117, 7, 306 >,
 	< 308, 25, 7, 0, 0, 179, 4, 307 >,
 	< 309, 25, 8, 35, 0, 176, 9, 308 >,
 	< 310, 25, 1, 0, 88, 130, 6, 309 >,
 	< 311, 25, 5, 0, 0, 106, 3, 310 >,
 	// order 26
 	< 312, 26, 6, 0, 57, 117, 1, -1 >,
 	< 313, 26, 1, 42, 81, 195, 5, 312 >,
 	< 314, 26, 4, 0, 0, 124, 2, 313 >,
 	< 315, 26, 4, 0, 0, 198, 0, 314 >,
 	< 316, 26, 7, 51, 69, 182, 8, 315 >,
 	< 317, 26, 8, 0, 0, 175, 7, 316 >,
 	< 318, 26, 6, 0, 0, 144, 4, 317 >,
 	< 319, 26, 3, 0, 54, 122, 9, 318 >,
 	< 320, 26, 9, 48, 92, 134, 6, 319 >,
 	< 321, 26, 5, 0, 31, 151, 3, 320 >,
 	< 322, 26, 5, 0, 0, 143, 1, 321 >,
 	< 323, 26, 5, 0, 0, 145, 5, 322 >,
 	// order 27
 	< 324, 27, 3, 58, 56, 143, 2, -1 >,
 	< 325, 27, 4, 76, 39, 106, 0, 324 >,
 	< 326, 27, 8, 0, 49, 100, 8, 325 >,
 	< 327, 27, 4, 0, 0, 138, 7, 326 >,
 	< 328, 27, 1, 0, 0, 143, 4, 327 >,
 	< 329, 27, 7, 0, 0, 171, 9, 328 >,
 	< 330, 27, 9, 94, 0, 106, 6, 329 >,
 	< 331, 27, 1, 61, 0, 189, 3, 330 >,
 	< 332, 27, 2, 73, 69, 154, 1, 331 >,
 	< 333, 27, 10, 58, 0, 102, 5, 332 >,
 	< 334, 27, 5, 0, 0, 187, 2, 333 >,
 	< 335, 27, 1, 0, 0, 129, 0, 334 >,
 	// order 28
 	< 336, 28, 3, 38, 0, 100, 8, -1 >,
 	< 337, 28, 8, 45, 76, 197, 7, 336 >,
 	< 338, 28, 2, 78, 0, 109, 4, 337 >,
 	< 339, 28, 9, 45, 70, 148, 9, 338 >,
 	< 340, 28, 9, 85, 60, 180, 6, 339 >,
 	< 341, 28, 8, 0, 91, 146, 3, 340 >,
 	< 342, 28, 2, 0, 0, 198, 1, 341 >,
 	< 343, 28, 6, 33, 53, 100, 5, 342 >,
 	< 344, 28, 2, 0, 0, 119, 2, 343 >,
 	< 345, 28, 8, 34, 0, 132, 0, 344 >,
 	< 346, 28, 10, 0, 83, 186, 8, 345 >,
 	< 347, 28, 3, 0, 0, 137, 7, 346 >,
 	// order 29
 	< 348, 29, 2, 0, 77, 109, 4, -1 >,
 	< 349, 29, 7, 72, 0, 111, 9, 348 >,
 	< 350, 29, 4, 0, 0, 118, 6, 349 >,
 	< 351, 29, 3, 0, 62, 145, 3, 350 >,
 	< 352, 29, 5, 37, 46, 167, 1, 351 >,
 	< 353, 29, 9, 0, 0, 134, 5, 352 >,
 	< 354, 29, 4, 47, 0, 167, 2, 353 >,
 	< 355, 29, 6, 53, 0, 135, 0, 354 >,
 	< 356, 29, 7, 40, 0, 195, 8, 355 >,
 	< 357, 29, 7, 0, 43, 149, 7, 356 >,
 	< 358, 29, 3, 0, 88, 183, 4, 357 >,
 	< 359, 29, 7, 0, 61, 100, 9, 358 >,
 	// order 30
 	< 360, 30, 3, 47, 0, 198, 6, -1 >,
 	< 361, 30, 4, 0, 65, 168, 3, 360 >,
 	< 362, 30, 4, 0, 0, 110, 1, 361 >,
 	< 363, 30, 9, 68, 83, 155, 5, 362 >,
 	< 364, 30, 6, 0, 96, 106, 2, 363 >,
 	< 365, 30, 3, 60, 0, 199, 0, 364 >,
 	< 366, 30, 5, 0, 61, 113, 8, 365 >,
 	< 367, 30, 1, 0, 60, 160, 7, 366 >,
 	< 368, 30, 7, 0, 0, 152, 4, 367 >,
 	< 369, 30, 2, 0, 76, 101, 9, 368 >,
 	< 370, 30, 9, 0, 0, 199, 6, 369 >,
 	< 371, 30, 9, 40, 52, 118, 3, 370 >,
 	// order 31
 	< 372, 31, 8, 0, 58, 152, 1, -1 >,
 	< 373, 31, 2, 0, 0, 187, 5, 372 >,
 	< 374, 31, 10, 80, 49, 116, 2, 373 >,
 	< 375, 31, 10, 0, 55, 181, 0, 374 >,
 	< 376, 31, 10, 0, 0, 141, 8, 375 >,
 	< 377, 31, 7, 41, 0, 200, 7, 376 >,
 	< 378, 31, 10, 53, 81, 166, 4, 377 >,
 	< 379, 31, 3, 94, 53, 191, 9, 378 >,
 	< 380, 31, 9, 78, 0, 114, 6, 379 >,
 	< 381, 31, 6, 0, 97, 131, 3, 380 >,
 	< 382, 31, 5, 0, 47, 134, 1, 381 >,
 	< 383, 31, 1, 0, 78, 103, 5, 382 >,
 	// order 32
 	< 384, 32, 1, 0, 99, 144, 2, -1 >,
 	< 385, 32, 8, 73, 100, 128, 0, 384 >,
 	< 386, 32, 10, 0, 33, 150, 8, 385 >,
 	< 387, 32, 7, 0, 0, 132, 7, 386 >,
 	< 388, 32, 2, 0, 0, 163, 4, 387 >,
 	< 389, 32, 6, 62, 0, 132, 9, 388 >,
 	< 390, 32, 3, 38, 0, 130, 6, 389 >,
 	< 391, 32, 9, 100, 87, 140, 3, 390 >,
 	< 392, 32, 6, 0, 98, 102, 1, 391 >,
 	< 393, 32, 5, 0, 43, 185, 5, 392 >,
 	< 394, 32, 4, 0, 0, 136, 2, 393 >,
 	< 395, 32, 10, 45, 0, 139, 0, 394 >,
 	// order 33
 	< 396, 33, 5, 0, 0, 129, 8, -1 >,
 	< 397, 33, 7, 0, 0, 184, 7, 396 >,
 	< 398, 33, 8, 0, 0, 151, 4, 397 >,
 	< 399, 33, 10, 0, 0, 174, 9, 398 >,
 	< 400, 33, 7, 0, 0, 161, 6, 399 >,
 	< 401, 33, 2, 91, 0, 148, 3, 400 >,
 	< 402, 33, 10, 85, 56, 109, 1, 401 >,
 	< 403, 33, 5, 51, 0, 111, 5, 402 >,
 	< 404, 33, 2, 0, 0, 167, 2, 403 >,
 	< 405, 33, 9, 71, 84, 133, 0, 404 >,
 	< 406, 33, 4, 48, 47, 132, 8, 405 >,
 	< 407, 33, 2, 48, 60, 116, 7, 406 >,
 	// order 34
 	< 408, 34, 9, 78, 0, 107, 4, -1 >,
 	< 409, 34, 4, 31, 77, 199, 9, 408 >,
 	< 410, 34, 10, 68, 0, 141, 6, 409 >,
 	< 411, 34, 8, 35, 0, 151, 3, 410 >,
 	< 412, 34, 2, 91, 39, 112, 1, 411 >,
 	< 413, 34, 8, 0, 33, 155, 5, 412 >,
 	< 414, 34, 7, 52, 0, 200, 2, 413 >,
 	< 415, 34, 5, 45, 82, 151, 0, 414 >,
 	< 416, 34, 7, 52, 0, 172, 8, 415 >,
 	< 417, 34, 2, 97, 82, 110, 7, 416 >,
 	< 418, 34, 7, 46, 91, 195, 4, 417 >,
 	< 419, 34, 3, 0, 89, 162, 9, 418 >,
 	// order 35
 	< 420, 35, 5, 0, 45, 173, 6, -1 >,
 	< 421, 35, 5, 0, 90, 178, 3, 420 >,
 	< 422, 35, 8, 89, 0, 120, 1, 421 >,
 	< 423, 35, 1, 0, 68, 103, 5, 422 >,
 	< 424, 35, 4, 71, 0, 165, 2, 423 >,
 	< 425, 35, 3, 0, 71, 198, 0, 424 >,
 	< 426, 35, 4, 77, 0, 131, 8, 425 >,
 	< 427, 35, 1, 0, 0, 139, 7, 426 >,
 	< 428, 35, 4, 82, 52, 188, 4, 427 >,
 	< 429, 35, 1, 0, 76, 185, 9, 428 >,
 	< 430, 35, 9, 45, 51, 163, 6, 429 >,
 	< 431, 35, 7, 0, 65, 123, 3, 430 >,
 	// order 36
 	< 432, 36, 7, 0, 61, 179, 1, -1 >,
 	< 433, 36, 10, 87, 0, 166, 5, 432 >,
 	< 434, 36, 10, 0, 0, 136, 2, 433 >,
 	< 435, 36, 6, 48, 0, 160, 0, 434 >,
 	< 436, 36, 9, 0, 82, 114, 8, 435 >,
 	< 437, 36, 8, 91, 78, 135, 7, 436 >,
 	< 438, 36, 2, 93, 0, 100, 4, 437 >,
 	< 439, 36, 4, 0, 36, 108, 9, 438 >,
 	< 440, 36, 7, 65, 0, 193, 6, 439 >,
 	< 441, 36, 4, 61, 80, 143, 3, 440 >,
 	< 442, 36, 9, 76, 80, 166, 1, 441 >,
 	< 443, 36, 8, 31, 0, 200, 5, 442 >,
 	// order 37
 	< 444, 37, 2, 65, 54, 116, 2, -1 >,
 	< 445, 37, 4, 0, 57, 137, 0, 444 >,
 	< 446, 37, 6, 0, 62, 156, 8, 445 >,
 	< 447, 37, 3, 0, 59, 102, 7, 446 >,
 	< 448, 37, 10, 55, 46, 133, 4, 447 >,
 	< 449, 37, 3, 49, 0, 106, 9, 448 >,
 	< 450, 37, 10, 83, 78, 194, 6, 449 >,
 	< 451, 37, 10, 35, 85, 103, 3, 450 >,
 	< 452, 37, 5, 0, 0, 113, 1, 451 >,
 	< 453, 37, 3, 0, 46, 124, 5, 452 >,
 	< 454, 37, 7, 40, 40, 103, 2, 453 >,
 	< 455, 37, 2, 35, 76, 119, 0, 454 >,
 	// order 38
 	< 456, 38, 4, 71, 84, 187, 8, -1 >,
 	< 457, 38, 3, 0, 54, 151, 7, 456 >,
 	< 458, 38, 2, 94, 0, 180, 4, 457 >,
 	< 459, 38, 3, 0, 84, 197, 9, 458 >,
 	< 460, 38, 9, 0, 73, 181, 6, 459 >,
 	< 461, 38, 6, 90, 30, 198, 3, 460 >,
 	< 462, 38, 2, 38, 90, 128, 1, 461 >,
 	< 463, 38, 5, 0, 0, 176, 5, 462 >,
 	< 464, 38, 3, 0, 0, 196, 2, 463 >,
 	< 465, 38, 10, 0, 52, 162, 0, 464 >,
 	< 466, 38, 1, 93, 0, 149, 8, 465 >,
 	< 467, 38, 3, 47, 53, 139, 7, 466 >,
 	// order 39
 	< 468, 39, 7, 54, 34, 104, 4, -1 >,
 	< 469, 39, 8, 96, 68, 135, 9, 468 >,
 	< 470, 39, 6, 0, 100, 121, 6, 469 >,
 	< 471, 39, 7, 52, 0, 153, 3, 470 >,
 	< 472, 39, 4, 31, 0, 162, 1, 471 >,
 	< 473, 39, 7, 96, 0, 152, 5, 472 >,
 	< 474, 39, 10, 39, 0, 200, 2, 473 >,
 	< 475, 39, 10, 97, 0, 200, 0, 474 >,
 	< 476, 39, 4, 66, 55, 101, 8, 475 >,
 	< 477, 39, 10, 0, 72, 115, 7, 476 >,
 	< 478, 39, 1, 0, 0, 158, 4, 477 >,
 	< 479, 39, 4, 87, 0, 115, 9, 478 >,
 	// order 40
 	< 480, 40, 9, 93, 0, 144, 6, -1 >,
 	< 481, 40, 7, 0, 0, 200, 3, 480 >,
 	< 482, 40, 3, 91, 55, 114, 1, 481 >,
 	< 483, 40, 7, 0, 0, 190, 5, 482 >,
 	< 484, 40, 7, 67, 0, 144, 2, 483 >,
 	< 485, 40, 4, 86, 0, 175, 0, 484 >,
 	< 486, 40, 7, 0, 0, 151, 8, 485 >,
 	< 487, 40, 3, 0, 0, 181, 7, 486 >,
 	< 488, 40, 5, 0, 96, 174, 4, 487 >,
 	< 489, 40, 3, 0, 49, 114, 9, 488 >,
 	< 490, 40, 7, 93, 37, 192, 6, 489 >,
 	< 491, 40, 9, 0, 0, 176, 3, 490 >,
 	// order 41
 	< 492, 41, 5, 69, 31, 147, 1, -1 >,
 	< 493, 41, 4, 76, 0, 159, 5, 492 >,
 	< 494, 41, 2, 91, 47, 124, 2, 493 >,
 	< 495, 41, 7, 51, 71, 109, 0, 494 >,
 	< 496, 41, 8, 0, 0, 185, 8, 495 >,
 	< 497, 41, 7, 0, 0, 169, 7, 496 >,
 	< 498, 41, 9, 75, 0, 185, 4, 497 >,
 	< 499, 41, 7, 94, 0, 183, 9, 498 >,
 	< 500, 41, 6, 0, 69, 152, 6, 499 >,
 	< 501, 41, 2, 0, 90, 168, 3, 500 >,
 	< 502, 41, 2, 99, 90, 155, 1, 501 >,
 	< 503, 41, 9, 95, 81, 159, 5, 502 >,
 	// order 42
 	< 504, 42, 5, 84, 0, 112, 2, -1 >,
 	< 505, 42, 6, 0, 64, 176, 0, 504 >,
 	< 506, 42, 7, 0, 0, 140, 8, 505 >,
 	< 507, 42, 2, 0, 95, 182, 7, 506 >,
 	< 508, 42, 7, 0, 0, 153, 4, 507 >,
 	< 509, 42, 3, 80, 50, 181, 9, 508 >,
 	< 510, 42, 10, 75, 0, 193, 6, 509 >,
 	< 511, 42, 8, 0, 47, 106, 3, 510 >,
 	< 512, 42, 6, 44, 0, 140, 1, 511 >,
 	< 513, 42, 9, 0, 62, 138, 5, 512 >,
 	< 514, 42, 7, 0, 87, 102, 2, 513 >,
 	< 515, 42, 2, 40, 0, 135, 0, 514 >,
 	// order 43
 	< 516, 43, 5, 0, 88, 150, 8, -1 >,
 	< 517, 43, 8, 0, 0, 138, 7, 516 >,
 	< 518, 43, 7, 58, 0, 187, 4, 517 >,
 	< 519, 43, 4, 47, 0, 112, 9, 518 >,
 	< 520, 43, 5, 0, 0, 104, 6, 519 >,
 	< 521, 43, 10, 0, 30, 183, 3, 520 >,
 	< 522, 43, 1, 80, 0, 129, 1, 521 >,
 	< 523, 43, 9, 65, 0, 138, 5, 522 >,
 	< 524, 43, 7, 87, 0, 123, 2, 523 >,
 	< 525, 43, 8, 0, 0, 183, 0, 524 >,
 	< 526, 43, 2, 44, 79, 102, 8, 525 >,
 	< 527, 43, 1, 52, 94, 163, 7, 526 >,
 	// order 44
 	< 528, 44, 8, 45, 0, 159, 4, -1 >,
 	< 529, 44, 10, 37, 0, 121, 9, 528 >,
 	< 530, 44, 9, 91, 63, 163, 6, 529 >,
 	< 531, 44, 3, 48, 0, 199, 3, 530 >,
 	< 532, 44, 10, 53, 94, 102, 1, 531 >,
 	< 533, 44, 1, 0, 53, 153, 5, 532 >,
 	< 534, 44, 2, 100, 71, 184, 2, 533 >,
 	< 535, 44, 7, 77, 0, 136, 0, 534 >,
 	< 536, 44, 10, 60, 0, 109, 8, 535 >,
 	< 537, 44, 6, 0, 62, 171, 7, 536 >,
 	< 538, 44, 5, 81, 93, 141, 4, 537 >,
 	< 539, 44, 7, 80, 65, 189, 9, 538 >,
 	// order 45
 	< 540, 45, 3, 37, 72, 103, 6, -1 >,
 	< 541, 45, 5, 0, 0, 179, 3, 540 >,
 	< 542, 45, 9, 99, 61, 188, 1, 541 >,
 	< 543, 45, 10, 86, 0, 187, 5, 542 >,
 	< 544, 45, 9, 37, 0, 101, 2, 543 >,
 	< 545, 45, 8, 0, 90, 195, 0, 544 >,
 	< 546, 45, 3, 31, 0, 180, 8, 545 >,
 	< 547, 45, 10, 0, 58, 119, 7, 546 >,
 	< 548, 45, 3, 0, 84, 112, 4, 547 >,
 	< 549, 45, 9, 0, 86, 102, 9, 548 >,
 	< 550, 45, 2, 0, 0, 101, 6, 549 >,
 	< 551, 45, 5, 30, 0, 158, 3, 550 >,
 	// order 46
 	< 552, 46, 4, 0, 0, 160, 1, -1 >,
 	< 553, 46, 9, 82, 44, 166, 5, 552 >,
 	< 554, 46, 10, 0, 58, 112, 2, 553 >,
 	< 555, 46, 7, 30, 0, 113, 0, 554 >,
 	< 556, 46, 2, 0, 0, 117, 8, 555 >,
 	< 557, 46, 9, 40, 30, 198, 7, 556 >,
 	< 558, 46, 9, 38, 0, 106, 4, 557 >,
 	< 559, 46, 2, 0, 89, 110, 9, 558 >,
 	< 560, 46, 4, 34, 0, 184, 6, 559 >,
 	< 561, 46, 6, 77, 0, 140, 3, 560 >,
 	< 562, 46, 9, 77, 0, 145, 1, 561 >,
 	< 563, 46, 9, 34, 34, 151, 5, 562 >,
 	// order 47
 	< 564, 47, 1, 46, 33, 132, 2, -1 >,
 	< 565, 47, 3, 0, 72, 194, 0, 564 >,
 	< 566, 47, 2, 0, 43, 138, 8, 565 >,
 	< 567, 47, 2, 0, 0, 119, 7, 566 >,
 	< 568, 47, 5, 72, 0, 191, 4, 567 >,
 	< 569, 47, 3, 95, 0, 158, 9, 568 >,
 	< 570, 47, 10, 85, 52, 199, 6, 569 >,
 	< 571, 47, 9, 86, 0, 136, 3, 570 >,
 	< 572, 47, 4, 0, 95, 178, 1, 571 >,
 	< 573, 47, 5, 0, 0, 151, 5, 572 >,
 	< 574, 47, 5, 66, 32, 143, 2, 573 >,
 	< 575, 47, 4, 0, 87, 142, 0, 574 >,
 	// order 48
 	< 576, 48, 3, 0, 0, 165, 8, -1 >,
 	< 577, 48, 1, 0, 60, 120, 7, 576 >,
 	< 578, 48, 6, 68, 0, 183, 4, 577 >,
 	< 579, 48, 2, 86, 0, 113, 9, 578 >,
 	< 580, 48, 9, 0, 76, 115, 6, 579 >,
 	< 581, 48, 3, 0, 70, 189, 3, 580 >,
 	< 582, 48, 7, 72, 88, 106, 1, 581 >,
 	< 583, 48, 2, 41, 57, 181, 5, 582 >,
 	< 584, 48, 1, 0, 86, 119, 2, 583 >,
 	< 585, 48, 6, 0, 92, 155, 0, 584 >,
 	< 586, 48, 10, 30, 76, 150, 8, 585 >,
 	< 587, 48, 3, 0, 63, 106, 7, 586 >,
 	// order 49
 	< 588, 49, 6, 88, 0, 156, 4, -1 >,
 	< 589, 49, 2, 98, 75, 131, 9, 588 >,
 	< 590, 49, 8, 57, 79, 136, 6, 589 >,
 	< 591, 49, 1, 91, 30, 109, 3, 590 >,
 	< 592, 49, 8, 99, 59, 167, 1, 591 >,
 	< 593, 49, 5, 41, 82, 150, 5, 592 >,
 	< 594, 49, 6, 0, 74, 132, 2, 593 >,
 	< 595, 49, 3, 32, 74, 102, 0, 594 >,
 	< 596, 49, 1, 34, 92, 140, 8, 595 >,
 	< 597, 49, 9, 57, 63, 105, 7, 596 >,
 	< 598, 49, 2, 54, 0, 129, 4, 597 >,
 	< 599, 49, 4, 40, 48, 189, 9, 598 >,
 	// order 50
 	< 600, 50, 1, 73, 0, 154, 6, -1 >,
 	< 601, 50, 6, 98, 0, 115, 3, 600 >,
 	< 602, 50, 9, 45, 0, 187, 1, 601 >,
 	< 603, 50, 6, 0, 0, 130, 5, 602 >,
 	< 604, 50, 4, 32, 0, 156, 2, 603 >,
 	< 605, 50, 1, 96, 75, 200, 0, 604 >,
 	< 606, 50, 5, 0, 81, 200, 8, 605 >,
 	< 607, 50, 3, 0, 50, 101, 7, 606 >,
 	< 608, 50, 7, 50, 56, 160, 4, 607 >,
 	< 609, 50, 2, 60, 71, 183, 9, 608 >,
 	< 610, 50, 6, 95, 0, 148, 6, 609 >,
 	< 611, 50, 1, 0, 76, 111, 3, 610 >,
 	// order 51
 	< 612, 51, 4, 0, 75, 123, 1, -1 >,
 	< 613, 51, 5, 0, 51, 133, 5, 612 >,
 	< 614, 51, 1, 0, 58, 175, 2, 613 >,
 	< 615, 51, 2, 0, 0, 184, 0, 614 >,
 	< 616, 51, 10, 0, 59, 165, 8, 615 >,
 	< 617, 51, 7, 87, 84, 121, 7, 616 >,
 	< 618, 51, 7, 55, 46, 110, 4, 617 >,
 	< 619, 51, 3, 55, 75, 182, 9, 618 >,
 	< 620, 51, 6, 0, 47, 119, 6, 619 >,
 	< 621, 51, 6, 0, 0, 188, 3, 620 >,
 	< 622, 51, 9, 80, 67, 177, 1, 621 >,
 	< 623, 51, 1, 57, 57, 185, 5, 622 >,
 	// order 52
 	< 624, 52, 1, 52, 43, 116, 2, -1 >,
 	< 625, 52, 7, 60, 0, 118, 0, 624 >,
 	< 626, 52, 4, 0, 0, 116, 8, 625 >,
 	< 627, 52, 9, 0, 50, 168, 7, 626 >,
 	< 628, 52, 5, 0, 99, 164, 4, 627 >,
 	< 629, 52, 7, 53, 0, 175, 9, 628 >,
 	< 630, 52, 10, 48, 61, 157, 6, 629 >,
 	< 631, 52, 5, 0, 0, 135, 3, 630 >,
 	< 632, 52, 7, 0, 0, 180, 1, 631 >,
 	< 633, 52, 6, 0, 47, 160, 5, 632 >,
 	< 634, 52, 2, 81, 0, 170, 2, 633 >,
 	< 635, 52, 4, 95, 0, 129, 0, 634 >,
 	// order 53
 	< 636, 53, 6, 0, 0, 177, 8, -1 >,
 	< 637, 53, 7, 0, 0, 104, 7, 636 >,
 	< 638, 53, 5, 72, 0, 107, 4, 637 >,
 	< 639, 53, 7, 32, 0, 189, 9, 638 >,
 	< 640, 53, 10, 0, 0, 106, 6, 639 >,
 	< 641, 53, 5, 30, 0, 124, 3, 640 >,
 	< 642, 53, 6, 72, 75, 115, 1, 641 >,
 	< 643, 53, 1, 0, 53, 158, 5, 642 >,
 	< 644, 53, 8, 54, 0, 114, 2, 643 >,
 	< 645, 53, 4, 88, 35, 145, 0, 644 >,
 	< 646, 53, 7, 0, 99, 191, 8, 645 >,
 	< 647, 53, 1, 100, 84, 154, 7, 646 >,
 	// order 54
 	< 648, 54, 9, 64, 40, 197, 4, -1 >,
 	< 649, 54, 3, 0, 0, 104, 9, 648 >,
 	< 650, 54, 8, 39, 0, 108, 6, 649 >,
 	< 651, 54, 9, 34, 42, 162, 3, 650 >,
 	< 652, 54, 2, 0, 55, 184, 1, 651 >,
 	< 653, 54, 7, 0, 94, 190, 5, 652 >,
 	< 654, 54, 8, 45, 80, 189, 2, 653 >,
 	< 655, 54, 4, 0, 0, 161, 0, 654 >,
 	< 656, 54, 5, 59, 80, 173, 8, 655 >,
 	< 657, 54, 7, 46, 96, 183, 7, 656 >,
 	< 658, 54, 6, 81, 0, 159, 4, 657 >,
 	< 659, 54, 5, 0, 0, 198, 9, 658 >,
 	// order 55
 	< 660, 55, 2, 0, 0, 194, 6, -1 >,
 	< 661, 55, 8, 65, 0, 197, 3, 660 >,
 	< 662, 55, 6, 80, 40, 132, 1, 661 >,
 	< 663, 55, 8, 76, 0, 198, 5, 662 >,
 	< 664, 55, 5, 53, 96, 123, 2, 663 >,
 	< 665, 55, 3, 0, 0, 129, 0, 664 >,
 	< 666, 55, 10, 81, 55, 152, 8, 665 >,
 	< 667, 55, 3, 0, 88, 119, 7, 666 >,
 	< 668, 55, 5, 0, 0, 111, 4, 667 >,
 	< 669, 55, 2, 0, 58, 178, 9, 668 >,
 	< 670, 55, 7, 44, 0, 155, 6, 669 >,
 	< 671, 55, 4, 43, 64, 161, 3, 670 >,
 	// order 56
 	< 672, 56, 5, 0, 78, 190, 1, -1 >,
 	< 673, 56, 10, 86, 62, 193, 5, 672 >,
 	< 674, 56, 7, 0, 98, 145, 2, 673 >,
 	< 675, 56, 4, 88, 0, 153, 0, 674 >,
 	< 676, 56, 7, 0, 38, 172, 8, 675 >,
 	< 677, 56, 4, 0, 67, 106, 7, 676 >,
 	< 678, 56, 1, 0, 0, 176, 4, 677 >,
 	< 679, 56, 4, 53, 0, 111, 9, 678 >,
 	< 680, 56, 1, 73, 0, 172, 6, 679 >,
 	< 681, 56, 2, 69, 97, 168, 3, 680 >,
 	< 682, 56, 4, 0, 0, 108, 1, 681 >,
 	< 683, 56, 8, 31, 42, 161, 5, 682 >,
 	// order 57
 	< 684, 57, 9, 49, 0, 192, 2, -1 >,
 	< 685, 57, 2, 0, 0, 167, 0, 684 >,
 	< 686, 57, 9, 74, 38, 155, 8, 685 >,
 	< 687, 57, 1, 0, 100, 180, 7, 686 >,
 	< 688, 57, 9, 0, 0, 185, 4, 687 >,
 	< 689, 57, 8, 44, 0, 199, 9, 688 >,
 	< 690, 57, 6, 84, 0, 151, 6, 689 >,
 	< 691, 57, 3, 0, 0, 193, 3, 690 >,
 	< 692, 57, 9, 89, 95, 110, 1, 691 >,
 	< 693, 57, 7, 62, 0, 153, 5, 692 >,
 	< 694, 57, 8, 37, 56, 177, 2, 693 >,
 	< 695, 57, 4, 59, 34, 197, 0, 694 >,
 	// order 58
 	< 696, 58, 10, 0, 0, 127, 8, -1 >,
 	< 697, 58, 3, 44, 60, 171, 7, 696 >,
 	< 698, 58, 3, 0, 0, 197, 4, 697 >,
 	< 699, 58, 4, 94, 0, 199, 9, 698 >,
 	< 700, 58, 4, 0, 47, 102, 6, 699 >,
 	< 701, 58, 5, 0, 82, 189, 3, 700 >,
 	< 702, 58, 3, 47, 99, 188, 1, 701 >,
 	< 703, 58, 5, 88, 0, 115, 5, 702 >,
 	< 704, 58, 3, 0, 0, 102, 2, 703 >,
 	< 705, 58, 4, 67, 0, 147, 0, 704 >,
 	< 706, 58, 8, 47, 77, 192, 8, 705 >,
 	< 707, 58, 4, 33, 33, 190, 7, 706 >,
 	// order 59
 	< 708, 59, 5, 40, 98, 137, 4, -1 >,
 	< 709, 59, 1, 0, 81, 107, 9, 708 >,
 	< 710, 59, 8, 39, 64, 122, 6, 709 >,
 	< 711, 59, 7, 0, 48, 128, 3, 710 >,
 	< 712, 59, 2, 0, 69, 107, 1, 711 >,
 	< 713, 59, 1, 80, 31, 140, 5, 712 >,
 	< 714, 59, 3, 50, 47, 140, 2, 713 >,
 	< 715, 59, 7, 0, 0, 166, 0, 714 >,
 	< 716, 59, 1, 67, 67, 115, 8, 715 >,
 	< 717, 59, 9, 57, 0, 139, 7, 716 >,
 	< 718, 59, 7, 0, 86, 111, 4, 717 >,
 	< 719, 59, 5, 0, 70, 110, 9, 718 >,
 	// order 60
 	< 720, 60, 10, 0, 0, 158, 6, -1 >,
 	< 721, 60, 4, 0, 99, 126, 3, 720 >,
 	< 722, 60, 9, 0, 73, 108, 1, 721 >,
 	< 723, 60, 5, 0, 68, 191, 5, 722 >,
 	< 724, 60, 7, 0, 0, 172, 2, 723 >,
 	< 725, 60, 1, 74, 0, 116, 0, 724 >,
 	< 726, 60, 2, 52, 0, 176, 8, 725 >,
 	< 727, 60, 6, 0, 43, 127, 7, 726 >,
 	< 728, 60, 2, 55, 38, 144, 4, 727 >,
 	< 729, 60, 2, 69, 52, 198, 9, 728 >,
 	< 730, 60, 7, 36, 97, 151, 6, 729 >,
 	< 731, 60, 4, 0, 80, 104, 3, 730 >,
 	// order 61
 	< 732, 61, 4, 49, 80, 118, 1, -1 >,
 	< 733, 61, 1, 76, 61, 134, 5, 732 >,
 	< 734, 61, 3, 0, 51, 127, 2, 733 >,
 	< 735, 61, 9, 34, 89, 114, 0, 734 >,
 	< 736, 61, 3, 57, 72, 160, 8, 735 >,
 	< 737, 61, 5, 51, 0, 164, 7, 736 >,
 	< 738, 61, 1, 89, 64, 153, 4, 737 >,
 	< 739, 61, 5, 77, 0, 125, 9, 738 >,
 	< 740, 61, 5, 79, 0, 120, 6, 739 >,
 	< 741, 61, 1, 34, 59, 152, 3, 740 >,
 	< 742, 61, 8, 99, 0, 138, 1, 741 >,
 	< 743, 61, 5, 0, 0, 108, 5, 742 >,
 	// order 62
 	< 744, 62, 2, 71, 0, 186, 2, -1 >,
 	< 745, 62, 5, 0, 0, 138, 0, 744 >,
 	< 746, 62, 6, 42, 0, 103, 8, 745 >,
 	< 747, 62, 2, 37, 0, 139, 7, 746 >,
 	< 748, 62, 5, 0, 0, 184, 4, 747 >,
 	< 749, 62, 3, 0, 91, 192, 9, 748 >,
 	< 750, 62, 2, 0, 0, 144, 6, 749 >,
 	< 751, 62, 5, 38, 49, 144, 3, 750 >,
 	< 752, 62, 6, 78, 0, 168, 1, 751 >,
 	< 753, 62, 1, 54, 96, 183, 5, 752 >,
 	< 754, 62, 8, 0, 0, 198, 2, 753 >,
 	< 755, 62, 8, 94, 0, 136, 0, 754 >,
 	// order 63
 	< 756, 63, 8, 72, 0, 114, 8, -1 >,
 	< 757, 63, 3, 56, 43, 193, 7, 756 >,
 	< 758, 63, 7, 0, 79, 165, 4, 757 >,
 	< 759, 63, 8, 0, 83, 164, 9, 758 >,
 	< 760, 63, 2, 0, 36, 140, 6, 759 >,
 	< 761, 63, 9, 63, 45, 121, 3, 760 >,
 	< 762, 63, 6, 77, 39, 123, 1, 761 >,
 	< 763, 63, 1, 0, 44, 165, 5, 762 >,
 	< 764, 63, 5, 0, 0, 151, 2, 763 >,
 	< 765, 63, 7, 52, 0, 156, 0, 764 >,
 	< 766, 63, 4, 0, 74, 145, 8, 765 >,
 	< 767, 63, 7, 0, 55, 172, 7, 766 >,
 	// order 64
 	< 768, 64, 10, 98, 36, 136, 4, -1 >,
 	< 769, 64, 10, 0, 65, 111, 9, 768 >,
 	< 770, 64, 2, 0, 0, 149, 6, 769 >,
 	< 771, 64, 1, 92, 47, 127, 3, 770 >,
 	< 772, 64, 2, 76, 47, 118, 1, 771 >,
 	< 773, 64, 1, 0, 0, 187, 5, 772 >,
 	< 774, 64, 4, 0, 51, 170, 2, 773 >,
 	< 775, 64, 5, 0, 0, 115, 0, 774 >,
 	< 776, 64, 7, 0, 66, 145, 8, 775 >,
 	< 777, 64, 3, 0, 0, 113, 7, 776 >,
 	< 778, 64, 5, 64, 37, 145, 4, 777 >,
 	< 779, 64, 8, 0, 0, 185, 9, 778 >,
 	// order 65
 	< 780, 65, 9, 0, 88, 106, 6, -1 >,
 	< 781, 65, 7, 30, 0, 113, 3, 780 >,
 	< 782, 65, 8, 71, 81, 162, 1, 781 >,
 	< 783, 65, 8, 0, 0, 121, 5, 782 >,
 	< 784, 65, 7, 0, 94, 178, 2, 783 >,
 	< 785, 65, 7, 0, 0, 199, 0, 784 >,
 	< 786, 65, 4, 62, 0, 147, 8, 785 >,
 	< 787, 65, 3, 79, 83, 189, 7, 786 >,
 	< 788, 65, 7, 0, 41, 134, 4, 787 >,
 	< 789, 65, 9, 0, 39, 149, 9, 788 >,
 	< 790, 65, 7, 0, 0, 109, 6, 789 >,
 	< 791, 65, 3, 50, 0, 104, 3, 790 >,
 	// order 66
 	< 792, 66, 5, 0, 0, 102, 1, -1 >,
 	< 793, 66, 10, 53, 0, 111, 5, 792 >,
 	< 794, 66, 5, 95, 0, 159, 2, 793 >,
 	< 795, 66, 4, 57, 0, 173, 0, 794 >,
 	< 796, 66, 6, 62, 52, 149, 8, 795 >,
 	< 797, 66, 8, 0, 0, 104, 7, 796 >,
 	< 798, 66, 3, 79, 75, 135, 4, 797 >,
 	< 799, 66, 7, 0, 0, 172, 9, 798 >,
 	< 800, 66, 6, 0, 0, 109, 6, 799 >,
 	< 801, 66, 3, 0, 70, 185, 3, 800 >,
 	< 802, 66, 8, 88, 0, 155, 1, 801 >,
 	< 803, 66, 5, 0, 73, 104, 5, 802 >,
 	// order 67
 	< 804, 67, 6, 0, 95, 138, 2, -1 >,
 	< 805, 67, 9, 32, 0, 147, 0, 804 >,
 	< 806, 67, 3, 50, 0, 175, 8, 805 >,
 	< 807, 67, 2, 61, 0, 134, 7, 806 >,
 	< 808, 67, 10, 40, 0, 168, 4, 807 >,
 	< 809, 67, 6, 0, 0, 115, 9, 808 >,
 	< 810, 67, 3, 0, 0, 102, 6, 809 >,
 	< 811, 67, 3, 62, 0, 108, 3, 810 >,
 	< 812, 67, 1, 0, 0, 136, 1, 811 >,
 	< 813, 67, 4, 0, 34, 124, 5, 812 >,
 	< 814, 67, 7, 0, 0, 189, 2, 813 >,
 	< 815, 67, 7, 49, 0, 162, 0, 814 >,
 	// order 68
 	< 816, 68, 2, 0, 0, 187, 8, -1 >,
 	< 817, 68, 5, 0, 32, 198, 7, 816 >,
 	< 818, 68, 9, 33, 50, 113, 4, 817 >,
 	< 819, 68, 5, 0, 0, 187, 9, 818 >,
 	< 820, 68, 6, 33, 73, 128, 6, 819 >,
 	< 821, 68, 8, 85, 0, 180, 3, 820 >,
 	< 822, 68, 9, 37, 0, 134, 1, 821 >,
 	< 823, 68, 8, 44, 36, 147, 5, 822 >,
 	< 824, 68, 3, 0, 59, 119, 2, 823 >,
 	< 825, 68, 2, 0, 0, 140, 0, 824 >,
 	< 826, 68, 4, 0, 0, 157, 8, 825 >,
 	< 827, 68, 1, 0, 74, 158, 7, 826 >,
 	// order 69
 	< 828, 69, 7, 0, 0, 171, 4, -1 >,
 	< 829, 69, 2, 0, 96, 147, 9, 828 >,
 	< 830, 69, 10, 0, 43, 137, 6, 829 >,
 	< 831, 69, 8, 0, 0, 193, 3, 830 >,
 	< 832, 69, 9, 0, 0, 165, 1, 831 >,
 	< 833, 69, 9, 95, 0, 138, 5, 832 >,
 	< 834, 69, 4, 33, 0, 115, 2, 833 >,
 	< 835, 69, 3, 37, 55, 156, 0, 834 >,
 	< 836, 69, 10, 68, 0, 166, 8, 835 >,
 	< 837, 69, 2, 84, 0, 107, 7, 836 >,
 	< 838, 69, 7, 0, 39, 176, 4, 837 >,
 	< 839, 69, 5, 31, 70, 179, 9, 838 >,
 	// order 70
 	< 840, 70, 7, 67, 0, 142, 6, -1 >,
 	< 841, 70, 7, 0, 0, 157, 3, 840 >,
 	< 842, 70, 3, 0, 84, 198, 1, 841 >,
 	< 843, 70, 2, 88, 75, 164, 5, 842 >,
 	< 844, 70, 2, 0, 0, 171, 2, 843 >,
 	< 845, 70, 1, 0, 0, 140, 0, 844 >,
 	< 846, 70, 8, 0, 0, 113, 8, 845 >,
 	< 847, 70, 8, 49, 0, 101, 7, 846 >,
 	< 848, 70, 9, 0, 80, 133, 4, 847 >,
 	< 849, 70, 6, 70, 93, 116, 9, 848 >,
 	< 850, 70, 7, 78, 0, 193, 6, 849 >,
 	< 851, 70, 10, 52, 0, 182, 3, 850 >,
 	// order 71
 	< 852, 71, 4, 0, 86, 165, 1, -1 >,
 	< 853, 71, 5, 0, 97, 200, 5, 852 >,
 	< 854, 71, 7, 75, 84, 111, 2, 853 >,
 	< 855, 71, 10, 87, 39, 130, 0, 854 >,
 	< 856, 71, 5, 83, 0, 143, 8, 855 >,
 	< 857, 71, 1, 0, 39, 197, 7, 856 >,
 	< 858, 71, 8, 0, 43, 200, 4, 857 >,
 	< 859, 71, 10, 37, 75, 181, 9, 858 >,
 	< 860, 71, 9, 0, 39, 173, 6, 859 >,
 	< 861, 71, 3, 30, 65, 183, 3, 860 >,
 	< 862, 71, 7, 0, 67, 103, 1, 861 >,
 	< 863, 71, 7, 0, 0, 172, 5, 862 >,
 	// order 72
 	< 864, 72, 2, 82, 0, 145, 2, -1 >,
 	< 865, 72, 5, 38, 0, 114, 0, 864 >,
 	< 866, 72, 8, 64, 71, 153, 8, 865 >,
 	< 867, 72, 2, 79, 58, 184, 7, 866 >,
 	< 868, 72, 4, 0, 66, 148, 4, 867 >,
 	< 869, 72, 7, 0, 33, 108, 9, 868 >,
 	< 870, 72, 6, 79, 0, 173, 6, 869 >,
 	< 871, 72, 5, 51, 79, 199, 3, 870 >,
 	< 872, 72, 7, 97, 0, 154, 1, 871 >,
 	< 873, 72, 10, 0, 83, 132, 5, 872 >,
 	< 874, 72, 4, 0, 0, 152, 2, 873 >,
 	< 875, 72, 3, 0, 97, 196, 0, 874 >,
 	// order 73
 	< 876, 73, 7, 0, 0, 162, 8, -1 >,
 	< 877, 73, 4, 87, 87, 168, 7, 876 >,
 	< 878, 73, 3, 0, 0, 172, 4, 877 >,
 	< 879, 73, 9, 77, 0, 133, 9, 878 >,
 	< 880, 73, 10, 62, 50, 177, 6, 879 >,
 	< 881, 73, 2, 60, 62, 120, 3, 880 >,
 	< 882, 73, 8, 0, 32, 186, 1, 881 >,
 	< 883, 73, 6, 0, 74, 173, 5, 882 >,
 	< 884, 73, 5, 0, 0, 155, 2, 883 >,
 	< 885, 73, 10, 0, 59, 185, 0, 884 >,
 	< 886, 73, 6, 0, 100, 132, 8, 885 >,
 	< 887, 73, 2, 0, 90, 116, 7, 886 >,
 	// order 74
 	< 888, 74, 10, 0, 0, 135, 4, -1 >,
 	< 889, 74, 5, 0, 0, 140, 9, 888 >,
 	< 890, 74, 7, 37, 0, 142, 6, 889 >,
 	< 891, 74, 8, 0, 0, 126, 3, 890 >,
 	< 892, 74, 8, 90, 0, 103, 1, 891 >,
 	< 893, 74, 1, 90, 40, 135, 5, 892 >,
 	< 894, 74, 5, 78, 53, 142, 2, 893 >,
 	< 895, 74, 7, 0, 0, 185, 0, 894 >,
 	< 896, 74, 8, 0, 86, 191, 8, 895 >,
 	< 897, 74, 5, 37, 93, 179, 7, 896 >,
 	< 898, 74, 2, 61, 0, 200, 4, 897 >,
 	< 899, 74, 2, 56, 0, 149, 9, 898 >,
 	// order 75
 	< 900, 75, 5, 0, 100, 184, 6, -1 >,
 	< 901, 75, 4, 0, 0, 100, 3, 900 >,
 	< 902, 75, 1, 84, 0, 196, 1, 901 >,
 	< 903, 75, 7, 44, 0, 159, 5, 902 >,
 	< 904, 75, 10, 42, 0, 157, 2, 903 >,
 	< 905, 75, 3, 47, 54, 125, 0, 904 >,
 	< 906, 75, 8, 34, 0, 128, 8, 905 >,
 	< 907, 75, 8, 0, 35, 111, 7, 906 >,
 	< 908, 75, 4, 86, 95, 136, 4, 907 >,
 	< 909, 75, 6, 0, 0, 101, 9, 908 >,
 	< 910, 75, 10, 85, 0, 174, 6, 909 >,
 	< 911, 75, 4, 0, 0, 171, 3, 910 >,
 	// order 76
 	< 912, 76, 10, 0, 88, 175, 1, -1 >,
 	< 913, 76, 3, 79, 0, 168, 5, 912 >,
 	< 914, 76, 9, 58, 0, 147, 2, 913 >,
 	< 915, 76, 6, 57, 0, 166, 0, 914 >,
 	< 916, 76, 10, 0, 48, 132, 8, 915 >,
 	< 917, 76, 3, 0, 0, 164, 7, 916 >,
 	< 918, 76, 7, 81, 0, 109, 4, 917 >,
 	< 919, 76, 2, 0, 39, 104, 9, 918 >,
 	< 920, 76, 7, 0, 62, 182, 6, 919 >,
 	< 921, 76, 6, 0, 80, 131, 3, 920 >,
 	< 922, 76, 10, 95, 62, 180, 1, 921 >,
 	< 923, 76, 6, 0, 0, 149, 5, 922 >,
 	// order 77
 	< 924, 77, 5, 0, 34, 144, 2, -1 >,
 	< 925, 77, 8, 0, 51, 191, 0, 924 >,
 	< 926, 77, 5, 77, 0, 172, 8, 925 >,
 	< 927, 77, 7, 0, 96, 170, 7, 926 >,
 	< 928, 77, 2, 53, 81, 168, 4, 927 >,
 	< 929, 77, 1, 0, 51, 163, 9, 928 >,
 	< 930, 77, 8, 0, 71, 148, 6, 929 >,
 	< 931, 77, 4, 30, 0, 144, 3, 930 >,
 	< 932, 77, 5, 0, 93, 113, 1, 931 >,
 	< 933, 77, 3, 97, 68, 157, 5, 932 >,
 	< 934, 77, 4, 57, 90, 180, 2, 933 >,
 	< 935, 77, 4, 77, 0, 114, 0, 934 >,
 	// order 78
 	< 936, 78, 10, 0, 59, 103, 8, -1 >,
 	< 937, 78, 8, 0, 0, 164, 7, 936 >,
 	< 938, 78, 10, 48, 61, 153, 4, 937 >,
 	< 939, 78, 10, 59, 0, 110, 9, 938 >,
 	< 940, 78, 8, 34, 0, 168, 6, 939 >,
 	< 941, 78, 3, 74, 49, 124, 3, 940 >,
 	< 942, 78, 5, 0, 0, 128, 1, 941 >,
 	< 943, 78, 6, 0, 46, 184, 5, 942 >,
 	< 944, 78, 8, 94, 68, 143, 2, 943 >,
 	< 945, 78, 8, 0, 0, 181, 0, 944 >,
 	< 946, 78, 8, 0, 0, 197, 8, 945 >,
 	< 947, 78, 4, 0, 0, 131, 7, 946 >,
 	// order 79
 	< 948, 79, 8, 93, 80, 136, 4, -1 >,
 	< 949, 79, 7, 0, 50, 117, 9, 948 >,
 	< 950, 79, 10, 91, 0, 162, 6, 949 >,
 	< 951, 79, 4, 0, 60, 183, 3, 950 >,
 	< 952, 79, 3, 70, 0, 175, 1, 951 >,
 	< 953, 79, 6, 46, 0, 196, 5, 952 >,
 	< 954, 79, 1, 0, 100, 144, 2, 953 >,
 	< 955, 79, 10, 0, 68, 194, 0, 954 >,
 	< 956, 79, 2, 62, 0, 132, 8, 955 >,
 	< 957, 79, 1, 41, 70, 122, 7, 956 >,
 	< 958, 79, 4, 64, 0, 128, 4, 957 >,
 	< 959, 79, 4, 0, 88, 180, 9, 958 >,
 	// order 80
 	< 960, 80, 2, 0, 0, 112, 6, -1 >,
 	< 961, 80, 7, 92, 77, 131, 3, 960 >,
 	< 962, 80, 3, 0, 0, 169, 1, 961 >,
 	< 963, 80, 8, 0, 0, 198, 5, 962 >,
 	< 964, 80, 8, 82, 88, 174, 2, 963 >,
 	< 965, 80, 7, 59, 41, 163, 0, 964 >,
 	< 966, 80, 8, 80, 0, 199, 8, 965 >,
 	< 967, 80, 1, 0, 75, 114, 7, 966 >,
 	< 968, 80, 10, 0, 48, 193, 4, 967 >,
 	< 969, 80, 1, 0, 84, 123, 9, 968 >,
 	< 970, 80, 9, 0, 0, 114, 6, 969 >,
 	< 971, 80, 1, 76, 63, 116, 3, 970 >,
 	// order 81
 	< 972, 81, 5, 0, 33, 154, 1, -1 >,
 	< 973, 81, 4, 54, 76, 193, 5, 972 >,
 	< 974, 81, 5, 0, 79, 132, 2, 973 >,
 	< 975, 81, 8, 87, 45, 162, 0, 974 >,
 	< 976, 81, 8, 83, 0, 166, 8, 975 >,
 	< 977, 81, 6, 0, 0, 140, 7, 976 >,
 	< 978, 81, 6, 63, 73, 184, 4, 977 >,
 	< 979, 81, 9, 68, 0, 196, 9, 978 >,
 	< 980, 81, 1, 0, 0, 141, 6, 979 >,
 	< 981, 81, 10, 61, 88, 108, 3, 980 >,
 	< 982, 81, 8, 96, 74, 165, 1, 981 >,
 	< 983, 81, 3, 0, 32, 127, 5, 982 >,
 	// order 82
 	< 984, 82, 3, 0, 0, 195, 2, -1 >,
 	< 985, 82, 9, 35, 0, 183, 0, 984 >,
 	< 986, 82, 9, 0, 0, 126, 8, 985 >,
 	< 987, 82, 6, 74, 0, 144, 7, 986 >,
 	< 988, 82, 10, 0, 0, 163, 4, 987 >,
 	< 989, 82, 4, 75, 88, 199, 9, 988 >,
 	< 990, 82, 2, 74, 60, 169, 6, 989 >,
 	< 991, 82, 9, 93, 0, 113, 3, 990 >,
 	< 992, 82, 8, 0, 0, 200, 1, 991 >,
 	< 993, 82, 3, 83, 53, 101, 5, 992 >,
 	< 994, 82, 1, 77, 94, 194, 2, 993 >,
 	< 995, 82, 7, 79, 0, 133, 0, 994 >,
 	// order 83
 	< 996, 83, 1, 0, 0, 123, 8, -1 >,
 	< 997, 83, 3, 0, 70, 168, 7, 996 >,
 	< 998, 83, 8, 92, 0, 120, 4, 997 >,
 	< 999, 83, 8, 0, 35, 119, 9, 998 >,
 	< 1000, 83, 9, 65, 41, 165, 6, 999 >,
 	< 1001, 83, 10, 0, 83, 122, 3, 1000 >,
 	< 1002, 83, 10, 0, 0, 180, 1, 1001 >,
 	< 1003, 83, 8, 0, 84, 101, 5, 1002 >,
 	< 1004, 83, 1, 0, 0, 165, 2, 1003 >,
 	< 1005, 83, 3, 0, 0, 136, 0, 1004 >,
 	< 1006, 83, 6, 0, 100, 187, 8, 1005 >,
 	< 1007, 83, 6, 0, 0, 157, 7, 1006 >,
 	// order 84
 	< 1008, 84, 2, 0, 48, 137, 4, -1 >,
 	< 1009, 84, 2, 62, 68, 173, 9, 1008 >,
 	< 1010, 84, 6, 0, 0, 111, 6, 1009 >,
 	< 1011, 84, 9, 0, 0, 185, 3, 1010 >,
 	< 1012, 84, 8, 79, 72, 160, 1, 1011 >,
 	< 1013, 84, 6, 0, 46, 107, 5, 1012 >,
 	< 1014, 84, 7, 52, 0, 116, 2, 1013 >,
 	< 1015, 84, 9, 0, 79, 186, 0, 1014 >,
 	< 1016, 84, 3, 0, 0, 175, 8, 1015 >,
 	< 1017, 84, 4, 34, 82, 112, 7, 1016 >,
 	< 1018, 84, 9, 0, 82, 172, 4, 1017 >,
 	< 1019, 84, 5, 0, 77, 182, 9, 1018 >,
 	// order 85
 	< 1020, 85, 9, 46, 91, 198, 6, -1 >,
 	< 1021, 85, 2, 0, 0, 128, 3, 1020 >,
 	< 1022, 85, 7, 0, 0, 200, 1, 1021 >,
 	< 1023, 85, 5, 46, 0, 126, 5, 1022 >,
 	< 1024, 85, 8, 0, 41, 111, 2, 1023 >,
 	< 1025, 85, 3, 0, 0, 158, 0, 1024 >,
 	< 1026, 85, 5, 71, 0, 109, 8, 1025 >,
 	< 1027, 85, 9, 0, 0, 196, 7, 1026 >,
 	< 1028, 85, 8, 55, 82, 137, 4, 1027 >,
 	< 1029, 85, 5, 0, 99, 158, 9, 1028 >,
 	< 1030, 85, 3, 0, 0, 111, 6, 1029 >,
 	< 1031, 85, 8, 53, 0, 176, 3, 1030 >,
 	// order 86
 	< 1032, 86, 2, 0, 86, 161, 1, -1 >,
 	< 1033, 86, 9, 78, 0, 121, 5, 1032 >,
 	< 1034, 86, 6, 34, 65, 125, 2, 1033 >,
 	< 1035, 86, 10, 0, 50, 169, 0, 1034 >,
 	< 1036, 86, 7, 52, 50, 138, 8, 1035 >,
 	< 1037, 86, 6, 0, 0, 116, 7, 1036 >,
 	< 1038, 86, 6, 73, 49, 131, 4, 1037 >,
 	< 1039, 86, 6, 0, 87, 178, 9, 1038 >,
 	< 1040, 86, 10, 0, 0, 160, 6, 1039 >,
 	< 1041, 86, 3, 0, 90, 182, 3, 1040 >,
 	< 1042, 86, 9, 92, 0, 145, 1, 1041 >,
 	< 1043, 86, 8, 0, 0, 132, 5, 1042 >,
 	// order 87
 	< 1044, 87, 5, 45, 33, 199, 2, -1 >,
 	< 1045, 87, 2, 0, 45, 195, 0, 1044 >,
 	< 1046, 87, 4, 93, 0, 192, 8, 1045 >,
 	< 1047, 87, 8, 0, 30, 105, 7, 1046 >,
 	< 1048, 87, 1, 74, 51, 197, 4, 1047 >,
 	< 1049, 87, 10, 57, 34, 138, 9, 1048 >,
 	< 1050, 87, 8, 0, 69, 198, 6, 1049 >,
 	< 1051, 87, 3, 0, 0, 178, 3, 1050 >,
 	< 1052, 87, 5, 0, 63, 186, 1, 1051 >,
 	< 1053, 87, 7, 0, 0, 174, 5, 1052 >,
 	< 1054, 87, 3, 0, 0, 126, 2, 1053 >,
 	< 1055, 87, 5, 0, 52, 174, 0, 1054 >,
 	// order 88
 	< 1056, 88, 1, 0, 63, 165, 8, -1 >,
 	< 1057, 88, 9, 48, 78, 135, 7, 1056 >,
 	< 1058, 88, 8, 0, 0, 153, 4, 1057 >,
 	< 1059, 88, 3, 61, 43, 144, 9, 1058 >,
 	< 1060, 88, 3, 58, 53, 169, 6, 1059 >,
 	< 1061, 88, 3, 0, 80, 198, 3, 1060 >,
 	< 1062, 88, 7, 61, 0, 188, 1, 1061 >,
 	< 1063, 88, 1, 31, 73, 117, 5, 1062 >,
 	< 1064, 88, 8, 30, 0, 196, 2, 1063 >,
 	< 1065, 88, 7, 95, 92, 112, 0, 1064 >,
 	< 1066, 88, 3, 70, 87, 131, 8, 1065 >,
 	< 1067, 88, 2, 85, 99, 138, 7, 1066 >,
 	// order 89
 	< 1068, 89, 1, 98, 0, 140, 4, -1 >,
 	< 1069, 89, 6, 78, 89, 109, 9, 1068 >,
 	< 1070, 89, 9, 76, 0, 173, 6, 1069 >,
 	< 1071, 89, 6, 0, 33, 109, 3, 1070 >,
 	< 1072, 89, 6, 0, 83, 138, 1, 1071 >,
 	< 1073, 89, 3, 0, 84, 183, 5, 1072 >,
 	< 1074, 89, 6, 59, 54, 199, 2, 1073 >,
 	< 1075, 89, 5, 57, 0, 119, 0, 1074 >,
 	< 1076, 89, 5, 0, 78, 190, 8, 1075 >,
 	< 1077, 89, 2, 0, 0, 120, 7, 1076 >,
 	< 1078, 89, 3, 95, 0, 154, 4, 1077 >,
 	< 1079, 89, 5, 0, 0, 102, 9, 1078 >,
 	// order 90
 	< 1080, 90, 4, 0, 94, 100, 6, -1 >,
 	< 1081, 90, 6, 0, 0, 172, 3, 1080 >,
 	< 1082, 90, 10, 37, 72, 103, 1, 1081 >,
 	< 1083, 90, 10, 0, 33, 107, 5, 1082 >,
 	< 1084, 90, 5, 0, 0, 135, 2, 1083 >,
 	< 1085, 90, 6, 94, 39, 139, 0, 1084 >,
 	< 1086, 90, 9, 30, 34, 187, 8, 1085 >,
 	< 1087, 90, 4, 61, 0, 153, 7, 1086 >,
 	< 1088, 90, 8, 0, 0, 173, 4, 1087 >,
 	< 1089, 90, 1, 0, 0, 189, 9, 1088 >,
 	< 1090, 90, 4, 0, 46, 137, 6, 1089 >,
 	< 1091, 90, 6, 0, 65, 135, 3, 1090 >,
 	// order 91
 	< 1092, 91, 5, 54, 0, 132, 1, -1 >,
 	< 1093, 91, 1, 0, 0, 134, 5, 1092 >,
 	< 1094, 91, 6, 0, 70, 133, 2, 1093 >,
 	< 1095, 91, 10, 83, 58, 163, 0, 1094 >,
 	< 1096, 91, 5, 0, 94, 175, 8, 1095 >,
 	< 1097, 91, 10, 0, 0, 164, 7, 1096 >,
 	< 1098, 91, 1, 42, 42, 199, 4, 1097 >,
 	< 1099, 91, 5, 0, 38, 101, 9, 1098 >,
 	< 1100, 91, 8, 0, 0, 151, 6, 1099 >,
 	< 1101, 91, 8, 91, 0, 129, 3, 1100 >,
 	< 1102, 91, 9, 78, 0, 188, 1, 1101 >,
 	< 1103, 91, 9, 0, 61, 130, 5, 1102 >,
 	// order 92
 	< 1104, 92, 4, 69, 0, 132, 2, -1 >,
 	< 1105, 92, 8, 82, 0, 135, 0, 1104 >,
 	< 1106, 92, 5, 0, 0, 149, 8, 1105 >,
 	< 1107, 92, 4, 62, 0, 136, 7, 1106 >,
 	< 1108, 92, 2, 37, 43, 180, 4, 1107 >,
 	< 1109, 92, 3, 0, 97, 129, 9, 1108 >,
 	< 1110, 92, 7, 82, 0, 175, 6, 1109 >,
 	< 1111, 92, 2, 0, 81, 175, 3, 1110 >,
 	< 1112, 92, 8, 0, 0, 200, 1, 1111 >,
 	< 1113, 92, 9, 0, 43, 188, 5, 1112 >,
 	< 1114, 92, 10, 0, 0, 142, 2, 1113 >,
 	< 1115, 92, 3, 0, 0, 198, 0, 1114 >,
 	// order 93
 	< 1116, 93, 4, 35, 35, 179, 8, -1 >,
 	< 1117, 93, 2, 87, 80, 174, 7, 1116 >,
 	< 1118, 93, 3, 95, 0, 161, 4, 1117 >,
 	< 1119, 93, 5, 75, 57, 133, 9, 1118 >,
 	< 1120, 93, 6, 31, 91, 152, 6, 1119 >,
 	< 1121, 93, 3, 0, 0, 148, 3, 1120 >,
 	< 1122, 93, 2, 92, 36, 165, 1, 1121 >,
 	< 1123, 93, 3, 0, 0, 199, 5, 1122 >,
 	< 1124, 93, 9, 61, 42, 150, 2, 1123 >,
 	< 1125, 93, 8, 84, 0, 163, 0, 1124 >,
 	< 1126, 93, 2, 53, 82, 105, 8, 1125 >,
 	< 1127, 93, 8, 0, 0, 156, 7, 1126 >,
 	// order 94
 	< 1128, 94, 2, 48, 0, 199, 4, -1 >,
 	< 1129, 94, 1, 66, 70, 128, 9, 1128 >,
 	< 1130, 94, 6, 0, 0, 156, 6, 1129 >,
 	< 1131, 94, 5, 0, 55, 176, 3, 1130 >,
 	< 1132, 94, 5, 66, 36, 183, 1, 1131 >,
 	< 1133, 94, 6, 0, 0, 159, 5, 1132 >,
 	< 1134, 94, 6, 0, 0, 143, 2, 1133 >,
 	< 1135, 94, 8, 0, 0, 165, 0, 1134 >,
 	< 1136, 94, 3, 0, 0, 130, 8, 1135 >,
 	< 1137, 94, 10, 54, 69, 186, 7, 1136 >,
 	< 1138, 94, 10, 0, 98, 188, 4, 1137 >,
 	< 1139, 94, 4, 0, 0, 118, 9, 1138 >,
 	// order 95
 	< 1140, 95, 4, 40, 0, 166, 6, -1 >,
 	< 1141, 95, 2, 0, 0, 117, 3, 1140 >,
 	< 1142, 95, 4, 82, 0, 127, 1, 1141 >,
 	< 1143, 95, 8, 93, 39, 178, 5, 1142 >,
 	< 1144, 95, 7, 65, 0, 170, 2, 1143 >,
 	< 1145, 95, 2, 0, 67, 123, 0, 1144 >,
 	< 1146, 95, 8, 0, 0, 109, 8, 1145 >,
 	< 1147, 95, 8, 33, 54, 113, 7, 1146 >,
 	< 1148, 95, 8, 42, 0, 159, 4, 1147 >,
 	< 1149, 95, 2, 30, 54, 199, 9, 1148 >,
 	< 1150, 95, 7, 74, 93, 142, 6, 1149 >,
 	< 1151, 95, 9, 67, 0, 133, 3, 1150 >,
 	// order 96
 	< 1152, 96, 6, 69, 59, 118, 1, -1 >,
 	< 1153, 96, 5, 70, 58, 100, 5, 1152 >,
 	< 1154, 96, 1, 53, 0, 168, 2, 1153 >,
 	< 1155, 96, 6, 0, 0, 193, 0, 1154 >,
 	< 1156, 96, 2, 0, 0, 132, 8, 1155 >,
 	< 1157, 96, 8, 94, 0, 115, 7, 1156 >,
 	< 1158, 96, 3, 33, 0, 130, 4, 1157 >,
 	< 1159, 96, 3, 94, 66, 154, 9, 1158 >,
 	< 1160, 96, 10, 35, 0, 199, 6, 1159 >,
 	< 1161, 96, 6, 69, 0, 121, 3, 1160 >,
 	< 1162, 96, 2, 0, 0, 141, 1, 1161 >,
 	< 1163, 96, 4, 59, 0, 171, 5, 1162 >,
 	// order 97
 	< 1164, 97, 7, 80, 0, 169, 2, -1 >,
 	< 1165, 97, 6, 79, 0, 109, 0, 1164 >,
 	< 1166, 97, 6, 93, 67, 195, 8, 1165 >,
 	< 1167, 97, 5, 0, 53, 115, 7, 1166 >,
 	< 1168, 97, 7, 0, 0, 195, 4, 1167 >,
 	< 1169, 97, 1, 32, 97, 156, 9, 1168 >,
 	< 1170, 97, 3, 100, 98, 127, 6, 1169 >,
 	< 1171, 97, 4, 0, 32, 187, 3, 1170 >,
 	< 1172, 97, 4, 0, 61, 129, 1, 1171 >,
 	< 1173, 97, 2, 0, 0, 195, 5, 1172 >,
 	< 1174, 97, 6, 31, 98, 121, 2, 1173 >,
 	< 1175, 97, 6, 0, 91, 192, 0, 1174 >,
 	// order 98
 	< 1176, 98, 8, 0, 53, 121, 8, -1 >,
 	< 1177, 98, 10, 0, 78, 104, 7, 1176 >,
 	< 1178, 98, 8, 0, 0, 128, 4, 1177 >,
 	< 1179, 98, 4, 70, 82, 156, 9, 1178 >,
 	< 1180, 98, 6, 30, 0, 175, 6, 1179 >,
 	< 1181, 98, 6, 0, 83, 170, 3, 1180 >,
 	< 1182, 98, 9, 86, 0, 113, 1, 1181 >,
 	< 1183, 98, 9, 45, 0, 139, 5, 1182 >,
 	< 1184, 98, 1, 85, 82, 126, 2, 1183 >,
 	< 1185, 98, 8, 0, 52, 200, 0, 1184 >,
 	< 1186, 98, 10, 51, 0, 122, 8, 1185 >,
 	< 1187, 98, 5, 0, 77, 147, 7, 1186 >,
 	// order 99
 	< 1188, 99, 3, 99, 0, 103, 4, -1 >,
 	< 1189, 99, 5, 0, 0, 144, 9, 1188 >,
 	< 1190, 99, 10, 0, 0, 135, 6, 1189 >,
 	< 1191, 99, 5, 81, 0, 131, 3, 1190 >,
 	< 1192, 99, 5, 42, 0, 143, 1, 1191 >,
 	< 1193, 99, 8, 88, 0, 175, 5, 1192 >,
 	< 1194, 99, 10, 0, 0, 164, 2, 1193 >,
 	< 1195, 99, 6, 93, 0, 180, 0, 1194 >,
 	< 1196, 99, 8, 86, 38, 121, 8, 1195 >,
 	< 1197, 99, 4, 80, 90, 175, 7, 1196 >,
 	< 1198, 99, 5, 0, 0, 110, 4, 1197 >,
 	< 1199, 99, 9, 0, 56, 128, 9, 1198 >
 };
