/*********************************************
 * OPL 12.10.0.0 Data
 * Author: Kinast
 * Creation date: Aug 17, 2021 at 11:50:33 AM
 *********************************************/

 nOrders = 100;
 nTasks = 1200;

 nWorkgroups = 10;
 nWorkstations = 50;

 nCobots = 0;
 cobotTimeFactor = 0.7;

 workstations = {
 	< 0, "Workstation 0", 0, 0.78, 0.93, 1, 1 >,
 	< 1, "Workstation 1", 1, 1.02, 1, 1, 1 >,
 	< 2, "Workstation 2", 2, 0.89, 1.12, 1, 1 >,
 	< 3, "Workstation 3", 3, 0.86, 0.92, 1, 1 >,
 	< 4, "Workstation 4", 3, 1.23, 1.02, 1, 1 >,
 	< 5, "Workstation 5", 0, 0.85, 0.98, 1, 1 >,
 	< 6, "Workstation 6", 4, 0.82, 0.83, 1, 3 >,
 	< 7, "Workstation 7", 5, 1.06, 1.07, 1, 2 >,
 	< 8, "Workstation 8", 1, 1.12, 1.2, 1, 4 >,
 	< 9, "Workstation 9", 0, 1.02, 0.85, 1, 1 >,
 	< 10, "Workstation 10", 6, 0.8, 1.11, 1, 2 >,
 	< 11, "Workstation 11", 7, 0.92, 1.17, 1, 1 >,
 	< 12, "Workstation 12", 7, 0.95, 1.23, 1, 3 >,
 	< 13, "Workstation 13", 8, 1.24, 0.82, 1, 5 >,
 	< 14, "Workstation 14", 5, 1.1, 0.78, 1, 4 >,
 	< 15, "Workstation 15", 3, 1.21, 1.06, 1, 1 >,
 	< 16, "Workstation 16", 9, 0.77, 1.01, 1, 1 >,
 	< 17, "Workstation 17", 5, 1.09, 1.08, 1, 5 >,
 	< 18, "Workstation 18", 5, 0.82, 0.79, 1, 4 >,
 	< 19, "Workstation 19", 3, 0.87, 0.98, 1, 2 >,
 	< 20, "Workstation 20", 9, 0.92, 0.93, 1, 2 >,
 	< 21, "Workstation 21", 4, 0.85, 1.14, 1, 1 >,
 	< 22, "Workstation 22", 6, 1.07, 0.85, 1, 1 >,
 	< 23, "Workstation 23", 4, 1.2, 1.2, 1, 1 >,
 	< 24, "Workstation 24", 9, 0.96, 1.09, 1, 1 >,
 	< 25, "Workstation 25", 9, 0.76, 1.24, 1, 5 >,
 	< 26, "Workstation 26", 7, 1.06, 0.78, 1, 1 >,
 	< 27, "Workstation 27", 6, 1.02, 0.88, 1, 4 >,
 	< 28, "Workstation 28", 4, 1.09, 0.91, 1, 1 >,
 	< 29, "Workstation 29", 2, 1.01, 0.76, 1, 1 >,
 	< 30, "Workstation 30", 4, 0.92, 1.2, 1, 5 >,
 	< 31, "Workstation 31", 2, 1.19, 0.82, 1, 3 >,
 	< 32, "Workstation 32", 0, 0.77, 1.16, 1, 1 >,
 	< 33, "Workstation 33", 0, 1.14, 1.12, 1, 1 >,
 	< 34, "Workstation 34", 6, 0.87, 1.08, 1, 5 >,
 	< 35, "Workstation 35", 2, 0.77, 0.96, 1, 2 >,
 	< 36, "Workstation 36", 2, 1.08, 0.95, 1, 4 >,
 	< 37, "Workstation 37", 8, 1.13, 0.87, 1, 1 >,
 	< 38, "Workstation 38", 1, 0.91, 1.01, 1, 1 >,
 	< 39, "Workstation 39", 9, 0.89, 0.94, 1, 1 >,
 	< 40, "Workstation 40", 8, 0.79, 1.14, 1, 1 >,
 	< 41, "Workstation 41", 1, 0.83, 1.17, 1, 4 >,
 	< 42, "Workstation 42", 8, 1.04, 0.87, 1, 1 >,
 	< 43, "Workstation 43", 8, 1.2, 0.99, 1, 5 >,
 	< 44, "Workstation 44", 6, 1.03, 0.97, 1, 4 >,
 	< 45, "Workstation 45", 1, 1.18, 1.04, 1, 2 >,
 	< 46, "Workstation 46", 7, 0.9, 1.22, 1, 1 >,
 	< 47, "Workstation 47", 3, 0.8, 1.2, 1, 1 >,
 	< 48, "Workstation 48", 7, 1.23, 1.11, 1, 3 >,
 	< 49, "Workstation 49", 5, 0.85, 1, 1, 1 >
 };

 tasks = {
 	// order 0
 	< 0, 0, 10, 0, 0, 179, 2, -1 >,
 	< 1, 0, 7, 60, 70, 136, 4, 0 >,
 	< 2, 0, 3, 81, 0, 121, 5, 1 >,
 	< 3, 0, 2, 74, 59, 193, 0, 2 >,
 	< 4, 0, 3, 62, 0, 138, 9, 3 >,
 	< 5, 0, 1, 0, 0, 101, 3, 4 >,
 	< 6, 0, 4, 0, 80, 188, 1, 5 >,
 	< 7, 0, 3, 0, 0, 108, 6, 6 >,
 	< 8, 0, 9, 68, 45, 160, 7, 7 >,
 	< 9, 0, 1, 0, 0, 190, 8, 8 >,
 	< 10, 0, 5, 97, 0, 102, 2, 9 >,
 	< 11, 0, 3, 56, 83, 124, 4, 10 >,
 	// order 1
 	< 12, 1, 6, 0, 69, 200, 5, -1 >,
 	< 13, 1, 1, 30, 0, 199, 0, 12 >,
 	< 14, 1, 7, 0, 85, 176, 9, 13 >,
 	< 15, 1, 4, 0, 91, 101, 3, 14 >,
 	< 16, 1, 10, 39, 40, 141, 1, 15 >,
 	< 17, 1, 10, 60, 0, 186, 6, 16 >,
 	< 18, 1, 9, 0, 54, 126, 7, 17 >,
 	< 19, 1, 1, 0, 0, 150, 8, 18 >,
 	< 20, 1, 2, 0, 0, 192, 2, 19 >,
 	< 21, 1, 8, 0, 0, 145, 4, 20 >,
 	< 22, 1, 3, 52, 85, 175, 5, 21 >,
 	< 23, 1, 4, 48, 58, 158, 0, 22 >,
 	// order 2
 	< 24, 2, 2, 0, 34, 112, 9, -1 >,
 	< 25, 2, 9, 0, 60, 149, 3, 24 >,
 	< 26, 2, 4, 0, 55, 191, 1, 25 >,
 	< 27, 2, 5, 45, 82, 100, 6, 26 >,
 	< 28, 2, 5, 0, 92, 126, 7, 27 >,
 	< 29, 2, 1, 66, 30, 114, 8, 28 >,
 	< 30, 2, 10, 51, 92, 195, 2, 29 >,
 	< 31, 2, 8, 57, 31, 178, 4, 30 >,
 	< 32, 2, 6, 0, 0, 142, 5, 31 >,
 	< 33, 2, 9, 95, 0, 192, 0, 32 >,
 	< 34, 2, 7, 82, 34, 118, 9, 33 >,
 	< 35, 2, 9, 53, 0, 183, 3, 34 >,
 	// order 3
 	< 36, 3, 5, 0, 0, 194, 1, -1 >,
 	< 37, 3, 1, 71, 60, 109, 6, 36 >,
 	< 38, 3, 4, 0, 0, 171, 7, 37 >,
 	< 39, 3, 10, 47, 90, 165, 8, 38 >,
 	< 40, 3, 7, 46, 0, 106, 2, 39 >,
 	< 41, 3, 6, 0, 84, 193, 4, 40 >,
 	< 42, 3, 1, 0, 43, 129, 5, 41 >,
 	< 43, 3, 3, 0, 0, 137, 0, 42 >,
 	< 44, 3, 10, 0, 0, 162, 9, 43 >,
 	< 45, 3, 9, 0, 0, 131, 3, 44 >,
 	< 46, 3, 10, 0, 74, 116, 1, 45 >,
 	< 47, 3, 5, 39, 30, 180, 6, 46 >,
 	// order 4
 	< 48, 4, 9, 0, 85, 110, 7, -1 >,
 	< 49, 4, 6, 0, 0, 177, 8, 48 >,
 	< 50, 4, 3, 0, 56, 115, 2, 49 >,
 	< 51, 4, 3, 56, 55, 141, 4, 50 >,
 	< 52, 4, 10, 48, 0, 173, 5, 51 >,
 	< 53, 4, 2, 0, 71, 100, 0, 52 >,
 	< 54, 4, 1, 51, 0, 121, 9, 53 >,
 	< 55, 4, 9, 0, 97, 111, 3, 54 >,
 	< 56, 4, 8, 0, 34, 153, 1, 55 >,
 	< 57, 4, 4, 0, 0, 190, 6, 56 >,
 	< 58, 4, 6, 0, 41, 159, 7, 57 >,
 	< 59, 4, 9, 0, 0, 127, 8, 58 >,
 	// order 5
 	< 60, 5, 1, 44, 0, 170, 2, -1 >,
 	< 61, 5, 8, 0, 57, 195, 4, 60 >,
 	< 62, 5, 10, 0, 91, 169, 5, 61 >,
 	< 63, 5, 3, 94, 0, 119, 0, 62 >,
 	< 64, 5, 9, 0, 89, 100, 9, 63 >,
 	< 65, 5, 1, 68, 80, 159, 3, 64 >,
 	< 66, 5, 2, 30, 0, 100, 1, 65 >,
 	< 67, 5, 10, 54, 92, 191, 6, 66 >,
 	< 68, 5, 1, 0, 65, 186, 7, 67 >,
 	< 69, 5, 3, 95, 96, 184, 8, 68 >,
 	< 70, 5, 1, 0, 100, 136, 2, 69 >,
 	< 71, 5, 2, 95, 30, 168, 4, 70 >,
 	// order 6
 	< 72, 6, 4, 82, 58, 169, 5, -1 >,
 	< 73, 6, 4, 69, 52, 193, 0, 72 >,
 	< 74, 6, 4, 51, 0, 120, 9, 73 >,
 	< 75, 6, 6, 79, 76, 128, 3, 74 >,
 	< 76, 6, 7, 83, 0, 155, 1, 75 >,
 	< 77, 6, 6, 89, 0, 190, 6, 76 >,
 	< 78, 6, 4, 79, 43, 189, 7, 77 >,
 	< 79, 6, 2, 30, 0, 133, 8, 78 >,
 	< 80, 6, 8, 55, 0, 105, 2, 79 >,
 	< 81, 6, 7, 0, 0, 193, 4, 80 >,
 	< 82, 6, 4, 80, 38, 110, 5, 81 >,
 	< 83, 6, 7, 85, 0, 185, 0, 82 >,
 	// order 7
 	< 84, 7, 7, 0, 0, 102, 9, -1 >,
 	< 85, 7, 8, 81, 0, 167, 3, 84 >,
 	< 86, 7, 6, 0, 49, 196, 1, 85 >,
 	< 87, 7, 9, 0, 0, 168, 6, 86 >,
 	< 88, 7, 5, 48, 0, 129, 7, 87 >,
 	< 89, 7, 6, 0, 0, 114, 8, 88 >,
 	< 90, 7, 7, 0, 0, 146, 2, 89 >,
 	< 91, 7, 9, 67, 74, 148, 4, 90 >,
 	< 92, 7, 4, 61, 60, 170, 5, 91 >,
 	< 93, 7, 4, 0, 0, 143, 0, 92 >,
 	< 94, 7, 6, 0, 0, 125, 9, 93 >,
 	< 95, 7, 10, 0, 71, 119, 3, 94 >,
 	// order 8
 	< 96, 8, 8, 0, 67, 146, 1, -1 >,
 	< 97, 8, 1, 60, 0, 129, 6, 96 >,
 	< 98, 8, 2, 50, 0, 157, 7, 97 >,
 	< 99, 8, 1, 0, 0, 198, 8, 98 >,
 	< 100, 8, 9, 97, 0, 115, 2, 99 >,
 	< 101, 8, 8, 61, 0, 200, 4, 100 >,
 	< 102, 8, 5, 30, 62, 184, 5, 101 >,
 	< 103, 8, 1, 34, 88, 149, 0, 102 >,
 	< 104, 8, 3, 0, 33, 169, 9, 103 >,
 	< 105, 8, 4, 64, 0, 191, 3, 104 >,
 	< 106, 8, 3, 83, 0, 185, 1, 105 >,
 	< 107, 8, 1, 82, 75, 192, 6, 106 >,
 	// order 9
 	< 108, 9, 5, 84, 0, 181, 7, -1 >,
 	< 109, 9, 9, 0, 56, 103, 8, 108 >,
 	< 110, 9, 1, 0, 0, 151, 2, 109 >,
 	< 111, 9, 8, 0, 0, 110, 4, 110 >,
 	< 112, 9, 3, 0, 87, 157, 5, 111 >,
 	< 113, 9, 3, 0, 0, 104, 0, 112 >,
 	< 114, 9, 10, 43, 0, 106, 9, 113 >,
 	< 115, 9, 2, 89, 40, 190, 3, 114 >,
 	< 116, 9, 9, 0, 96, 182, 1, 115 >,
 	< 117, 9, 9, 0, 0, 140, 6, 116 >,
 	< 118, 9, 10, 0, 58, 164, 7, 117 >,
 	< 119, 9, 7, 0, 0, 163, 8, 118 >,
 	// order 10
 	< 120, 10, 1, 0, 72, 179, 2, -1 >,
 	< 121, 10, 5, 43, 30, 197, 4, 120 >,
 	< 122, 10, 8, 39, 0, 120, 5, 121 >,
 	< 123, 10, 3, 99, 100, 169, 0, 122 >,
 	< 124, 10, 2, 86, 0, 186, 9, 123 >,
 	< 125, 10, 4, 78, 0, 103, 3, 124 >,
 	< 126, 10, 3, 0, 0, 167, 1, 125 >,
 	< 127, 10, 2, 0, 34, 137, 6, 126 >,
 	< 128, 10, 7, 0, 0, 146, 7, 127 >,
 	< 129, 10, 7, 0, 0, 123, 8, 128 >,
 	< 130, 10, 2, 0, 42, 177, 2, 129 >,
 	< 131, 10, 7, 0, 0, 175, 4, 130 >,
 	// order 11
 	< 132, 11, 9, 72, 0, 141, 5, -1 >,
 	< 133, 11, 1, 96, 64, 164, 0, 132 >,
 	< 134, 11, 7, 0, 36, 192, 9, 133 >,
 	< 135, 11, 3, 0, 97, 154, 3, 134 >,
 	< 136, 11, 2, 90, 0, 158, 1, 135 >,
 	< 137, 11, 3, 90, 0, 156, 6, 136 >,
 	< 138, 11, 2, 0, 0, 147, 7, 137 >,
 	< 139, 11, 1, 0, 0, 121, 8, 138 >,
 	< 140, 11, 2, 66, 0, 175, 2, 139 >,
 	< 141, 11, 4, 40, 0, 179, 4, 140 >,
 	< 142, 11, 3, 49, 58, 120, 5, 141 >,
 	< 143, 11, 7, 82, 0, 183, 0, 142 >,
 	// order 12
 	< 144, 12, 8, 0, 0, 111, 9, -1 >,
 	< 145, 12, 10, 54, 64, 106, 3, 144 >,
 	< 146, 12, 5, 0, 0, 139, 1, 145 >,
 	< 147, 12, 4, 0, 0, 117, 6, 146 >,
 	< 148, 12, 5, 60, 82, 160, 7, 147 >,
 	< 149, 12, 10, 0, 0, 193, 8, 148 >,
 	< 150, 12, 3, 51, 43, 138, 2, 149 >,
 	< 151, 12, 4, 0, 0, 195, 4, 150 >,
 	< 152, 12, 9, 45, 100, 173, 5, 151 >,
 	< 153, 12, 9, 38, 0, 101, 0, 152 >,
 	< 154, 12, 2, 69, 0, 141, 9, 153 >,
 	< 155, 12, 4, 54, 0, 121, 3, 154 >,
 	// order 13
 	< 156, 13, 7, 0, 0, 144, 1, -1 >,
 	< 157, 13, 7, 81, 84, 199, 6, 156 >,
 	< 158, 13, 9, 41, 0, 166, 7, 157 >,
 	< 159, 13, 4, 88, 0, 178, 8, 158 >,
 	< 160, 13, 5, 0, 95, 101, 2, 159 >,
 	< 161, 13, 3, 62, 100, 147, 4, 160 >,
 	< 162, 13, 2, 82, 0, 155, 5, 161 >,
 	< 163, 13, 9, 0, 0, 197, 0, 162 >,
 	< 164, 13, 1, 55, 0, 112, 9, 163 >,
 	< 165, 13, 7, 0, 0, 161, 3, 164 >,
 	< 166, 13, 1, 0, 0, 133, 1, 165 >,
 	< 167, 13, 7, 63, 65, 142, 6, 166 >,
 	// order 14
 	< 168, 14, 4, 0, 0, 104, 7, -1 >,
 	< 169, 14, 8, 82, 59, 115, 8, 168 >,
 	< 170, 14, 2, 91, 0, 104, 2, 169 >,
 	< 171, 14, 7, 86, 0, 179, 4, 170 >,
 	< 172, 14, 5, 68, 82, 152, 5, 171 >,
 	< 173, 14, 4, 48, 81, 103, 0, 172 >,
 	< 174, 14, 4, 98, 89, 164, 9, 173 >,
 	< 175, 14, 6, 57, 0, 197, 3, 174 >,
 	< 176, 14, 1, 0, 0, 160, 1, 175 >,
 	< 177, 14, 7, 0, 0, 108, 6, 176 >,
 	< 178, 14, 7, 0, 31, 146, 7, 177 >,
 	< 179, 14, 5, 0, 0, 125, 8, 178 >,
 	// order 15
 	< 180, 15, 2, 54, 0, 143, 2, -1 >,
 	< 181, 15, 1, 0, 0, 152, 4, 180 >,
 	< 182, 15, 1, 36, 0, 132, 5, 181 >,
 	< 183, 15, 4, 0, 64, 136, 0, 182 >,
 	< 184, 15, 3, 82, 48, 185, 9, 183 >,
 	< 185, 15, 1, 73, 65, 149, 3, 184 >,
 	< 186, 15, 5, 0, 0, 180, 1, 185 >,
 	< 187, 15, 5, 64, 59, 123, 6, 186 >,
 	< 188, 15, 4, 0, 0, 115, 7, 187 >,
 	< 189, 15, 1, 0, 51, 161, 8, 188 >,
 	< 190, 15, 6, 32, 0, 133, 2, 189 >,
 	< 191, 15, 5, 0, 0, 164, 4, 190 >,
 	// order 16
 	< 192, 16, 4, 0, 73, 102, 5, -1 >,
 	< 193, 16, 6, 0, 93, 153, 0, 192 >,
 	< 194, 16, 10, 62, 96, 102, 9, 193 >,
 	< 195, 16, 6, 52, 0, 185, 3, 194 >,
 	< 196, 16, 7, 51, 0, 198, 1, 195 >,
 	< 197, 16, 6, 0, 0, 200, 6, 196 >,
 	< 198, 16, 4, 0, 89, 126, 7, 197 >,
 	< 199, 16, 2, 83, 0, 162, 8, 198 >,
 	< 200, 16, 8, 0, 57, 139, 2, 199 >,
 	< 201, 16, 9, 0, 0, 109, 4, 200 >,
 	< 202, 16, 1, 84, 0, 200, 5, 201 >,
 	< 203, 16, 8, 57, 0, 159, 0, 202 >,
 	// order 17
 	< 204, 17, 1, 0, 0, 145, 9, -1 >,
 	< 205, 17, 9, 0, 43, 161, 3, 204 >,
 	< 206, 17, 6, 60, 71, 170, 1, 205 >,
 	< 207, 17, 4, 34, 94, 115, 6, 206 >,
 	< 208, 17, 9, 0, 0, 129, 7, 207 >,
 	< 209, 17, 3, 32, 33, 152, 8, 208 >,
 	< 210, 17, 8, 0, 0, 102, 2, 209 >,
 	< 211, 17, 6, 86, 46, 157, 4, 210 >,
 	< 212, 17, 7, 0, 51, 157, 5, 211 >,
 	< 213, 17, 10, 0, 0, 162, 0, 212 >,
 	< 214, 17, 3, 92, 0, 143, 9, 213 >,
 	< 215, 17, 2, 82, 0, 168, 3, 214 >,
 	// order 18
 	< 216, 18, 6, 74, 35, 104, 1, -1 >,
 	< 217, 18, 2, 69, 0, 168, 6, 216 >,
 	< 218, 18, 8, 0, 0, 134, 7, 217 >,
 	< 219, 18, 5, 0, 100, 172, 8, 218 >,
 	< 220, 18, 3, 0, 97, 185, 2, 219 >,
 	< 221, 18, 9, 88, 92, 185, 4, 220 >,
 	< 222, 18, 10, 99, 85, 104, 5, 221 >,
 	< 223, 18, 10, 0, 0, 139, 0, 222 >,
 	< 224, 18, 4, 44, 59, 128, 9, 223 >,
 	< 225, 18, 7, 0, 81, 183, 3, 224 >,
 	< 226, 18, 8, 0, 0, 113, 1, 225 >,
 	< 227, 18, 2, 81, 0, 116, 6, 226 >,
 	// order 19
 	< 228, 19, 4, 78, 0, 173, 7, -1 >,
 	< 229, 19, 2, 0, 69, 145, 8, 228 >,
 	< 230, 19, 6, 0, 53, 189, 2, 229 >,
 	< 231, 19, 8, 0, 0, 143, 4, 230 >,
 	< 232, 19, 6, 0, 86, 115, 5, 231 >,
 	< 233, 19, 1, 0, 0, 154, 0, 232 >,
 	< 234, 19, 6, 56, 0, 121, 9, 233 >,
 	< 235, 19, 1, 0, 0, 196, 3, 234 >,
 	< 236, 19, 10, 0, 0, 187, 1, 235 >,
 	< 237, 19, 1, 65, 0, 142, 6, 236 >,
 	< 238, 19, 1, 0, 56, 165, 7, 237 >,
 	< 239, 19, 7, 0, 93, 164, 8, 238 >,
 	// order 20
 	< 240, 20, 2, 50, 98, 188, 2, -1 >,
 	< 241, 20, 1, 34, 0, 119, 4, 240 >,
 	< 242, 20, 7, 0, 0, 181, 5, 241 >,
 	< 243, 20, 6, 41, 48, 118, 0, 242 >,
 	< 244, 20, 3, 72, 0, 106, 9, 243 >,
 	< 245, 20, 10, 0, 0, 172, 3, 244 >,
 	< 246, 20, 9, 44, 0, 135, 1, 245 >,
 	< 247, 20, 5, 78, 0, 200, 6, 246 >,
 	< 248, 20, 10, 60, 45, 134, 7, 247 >,
 	< 249, 20, 9, 0, 36, 186, 8, 248 >,
 	< 250, 20, 2, 74, 0, 181, 2, 249 >,
 	< 251, 20, 6, 53, 92, 187, 4, 250 >,
 	// order 21
 	< 252, 21, 9, 0, 0, 167, 5, -1 >,
 	< 253, 21, 5, 34, 0, 195, 0, 252 >,
 	< 254, 21, 2, 79, 0, 153, 9, 253 >,
 	< 255, 21, 9, 0, 0, 186, 3, 254 >,
 	< 256, 21, 3, 74, 91, 176, 1, 255 >,
 	< 257, 21, 6, 97, 90, 194, 6, 256 >,
 	< 258, 21, 4, 0, 0, 110, 7, 257 >,
 	< 259, 21, 8, 0, 0, 155, 8, 258 >,
 	< 260, 21, 9, 34, 0, 115, 2, 259 >,
 	< 261, 21, 8, 0, 0, 132, 4, 260 >,
 	< 262, 21, 10, 63, 0, 148, 5, 261 >,
 	< 263, 21, 7, 0, 0, 195, 0, 262 >,
 	// order 22
 	< 264, 22, 5, 40, 98, 152, 9, -1 >,
 	< 265, 22, 6, 0, 63, 159, 3, 264 >,
 	< 266, 22, 2, 86, 88, 197, 1, 265 >,
 	< 267, 22, 4, 61, 39, 150, 6, 266 >,
 	< 268, 22, 3, 0, 0, 161, 7, 267 >,
 	< 269, 22, 4, 91, 34, 187, 8, 268 >,
 	< 270, 22, 9, 80, 0, 100, 2, 269 >,
 	< 271, 22, 10, 76, 0, 195, 4, 270 >,
 	< 272, 22, 8, 39, 0, 114, 5, 271 >,
 	< 273, 22, 8, 0, 54, 125, 0, 272 >,
 	< 274, 22, 8, 0, 0, 119, 9, 273 >,
 	< 275, 22, 10, 96, 39, 137, 3, 274 >,
 	// order 23
 	< 276, 23, 10, 66, 0, 188, 1, -1 >,
 	< 277, 23, 3, 59, 54, 124, 6, 276 >,
 	< 278, 23, 8, 43, 66, 112, 7, 277 >,
 	< 279, 23, 9, 0, 40, 136, 8, 278 >,
 	< 280, 23, 4, 35, 46, 152, 2, 279 >,
 	< 281, 23, 5, 0, 0, 162, 4, 280 >,
 	< 282, 23, 6, 32, 0, 119, 5, 281 >,
 	< 283, 23, 9, 0, 84, 106, 0, 282 >,
 	< 284, 23, 6, 0, 0, 200, 9, 283 >,
 	< 285, 23, 6, 0, 0, 141, 3, 284 >,
 	< 286, 23, 6, 0, 0, 150, 1, 285 >,
 	< 287, 23, 3, 54, 47, 119, 6, 286 >,
 	// order 24
 	< 288, 24, 10, 0, 71, 132, 7, -1 >,
 	< 289, 24, 7, 0, 40, 165, 8, 288 >,
 	< 290, 24, 4, 0, 67, 187, 2, 289 >,
 	< 291, 24, 1, 57, 35, 115, 4, 290 >,
 	< 292, 24, 1, 0, 0, 188, 5, 291 >,
 	< 293, 24, 10, 0, 0, 154, 0, 292 >,
 	< 294, 24, 5, 65, 38, 197, 9, 293 >,
 	< 295, 24, 3, 0, 78, 138, 3, 294 >,
 	< 296, 24, 8, 31, 36, 118, 1, 295 >,
 	< 297, 24, 6, 75, 0, 174, 6, 296 >,
 	< 298, 24, 10, 42, 0, 191, 7, 297 >,
 	< 299, 24, 5, 80, 0, 146, 8, 298 >,
 	// order 25
 	< 300, 25, 3, 0, 96, 183, 2, -1 >,
 	< 301, 25, 8, 0, 71, 195, 4, 300 >,
 	< 302, 25, 9, 60, 0, 148, 5, 301 >,
 	< 303, 25, 1, 0, 79, 133, 0, 302 >,
 	< 304, 25, 3, 0, 0, 176, 9, 303 >,
 	< 305, 25, 8, 57, 0, 105, 3, 304 >,
 	< 306, 25, 9, 0, 0, 128, 1, 305 >,
 	< 307, 25, 10, 0, 0, 137, 6, 306 >,
 	< 308, 25, 9, 0, 0, 117, 7, 307 >,
 	< 309, 25, 4, 0, 0, 189, 8, 308 >,
 	< 310, 25, 3, 0, 69, 187, 2, 309 >,
 	< 311, 25, 3, 30, 0, 124, 4, 310 >,
 	// order 26
 	< 312, 26, 10, 93, 0, 122, 5, -1 >,
 	< 313, 26, 4, 0, 82, 164, 0, 312 >,
 	< 314, 26, 6, 0, 95, 114, 9, 313 >,
 	< 315, 26, 7, 0, 49, 115, 3, 314 >,
 	< 316, 26, 9, 0, 0, 187, 1, 315 >,
 	< 317, 26, 5, 0, 65, 119, 6, 316 >,
 	< 318, 26, 6, 0, 0, 121, 7, 317 >,
 	< 319, 26, 7, 59, 0, 170, 8, 318 >,
 	< 320, 26, 1, 0, 92, 132, 2, 319 >,
 	< 321, 26, 6, 0, 97, 188, 4, 320 >,
 	< 322, 26, 5, 0, 37, 174, 5, 321 >,
 	< 323, 26, 10, 0, 81, 103, 0, 322 >,
 	// order 27
 	< 324, 27, 8, 0, 89, 131, 9, -1 >,
 	< 325, 27, 2, 0, 0, 120, 3, 324 >,
 	< 326, 27, 9, 0, 44, 160, 1, 325 >,
 	< 327, 27, 7, 0, 0, 197, 6, 326 >,
 	< 328, 27, 10, 69, 44, 170, 7, 327 >,
 	< 329, 27, 1, 76, 0, 152, 8, 328 >,
 	< 330, 27, 3, 0, 79, 143, 2, 329 >,
 	< 331, 27, 10, 46, 0, 157, 4, 330 >,
 	< 332, 27, 2, 0, 75, 111, 5, 331 >,
 	< 333, 27, 5, 100, 0, 142, 0, 332 >,
 	< 334, 27, 5, 60, 35, 148, 9, 333 >,
 	< 335, 27, 1, 37, 52, 149, 3, 334 >,
 	// order 28
 	< 336, 28, 9, 94, 61, 103, 1, -1 >,
 	< 337, 28, 8, 80, 0, 131, 6, 336 >,
 	< 338, 28, 5, 48, 99, 108, 7, 337 >,
 	< 339, 28, 3, 0, 0, 131, 8, 338 >,
 	< 340, 28, 10, 0, 90, 135, 2, 339 >,
 	< 341, 28, 7, 93, 0, 112, 4, 340 >,
 	< 342, 28, 3, 0, 69, 114, 5, 341 >,
 	< 343, 28, 8, 33, 46, 173, 0, 342 >,
 	< 344, 28, 8, 0, 0, 103, 9, 343 >,
 	< 345, 28, 8, 92, 0, 178, 3, 344 >,
 	< 346, 28, 10, 0, 0, 118, 1, 345 >,
 	< 347, 28, 9, 44, 36, 142, 6, 346 >,
 	// order 29
 	< 348, 29, 9, 72, 33, 114, 7, -1 >,
 	< 349, 29, 2, 62, 0, 152, 8, 348 >,
 	< 350, 29, 2, 85, 46, 153, 2, 349 >,
 	< 351, 29, 5, 69, 35, 180, 4, 350 >,
 	< 352, 29, 4, 0, 97, 151, 5, 351 >,
 	< 353, 29, 7, 0, 91, 195, 0, 352 >,
 	< 354, 29, 3, 0, 0, 110, 9, 353 >,
 	< 355, 29, 7, 0, 76, 112, 3, 354 >,
 	< 356, 29, 5, 48, 74, 153, 1, 355 >,
 	< 357, 29, 6, 49, 92, 153, 6, 356 >,
 	< 358, 29, 7, 95, 0, 167, 7, 357 >,
 	< 359, 29, 2, 0, 31, 111, 8, 358 >,
 	// order 30
 	< 360, 30, 8, 45, 0, 136, 2, -1 >,
 	< 361, 30, 6, 0, 42, 194, 4, 360 >,
 	< 362, 30, 10, 75, 35, 148, 5, 361 >,
 	< 363, 30, 3, 0, 31, 106, 0, 362 >,
 	< 364, 30, 8, 59, 77, 109, 9, 363 >,
 	< 365, 30, 9, 35, 32, 110, 3, 364 >,
 	< 366, 30, 4, 0, 66, 115, 1, 365 >,
 	< 367, 30, 2, 0, 54, 161, 6, 366 >,
 	< 368, 30, 10, 98, 0, 199, 7, 367 >,
 	< 369, 30, 2, 0, 85, 171, 8, 368 >,
 	< 370, 30, 10, 0, 78, 180, 2, 369 >,
 	< 371, 30, 9, 64, 0, 200, 4, 370 >,
 	// order 31
 	< 372, 31, 2, 0, 69, 132, 5, -1 >,
 	< 373, 31, 8, 0, 38, 124, 0, 372 >,
 	< 374, 31, 9, 0, 39, 102, 9, 373 >,
 	< 375, 31, 8, 70, 0, 165, 3, 374 >,
 	< 376, 31, 8, 0, 53, 111, 1, 375 >,
 	< 377, 31, 3, 0, 80, 130, 6, 376 >,
 	< 378, 31, 5, 46, 0, 151, 7, 377 >,
 	< 379, 31, 7, 58, 43, 172, 8, 378 >,
 	< 380, 31, 3, 68, 65, 133, 2, 379 >,
 	< 381, 31, 9, 31, 0, 111, 4, 380 >,
 	< 382, 31, 4, 46, 55, 153, 5, 381 >,
 	< 383, 31, 5, 0, 68, 125, 0, 382 >,
 	// order 32
 	< 384, 32, 9, 55, 0, 136, 9, -1 >,
 	< 385, 32, 7, 0, 0, 126, 3, 384 >,
 	< 386, 32, 8, 95, 61, 135, 1, 385 >,
 	< 387, 32, 6, 95, 0, 127, 6, 386 >,
 	< 388, 32, 8, 0, 0, 117, 7, 387 >,
 	< 389, 32, 6, 0, 53, 124, 8, 388 >,
 	< 390, 32, 10, 70, 0, 197, 2, 389 >,
 	< 391, 32, 10, 61, 0, 198, 4, 390 >,
 	< 392, 32, 3, 0, 96, 132, 5, 391 >,
 	< 393, 32, 5, 79, 0, 101, 0, 392 >,
 	< 394, 32, 10, 39, 0, 127, 9, 393 >,
 	< 395, 32, 6, 58, 0, 167, 3, 394 >,
 	// order 33
 	< 396, 33, 3, 0, 85, 131, 1, -1 >,
 	< 397, 33, 1, 0, 70, 149, 6, 396 >,
 	< 398, 33, 6, 0, 0, 196, 7, 397 >,
 	< 399, 33, 1, 79, 0, 103, 8, 398 >,
 	< 400, 33, 8, 59, 0, 132, 2, 399 >,
 	< 401, 33, 3, 0, 49, 191, 4, 400 >,
 	< 402, 33, 5, 0, 0, 126, 5, 401 >,
 	< 403, 33, 6, 45, 0, 122, 0, 402 >,
 	< 404, 33, 7, 0, 0, 198, 9, 403 >,
 	< 405, 33, 2, 61, 62, 118, 3, 404 >,
 	< 406, 33, 3, 0, 68, 137, 1, 405 >,
 	< 407, 33, 5, 88, 77, 154, 6, 406 >,
 	// order 34
 	< 408, 34, 2, 0, 0, 185, 7, -1 >,
 	< 409, 34, 2, 0, 0, 183, 8, 408 >,
 	< 410, 34, 9, 0, 74, 148, 2, 409 >,
 	< 411, 34, 6, 74, 50, 117, 4, 410 >,
 	< 412, 34, 9, 0, 58, 107, 5, 411 >,
 	< 413, 34, 6, 78, 0, 180, 0, 412 >,
 	< 414, 34, 8, 54, 78, 142, 9, 413 >,
 	< 415, 34, 8, 0, 0, 198, 3, 414 >,
 	< 416, 34, 8, 0, 0, 164, 1, 415 >,
 	< 417, 34, 10, 0, 56, 199, 6, 416 >,
 	< 418, 34, 6, 94, 79, 179, 7, 417 >,
 	< 419, 34, 3, 36, 48, 158, 8, 418 >,
 	// order 35
 	< 420, 35, 6, 0, 0, 105, 2, -1 >,
 	< 421, 35, 4, 99, 39, 103, 4, 420 >,
 	< 422, 35, 7, 51, 0, 164, 5, 421 >,
 	< 423, 35, 3, 0, 0, 176, 0, 422 >,
 	< 424, 35, 10, 0, 59, 196, 9, 423 >,
 	< 425, 35, 9, 0, 91, 148, 3, 424 >,
 	< 426, 35, 9, 31, 58, 112, 1, 425 >,
 	< 427, 35, 1, 0, 76, 179, 6, 426 >,
 	< 428, 35, 8, 90, 46, 113, 7, 427 >,
 	< 429, 35, 3, 0, 0, 198, 8, 428 >,
 	< 430, 35, 6, 47, 0, 137, 2, 429 >,
 	< 431, 35, 9, 35, 0, 194, 4, 430 >,
 	// order 36
 	< 432, 36, 9, 0, 0, 125, 5, -1 >,
 	< 433, 36, 4, 93, 53, 160, 0, 432 >,
 	< 434, 36, 2, 0, 98, 120, 9, 433 >,
 	< 435, 36, 7, 91, 81, 113, 3, 434 >,
 	< 436, 36, 5, 65, 0, 200, 1, 435 >,
 	< 437, 36, 8, 32, 0, 125, 6, 436 >,
 	< 438, 36, 10, 0, 94, 160, 7, 437 >,
 	< 439, 36, 3, 42, 46, 133, 8, 438 >,
 	< 440, 36, 10, 87, 0, 190, 2, 439 >,
 	< 441, 36, 3, 0, 30, 193, 4, 440 >,
 	< 442, 36, 4, 0, 64, 139, 5, 441 >,
 	< 443, 36, 9, 57, 56, 188, 0, 442 >,
 	// order 37
 	< 444, 37, 1, 0, 0, 106, 9, -1 >,
 	< 445, 37, 1, 0, 56, 126, 3, 444 >,
 	< 446, 37, 7, 0, 0, 181, 1, 445 >,
 	< 447, 37, 6, 0, 51, 109, 6, 446 >,
 	< 448, 37, 5, 0, 0, 124, 7, 447 >,
 	< 449, 37, 4, 94, 59, 121, 8, 448 >,
 	< 450, 37, 5, 86, 90, 145, 2, 449 >,
 	< 451, 37, 9, 0, 30, 184, 4, 450 >,
 	< 452, 37, 3, 55, 46, 126, 5, 451 >,
 	< 453, 37, 10, 99, 0, 113, 0, 452 >,
 	< 454, 37, 6, 0, 0, 200, 9, 453 >,
 	< 455, 37, 6, 30, 41, 113, 3, 454 >,
 	// order 38
 	< 456, 38, 7, 0, 67, 189, 1, -1 >,
 	< 457, 38, 3, 55, 99, 107, 6, 456 >,
 	< 458, 38, 4, 0, 0, 183, 7, 457 >,
 	< 459, 38, 10, 0, 0, 137, 8, 458 >,
 	< 460, 38, 10, 60, 51, 116, 2, 459 >,
 	< 461, 38, 6, 90, 100, 118, 4, 460 >,
 	< 462, 38, 1, 79, 41, 142, 5, 461 >,
 	< 463, 38, 3, 0, 0, 133, 0, 462 >,
 	< 464, 38, 7, 0, 0, 105, 9, 463 >,
 	< 465, 38, 3, 0, 0, 116, 3, 464 >,
 	< 466, 38, 7, 0, 42, 122, 1, 465 >,
 	< 467, 38, 3, 0, 0, 163, 6, 466 >,
 	// order 39
 	< 468, 39, 4, 0, 85, 148, 7, -1 >,
 	< 469, 39, 7, 30, 0, 155, 8, 468 >,
 	< 470, 39, 7, 65, 0, 175, 2, 469 >,
 	< 471, 39, 4, 49, 0, 176, 4, 470 >,
 	< 472, 39, 3, 64, 0, 169, 5, 471 >,
 	< 473, 39, 3, 49, 73, 149, 0, 472 >,
 	< 474, 39, 4, 86, 98, 127, 9, 473 >,
 	< 475, 39, 6, 0, 61, 104, 3, 474 >,
 	< 476, 39, 8, 0, 0, 149, 1, 475 >,
 	< 477, 39, 2, 0, 0, 183, 6, 476 >,
 	< 478, 39, 7, 36, 56, 147, 7, 477 >,
 	< 479, 39, 9, 0, 0, 126, 8, 478 >,
 	// order 40
 	< 480, 40, 1, 38, 34, 132, 2, -1 >,
 	< 481, 40, 10, 60, 35, 104, 4, 480 >,
 	< 482, 40, 2, 51, 0, 111, 5, 481 >,
 	< 483, 40, 1, 0, 0, 107, 0, 482 >,
 	< 484, 40, 6, 0, 0, 199, 9, 483 >,
 	< 485, 40, 6, 0, 0, 141, 3, 484 >,
 	< 486, 40, 4, 0, 0, 146, 1, 485 >,
 	< 487, 40, 9, 96, 97, 140, 6, 486 >,
 	< 488, 40, 1, 60, 57, 175, 7, 487 >,
 	< 489, 40, 6, 71, 0, 117, 8, 488 >,
 	< 490, 40, 4, 41, 43, 146, 2, 489 >,
 	< 491, 40, 5, 0, 67, 103, 4, 490 >,
 	// order 41
 	< 492, 41, 8, 0, 0, 171, 5, -1 >,
 	< 493, 41, 1, 45, 56, 127, 0, 492 >,
 	< 494, 41, 2, 35, 75, 193, 9, 493 >,
 	< 495, 41, 8, 0, 0, 172, 3, 494 >,
 	< 496, 41, 8, 46, 0, 119, 1, 495 >,
 	< 497, 41, 9, 80, 0, 153, 6, 496 >,
 	< 498, 41, 9, 0, 100, 179, 7, 497 >,
 	< 499, 41, 2, 77, 100, 161, 8, 498 >,
 	< 500, 41, 7, 94, 0, 128, 2, 499 >,
 	< 501, 41, 1, 0, 67, 168, 4, 500 >,
 	< 502, 41, 8, 0, 53, 200, 5, 501 >,
 	< 503, 41, 1, 0, 46, 103, 0, 502 >,
 	// order 42
 	< 504, 42, 6, 89, 0, 106, 9, -1 >,
 	< 505, 42, 8, 0, 66, 132, 3, 504 >,
 	< 506, 42, 1, 59, 0, 103, 1, 505 >,
 	< 507, 42, 9, 0, 94, 175, 6, 506 >,
 	< 508, 42, 3, 0, 90, 113, 7, 507 >,
 	< 509, 42, 7, 0, 86, 106, 8, 508 >,
 	< 510, 42, 6, 0, 0, 197, 2, 509 >,
 	< 511, 42, 1, 38, 0, 112, 4, 510 >,
 	< 512, 42, 6, 0, 0, 102, 5, 511 >,
 	< 513, 42, 3, 36, 0, 170, 0, 512 >,
 	< 514, 42, 4, 0, 42, 161, 9, 513 >,
 	< 515, 42, 5, 54, 0, 199, 3, 514 >,
 	// order 43
 	< 516, 43, 3, 0, 59, 104, 1, -1 >,
 	< 517, 43, 5, 93, 0, 145, 6, 516 >,
 	< 518, 43, 1, 0, 89, 171, 7, 517 >,
 	< 519, 43, 4, 89, 0, 137, 8, 518 >,
 	< 520, 43, 3, 0, 57, 136, 2, 519 >,
 	< 521, 43, 7, 0, 0, 154, 4, 520 >,
 	< 522, 43, 10, 0, 76, 113, 5, 521 >,
 	< 523, 43, 3, 94, 58, 157, 0, 522 >,
 	< 524, 43, 5, 91, 77, 113, 9, 523 >,
 	< 525, 43, 5, 63, 0, 175, 3, 524 >,
 	< 526, 43, 10, 0, 82, 123, 1, 525 >,
 	< 527, 43, 9, 0, 0, 140, 6, 526 >,
 	// order 44
 	< 528, 44, 2, 0, 0, 126, 7, -1 >,
 	< 529, 44, 3, 0, 71, 161, 8, 528 >,
 	< 530, 44, 10, 0, 0, 142, 2, 529 >,
 	< 531, 44, 6, 67, 0, 102, 4, 530 >,
 	< 532, 44, 8, 0, 0, 142, 5, 531 >,
 	< 533, 44, 10, 0, 0, 129, 0, 532 >,
 	< 534, 44, 6, 57, 94, 164, 9, 533 >,
 	< 535, 44, 6, 0, 0, 118, 3, 534 >,
 	< 536, 44, 4, 54, 0, 163, 1, 535 >,
 	< 537, 44, 9, 0, 0, 182, 6, 536 >,
 	< 538, 44, 7, 0, 97, 121, 7, 537 >,
 	< 539, 44, 1, 69, 44, 171, 8, 538 >,
 	// order 45
 	< 540, 45, 4, 0, 0, 195, 2, -1 >,
 	< 541, 45, 8, 43, 36, 180, 4, 540 >,
 	< 542, 45, 6, 0, 0, 171, 5, 541 >,
 	< 543, 45, 2, 78, 0, 159, 0, 542 >,
 	< 544, 45, 4, 0, 0, 146, 9, 543 >,
 	< 545, 45, 6, 95, 42, 193, 3, 544 >,
 	< 546, 45, 2, 0, 86, 173, 1, 545 >,
 	< 547, 45, 9, 0, 58, 170, 6, 546 >,
 	< 548, 45, 10, 78, 0, 102, 7, 547 >,
 	< 549, 45, 1, 0, 0, 124, 8, 548 >,
 	< 550, 45, 1, 0, 0, 126, 2, 549 >,
 	< 551, 45, 3, 71, 73, 148, 4, 550 >,
 	// order 46
 	< 552, 46, 2, 86, 0, 169, 5, -1 >,
 	< 553, 46, 10, 92, 59, 189, 0, 552 >,
 	< 554, 46, 9, 0, 0, 160, 9, 553 >,
 	< 555, 46, 7, 61, 0, 144, 3, 554 >,
 	< 556, 46, 6, 60, 39, 143, 1, 555 >,
 	< 557, 46, 1, 62, 39, 192, 6, 556 >,
 	< 558, 46, 7, 0, 0, 191, 7, 557 >,
 	< 559, 46, 2, 100, 0, 130, 8, 558 >,
 	< 560, 46, 2, 0, 0, 135, 2, 559 >,
 	< 561, 46, 2, 0, 76, 161, 4, 560 >,
 	< 562, 46, 2, 0, 41, 193, 5, 561 >,
 	< 563, 46, 5, 0, 0, 189, 0, 562 >,
 	// order 47
 	< 564, 47, 3, 93, 0, 166, 9, -1 >,
 	< 565, 47, 3, 44, 30, 170, 3, 564 >,
 	< 566, 47, 5, 0, 0, 166, 1, 565 >,
 	< 567, 47, 2, 0, 0, 136, 6, 566 >,
 	< 568, 47, 3, 97, 0, 116, 7, 567 >,
 	< 569, 47, 9, 100, 0, 152, 8, 568 >,
 	< 570, 47, 2, 68, 82, 173, 2, 569 >,
 	< 571, 47, 5, 0, 86, 180, 4, 570 >,
 	< 572, 47, 4, 68, 98, 112, 5, 571 >,
 	< 573, 47, 1, 41, 0, 153, 0, 572 >,
 	< 574, 47, 2, 92, 52, 175, 9, 573 >,
 	< 575, 47, 8, 87, 0, 187, 3, 574 >,
 	// order 48
 	< 576, 48, 7, 40, 0, 149, 1, -1 >,
 	< 577, 48, 4, 43, 76, 149, 6, 576 >,
 	< 578, 48, 6, 99, 0, 136, 7, 577 >,
 	< 579, 48, 3, 88, 0, 195, 8, 578 >,
 	< 580, 48, 5, 81, 38, 181, 2, 579 >,
 	< 581, 48, 5, 77, 0, 198, 4, 580 >,
 	< 582, 48, 6, 50, 78, 181, 5, 581 >,
 	< 583, 48, 7, 96, 50, 188, 0, 582 >,
 	< 584, 48, 7, 0, 97, 192, 9, 583 >,
 	< 585, 48, 4, 89, 98, 193, 3, 584 >,
 	< 586, 48, 2, 0, 0, 161, 1, 585 >,
 	< 587, 48, 4, 52, 0, 106, 6, 586 >,
 	// order 49
 	< 588, 49, 5, 33, 0, 169, 7, -1 >,
 	< 589, 49, 7, 58, 0, 114, 8, 588 >,
 	< 590, 49, 4, 43, 35, 110, 2, 589 >,
 	< 591, 49, 2, 65, 0, 113, 4, 590 >,
 	< 592, 49, 4, 69, 37, 154, 5, 591 >,
 	< 593, 49, 3, 0, 0, 112, 0, 592 >,
 	< 594, 49, 7, 46, 0, 113, 9, 593 >,
 	< 595, 49, 4, 48, 0, 170, 3, 594 >,
 	< 596, 49, 2, 90, 97, 200, 1, 595 >,
 	< 597, 49, 5, 0, 47, 170, 6, 596 >,
 	< 598, 49, 9, 0, 41, 153, 7, 597 >,
 	< 599, 49, 5, 71, 0, 141, 8, 598 >,
 	// order 50
 	< 600, 50, 3, 32, 62, 197, 2, -1 >,
 	< 601, 50, 4, 80, 72, 126, 4, 600 >,
 	< 602, 50, 7, 0, 39, 198, 5, 601 >,
 	< 603, 50, 7, 0, 0, 194, 0, 602 >,
 	< 604, 50, 7, 0, 0, 180, 9, 603 >,
 	< 605, 50, 5, 0, 0, 161, 3, 604 >,
 	< 606, 50, 10, 77, 0, 128, 1, 605 >,
 	< 607, 50, 10, 88, 65, 103, 6, 606 >,
 	< 608, 50, 2, 0, 81, 110, 7, 607 >,
 	< 609, 50, 6, 0, 72, 140, 8, 608 >,
 	< 610, 50, 6, 0, 0, 105, 2, 609 >,
 	< 611, 50, 5, 87, 97, 104, 4, 610 >,
 	// order 51
 	< 612, 51, 7, 0, 0, 181, 5, -1 >,
 	< 613, 51, 7, 40, 0, 106, 0, 612 >,
 	< 614, 51, 7, 0, 0, 114, 9, 613 >,
 	< 615, 51, 1, 68, 50, 132, 3, 614 >,
 	< 616, 51, 3, 57, 44, 138, 1, 615 >,
 	< 617, 51, 7, 0, 0, 181, 6, 616 >,
 	< 618, 51, 5, 0, 0, 188, 7, 617 >,
 	< 619, 51, 5, 0, 33, 198, 8, 618 >,
 	< 620, 51, 1, 0, 0, 109, 2, 619 >,
 	< 621, 51, 9, 35, 0, 100, 4, 620 >,
 	< 622, 51, 5, 0, 72, 153, 5, 621 >,
 	< 623, 51, 3, 36, 0, 152, 0, 622 >,
 	// order 52
 	< 624, 52, 2, 0, 0, 174, 9, -1 >,
 	< 625, 52, 1, 75, 37, 127, 3, 624 >,
 	< 626, 52, 7, 99, 0, 193, 1, 625 >,
 	< 627, 52, 3, 0, 91, 154, 6, 626 >,
 	< 628, 52, 7, 0, 0, 168, 7, 627 >,
 	< 629, 52, 8, 91, 72, 193, 8, 628 >,
 	< 630, 52, 2, 0, 0, 146, 2, 629 >,
 	< 631, 52, 10, 32, 0, 133, 4, 630 >,
 	< 632, 52, 6, 0, 0, 199, 5, 631 >,
 	< 633, 52, 2, 0, 38, 145, 0, 632 >,
 	< 634, 52, 7, 0, 0, 190, 9, 633 >,
 	< 635, 52, 3, 92, 0, 141, 3, 634 >,
 	// order 53
 	< 636, 53, 4, 38, 88, 192, 1, -1 >,
 	< 637, 53, 2, 0, 0, 157, 6, 636 >,
 	< 638, 53, 6, 56, 0, 172, 7, 637 >,
 	< 639, 53, 5, 0, 0, 119, 8, 638 >,
 	< 640, 53, 2, 55, 0, 185, 2, 639 >,
 	< 641, 53, 5, 0, 0, 180, 4, 640 >,
 	< 642, 53, 3, 0, 0, 158, 5, 641 >,
 	< 643, 53, 10, 0, 63, 121, 0, 642 >,
 	< 644, 53, 9, 0, 87, 200, 9, 643 >,
 	< 645, 53, 1, 0, 91, 130, 3, 644 >,
 	< 646, 53, 1, 0, 0, 190, 1, 645 >,
 	< 647, 53, 4, 91, 98, 191, 6, 646 >,
 	// order 54
 	< 648, 54, 3, 0, 73, 137, 7, -1 >,
 	< 649, 54, 9, 0, 0, 195, 8, 648 >,
 	< 650, 54, 7, 0, 0, 124, 2, 649 >,
 	< 651, 54, 3, 0, 76, 133, 4, 650 >,
 	< 652, 54, 10, 0, 48, 155, 5, 651 >,
 	< 653, 54, 9, 0, 0, 186, 0, 652 >,
 	< 654, 54, 3, 0, 33, 163, 9, 653 >,
 	< 655, 54, 8, 97, 80, 193, 3, 654 >,
 	< 656, 54, 5, 0, 99, 165, 1, 655 >,
 	< 657, 54, 3, 0, 42, 113, 6, 656 >,
 	< 658, 54, 4, 0, 0, 153, 7, 657 >,
 	< 659, 54, 6, 100, 0, 174, 8, 658 >,
 	// order 55
 	< 660, 55, 9, 0, 99, 191, 2, -1 >,
 	< 661, 55, 2, 0, 72, 173, 4, 660 >,
 	< 662, 55, 7, 0, 46, 174, 5, 661 >,
 	< 663, 55, 9, 66, 73, 134, 0, 662 >,
 	< 664, 55, 8, 44, 90, 158, 9, 663 >,
 	< 665, 55, 9, 32, 0, 157, 3, 664 >,
 	< 666, 55, 10, 92, 61, 116, 1, 665 >,
 	< 667, 55, 10, 72, 63, 188, 6, 666 >,
 	< 668, 55, 6, 61, 0, 128, 7, 667 >,
 	< 669, 55, 7, 36, 0, 139, 8, 668 >,
 	< 670, 55, 4, 0, 86, 126, 2, 669 >,
 	< 671, 55, 1, 41, 0, 157, 4, 670 >,
 	// order 56
 	< 672, 56, 6, 0, 0, 113, 5, -1 >,
 	< 673, 56, 4, 0, 0, 161, 0, 672 >,
 	< 674, 56, 6, 0, 0, 176, 9, 673 >,
 	< 675, 56, 4, 79, 59, 137, 3, 674 >,
 	< 676, 56, 6, 44, 0, 151, 1, 675 >,
 	< 677, 56, 6, 0, 83, 165, 6, 676 >,
 	< 678, 56, 10, 47, 0, 148, 7, 677 >,
 	< 679, 56, 9, 0, 0, 143, 8, 678 >,
 	< 680, 56, 4, 36, 0, 123, 2, 679 >,
 	< 681, 56, 6, 57, 81, 103, 4, 680 >,
 	< 682, 56, 1, 0, 44, 157, 5, 681 >,
 	< 683, 56, 3, 0, 72, 184, 0, 682 >,
 	// order 57
 	< 684, 57, 8, 61, 79, 169, 9, -1 >,
 	< 685, 57, 9, 49, 0, 143, 3, 684 >,
 	< 686, 57, 4, 0, 0, 153, 1, 685 >,
 	< 687, 57, 6, 98, 68, 116, 6, 686 >,
 	< 688, 57, 8, 0, 69, 156, 7, 687 >,
 	< 689, 57, 3, 0, 47, 152, 8, 688 >,
 	< 690, 57, 8, 72, 53, 165, 2, 689 >,
 	< 691, 57, 5, 89, 0, 182, 4, 690 >,
 	< 692, 57, 4, 0, 86, 186, 5, 691 >,
 	< 693, 57, 6, 34, 58, 199, 0, 692 >,
 	< 694, 57, 1, 95, 0, 172, 9, 693 >,
 	< 695, 57, 3, 0, 0, 183, 3, 694 >,
 	// order 58
 	< 696, 58, 7, 0, 76, 150, 1, -1 >,
 	< 697, 58, 9, 43, 47, 144, 6, 696 >,
 	< 698, 58, 8, 0, 0, 143, 7, 697 >,
 	< 699, 58, 8, 0, 79, 171, 8, 698 >,
 	< 700, 58, 4, 77, 0, 179, 2, 699 >,
 	< 701, 58, 8, 77, 95, 117, 4, 700 >,
 	< 702, 58, 4, 0, 0, 111, 5, 701 >,
 	< 703, 58, 4, 0, 50, 197, 0, 702 >,
 	< 704, 58, 1, 0, 0, 133, 9, 703 >,
 	< 705, 58, 10, 0, 53, 149, 3, 704 >,
 	< 706, 58, 7, 64, 0, 174, 1, 705 >,
 	< 707, 58, 5, 56, 91, 176, 6, 706 >,
 	// order 59
 	< 708, 59, 10, 48, 34, 105, 7, -1 >,
 	< 709, 59, 4, 0, 0, 112, 8, 708 >,
 	< 710, 59, 4, 0, 0, 174, 2, 709 >,
 	< 711, 59, 7, 73, 0, 117, 4, 710 >,
 	< 712, 59, 6, 0, 42, 131, 5, 711 >,
 	< 713, 59, 4, 97, 85, 123, 0, 712 >,
 	< 714, 59, 10, 36, 99, 118, 9, 713 >,
 	< 715, 59, 3, 0, 0, 190, 3, 714 >,
 	< 716, 59, 10, 0, 0, 137, 1, 715 >,
 	< 717, 59, 3, 0, 0, 171, 6, 716 >,
 	< 718, 59, 1, 49, 0, 160, 7, 717 >,
 	< 719, 59, 4, 58, 97, 161, 8, 718 >,
 	// order 60
 	< 720, 60, 4, 0, 59, 200, 2, -1 >,
 	< 721, 60, 2, 35, 83, 150, 4, 720 >,
 	< 722, 60, 7, 0, 0, 127, 5, 721 >,
 	< 723, 60, 6, 63, 36, 189, 0, 722 >,
 	< 724, 60, 7, 0, 41, 197, 9, 723 >,
 	< 725, 60, 10, 0, 96, 158, 3, 724 >,
 	< 726, 60, 6, 0, 92, 178, 1, 725 >,
 	< 727, 60, 4, 38, 0, 150, 6, 726 >,
 	< 728, 60, 4, 0, 69, 198, 7, 727 >,
 	< 729, 60, 10, 52, 90, 194, 8, 728 >,
 	< 730, 60, 9, 81, 92, 106, 2, 729 >,
 	< 731, 60, 3, 0, 0, 169, 4, 730 >,
 	// order 61
 	< 732, 61, 4, 41, 56, 170, 5, -1 >,
 	< 733, 61, 2, 0, 0, 178, 0, 732 >,
 	< 734, 61, 4, 71, 69, 128, 9, 733 >,
 	< 735, 61, 1, 0, 0, 194, 3, 734 >,
 	< 736, 61, 8, 36, 76, 140, 1, 735 >,
 	< 737, 61, 10, 0, 47, 172, 6, 736 >,
 	< 738, 61, 1, 87, 0, 111, 7, 737 >,
 	< 739, 61, 8, 73, 0, 178, 8, 738 >,
 	< 740, 61, 9, 34, 48, 127, 2, 739 >,
 	< 741, 61, 3, 0, 31, 107, 4, 740 >,
 	< 742, 61, 10, 0, 61, 191, 5, 741 >,
 	< 743, 61, 6, 0, 84, 102, 0, 742 >,
 	// order 62
 	< 744, 62, 6, 34, 0, 168, 9, -1 >,
 	< 745, 62, 8, 61, 0, 146, 3, 744 >,
 	< 746, 62, 6, 41, 51, 101, 1, 745 >,
 	< 747, 62, 1, 0, 0, 172, 6, 746 >,
 	< 748, 62, 1, 0, 0, 165, 7, 747 >,
 	< 749, 62, 1, 90, 44, 126, 8, 748 >,
 	< 750, 62, 3, 62, 46, 163, 2, 749 >,
 	< 751, 62, 1, 0, 65, 170, 4, 750 >,
 	< 752, 62, 8, 0, 65, 119, 5, 751 >,
 	< 753, 62, 2, 0, 0, 189, 0, 752 >,
 	< 754, 62, 5, 89, 0, 100, 9, 753 >,
 	< 755, 62, 3, 58, 0, 109, 3, 754 >,
 	// order 63
 	< 756, 63, 10, 47, 0, 120, 1, -1 >,
 	< 757, 63, 10, 0, 0, 167, 6, 756 >,
 	< 758, 63, 7, 0, 86, 164, 7, 757 >,
 	< 759, 63, 1, 0, 0, 166, 8, 758 >,
 	< 760, 63, 2, 58, 59, 132, 2, 759 >,
 	< 761, 63, 8, 0, 58, 175, 4, 760 >,
 	< 762, 63, 10, 72, 0, 149, 5, 761 >,
 	< 763, 63, 6, 63, 55, 158, 0, 762 >,
 	< 764, 63, 9, 58, 0, 188, 9, 763 >,
 	< 765, 63, 8, 0, 0, 103, 3, 764 >,
 	< 766, 63, 8, 0, 0, 125, 1, 765 >,
 	< 767, 63, 3, 40, 95, 142, 6, 766 >,
 	// order 64
 	< 768, 64, 9, 0, 76, 173, 7, -1 >,
 	< 769, 64, 9, 0, 52, 106, 8, 768 >,
 	< 770, 64, 3, 50, 0, 158, 2, 769 >,
 	< 771, 64, 1, 57, 61, 104, 4, 770 >,
 	< 772, 64, 2, 56, 0, 184, 5, 771 >,
 	< 773, 64, 8, 0, 86, 142, 0, 772 >,
 	< 774, 64, 3, 63, 0, 147, 9, 773 >,
 	< 775, 64, 10, 0, 77, 147, 3, 774 >,
 	< 776, 64, 2, 39, 91, 182, 1, 775 >,
 	< 777, 64, 8, 45, 0, 176, 6, 776 >,
 	< 778, 64, 7, 0, 0, 171, 7, 777 >,
 	< 779, 64, 5, 73, 32, 106, 8, 778 >,
 	// order 65
 	< 780, 65, 7, 75, 0, 129, 2, -1 >,
 	< 781, 65, 9, 37, 0, 150, 4, 780 >,
 	< 782, 65, 8, 0, 91, 135, 5, 781 >,
 	< 783, 65, 5, 42, 0, 198, 0, 782 >,
 	< 784, 65, 7, 81, 72, 106, 9, 783 >,
 	< 785, 65, 1, 99, 0, 151, 3, 784 >,
 	< 786, 65, 8, 59, 0, 131, 1, 785 >,
 	< 787, 65, 5, 70, 0, 195, 6, 786 >,
 	< 788, 65, 6, 0, 33, 136, 7, 787 >,
 	< 789, 65, 6, 55, 0, 197, 8, 788 >,
 	< 790, 65, 5, 34, 0, 103, 2, 789 >,
 	< 791, 65, 8, 62, 0, 173, 4, 790 >,
 	// order 66
 	< 792, 66, 1, 0, 100, 193, 5, -1 >,
 	< 793, 66, 7, 56, 0, 100, 0, 792 >,
 	< 794, 66, 9, 30, 0, 109, 9, 793 >,
 	< 795, 66, 6, 0, 47, 156, 3, 794 >,
 	< 796, 66, 6, 0, 56, 108, 1, 795 >,
 	< 797, 66, 10, 30, 0, 154, 6, 796 >,
 	< 798, 66, 6, 0, 0, 127, 7, 797 >,
 	< 799, 66, 9, 0, 0, 158, 8, 798 >,
 	< 800, 66, 2, 97, 0, 132, 2, 799 >,
 	< 801, 66, 1, 0, 91, 103, 4, 800 >,
 	< 802, 66, 4, 0, 55, 122, 5, 801 >,
 	< 803, 66, 7, 0, 41, 143, 0, 802 >,
 	// order 67
 	< 804, 67, 10, 0, 0, 155, 9, -1 >,
 	< 805, 67, 10, 65, 49, 174, 3, 804 >,
 	< 806, 67, 2, 52, 66, 151, 1, 805 >,
 	< 807, 67, 7, 0, 0, 197, 6, 806 >,
 	< 808, 67, 4, 0, 0, 153, 7, 807 >,
 	< 809, 67, 8, 0, 40, 102, 8, 808 >,
 	< 810, 67, 7, 0, 0, 128, 2, 809 >,
 	< 811, 67, 9, 36, 58, 122, 4, 810 >,
 	< 812, 67, 9, 59, 39, 186, 5, 811 >,
 	< 813, 67, 7, 0, 0, 185, 0, 812 >,
 	< 814, 67, 8, 0, 73, 120, 9, 813 >,
 	< 815, 67, 2, 99, 89, 192, 3, 814 >,
 	// order 68
 	< 816, 68, 6, 0, 72, 162, 1, -1 >,
 	< 817, 68, 1, 0, 0, 191, 6, 816 >,
 	< 818, 68, 5, 44, 0, 126, 7, 817 >,
 	< 819, 68, 5, 81, 77, 105, 8, 818 >,
 	< 820, 68, 9, 51, 0, 161, 2, 819 >,
 	< 821, 68, 4, 35, 33, 111, 4, 820 >,
 	< 822, 68, 2, 51, 0, 116, 5, 821 >,
 	< 823, 68, 8, 66, 50, 164, 0, 822 >,
 	< 824, 68, 2, 0, 90, 154, 9, 823 >,
 	< 825, 68, 4, 45, 35, 186, 3, 824 >,
 	< 826, 68, 8, 0, 33, 133, 1, 825 >,
 	< 827, 68, 10, 0, 0, 130, 6, 826 >,
 	// order 69
 	< 828, 69, 8, 51, 75, 189, 7, -1 >,
 	< 829, 69, 1, 0, 0, 179, 8, 828 >,
 	< 830, 69, 4, 84, 0, 176, 2, 829 >,
 	< 831, 69, 9, 0, 89, 119, 4, 830 >,
 	< 832, 69, 4, 0, 0, 103, 5, 831 >,
 	< 833, 69, 3, 48, 38, 145, 0, 832 >,
 	< 834, 69, 10, 0, 0, 199, 9, 833 >,
 	< 835, 69, 9, 0, 0, 121, 3, 834 >,
 	< 836, 69, 3, 53, 0, 109, 1, 835 >,
 	< 837, 69, 2, 31, 0, 181, 6, 836 >,
 	< 838, 69, 10, 0, 46, 141, 7, 837 >,
 	< 839, 69, 3, 51, 48, 138, 8, 838 >,
 	// order 70
 	< 840, 70, 9, 63, 0, 168, 2, -1 >,
 	< 841, 70, 9, 0, 0, 178, 4, 840 >,
 	< 842, 70, 4, 0, 44, 154, 5, 841 >,
 	< 843, 70, 2, 90, 0, 103, 0, 842 >,
 	< 844, 70, 4, 0, 62, 162, 9, 843 >,
 	< 845, 70, 10, 81, 35, 100, 3, 844 >,
 	< 846, 70, 6, 92, 55, 103, 1, 845 >,
 	< 847, 70, 9, 0, 0, 128, 6, 846 >,
 	< 848, 70, 6, 47, 0, 145, 7, 847 >,
 	< 849, 70, 5, 79, 0, 141, 8, 848 >,
 	< 850, 70, 2, 77, 37, 110, 2, 849 >,
 	< 851, 70, 2, 47, 0, 110, 4, 850 >,
 	// order 71
 	< 852, 71, 3, 0, 89, 191, 5, -1 >,
 	< 853, 71, 9, 0, 0, 114, 0, 852 >,
 	< 854, 71, 1, 98, 85, 174, 9, 853 >,
 	< 855, 71, 6, 0, 0, 147, 3, 854 >,
 	< 856, 71, 9, 0, 77, 189, 1, 855 >,
 	< 857, 71, 7, 98, 47, 187, 6, 856 >,
 	< 858, 71, 1, 0, 0, 117, 7, 857 >,
 	< 859, 71, 4, 0, 0, 157, 8, 858 >,
 	< 860, 71, 6, 54, 36, 139, 2, 859 >,
 	< 861, 71, 6, 94, 0, 137, 4, 860 >,
 	< 862, 71, 7, 0, 85, 133, 5, 861 >,
 	< 863, 71, 1, 82, 45, 200, 0, 862 >,
 	// order 72
 	< 864, 72, 9, 96, 0, 101, 9, -1 >,
 	< 865, 72, 6, 71, 0, 161, 3, 864 >,
 	< 866, 72, 1, 0, 90, 147, 1, 865 >,
 	< 867, 72, 6, 49, 0, 168, 6, 866 >,
 	< 868, 72, 1, 55, 83, 132, 7, 867 >,
 	< 869, 72, 3, 36, 57, 160, 8, 868 >,
 	< 870, 72, 4, 83, 71, 182, 2, 869 >,
 	< 871, 72, 4, 0, 0, 132, 4, 870 >,
 	< 872, 72, 7, 70, 33, 194, 5, 871 >,
 	< 873, 72, 9, 37, 0, 155, 0, 872 >,
 	< 874, 72, 6, 32, 0, 128, 9, 873 >,
 	< 875, 72, 6, 47, 64, 180, 3, 874 >,
 	// order 73
 	< 876, 73, 3, 0, 0, 106, 1, -1 >,
 	< 877, 73, 2, 96, 93, 129, 6, 876 >,
 	< 878, 73, 5, 42, 35, 112, 7, 877 >,
 	< 879, 73, 3, 0, 0, 155, 8, 878 >,
 	< 880, 73, 6, 33, 70, 171, 2, 879 >,
 	< 881, 73, 5, 0, 0, 168, 4, 880 >,
 	< 882, 73, 8, 89, 69, 114, 5, 881 >,
 	< 883, 73, 6, 89, 0, 161, 0, 882 >,
 	< 884, 73, 4, 48, 0, 130, 9, 883 >,
 	< 885, 73, 9, 44, 0, 142, 3, 884 >,
 	< 886, 73, 10, 96, 0, 129, 1, 885 >,
 	< 887, 73, 4, 0, 0, 139, 6, 886 >,
 	// order 74
 	< 888, 74, 4, 59, 0, 150, 7, -1 >,
 	< 889, 74, 9, 51, 0, 194, 8, 888 >,
 	< 890, 74, 6, 0, 30, 194, 2, 889 >,
 	< 891, 74, 2, 0, 79, 126, 4, 890 >,
 	< 892, 74, 9, 36, 48, 187, 5, 891 >,
 	< 893, 74, 9, 75, 0, 176, 0, 892 >,
 	< 894, 74, 3, 0, 0, 171, 9, 893 >,
 	< 895, 74, 10, 55, 46, 146, 3, 894 >,
 	< 896, 74, 6, 48, 39, 141, 1, 895 >,
 	< 897, 74, 7, 0, 0, 194, 6, 896 >,
 	< 898, 74, 6, 46, 77, 154, 7, 897 >,
 	< 899, 74, 6, 74, 0, 196, 8, 898 >,
 	// order 75
 	< 900, 75, 7, 43, 0, 180, 2, -1 >,
 	< 901, 75, 1, 0, 42, 200, 4, 900 >,
 	< 902, 75, 1, 0, 50, 104, 5, 901 >,
 	< 903, 75, 9, 0, 0, 146, 0, 902 >,
 	< 904, 75, 3, 70, 0, 115, 9, 903 >,
 	< 905, 75, 7, 0, 32, 143, 3, 904 >,
 	< 906, 75, 5, 0, 0, 120, 1, 905 >,
 	< 907, 75, 5, 92, 0, 143, 6, 906 >,
 	< 908, 75, 4, 0, 0, 105, 7, 907 >,
 	< 909, 75, 9, 70, 0, 143, 8, 908 >,
 	< 910, 75, 3, 80, 0, 184, 2, 909 >,
 	< 911, 75, 2, 35, 0, 145, 4, 910 >,
 	// order 76
 	< 912, 76, 1, 68, 0, 127, 5, -1 >,
 	< 913, 76, 6, 71, 48, 131, 0, 912 >,
 	< 914, 76, 4, 0, 78, 178, 9, 913 >,
 	< 915, 76, 2, 88, 56, 159, 3, 914 >,
 	< 916, 76, 6, 76, 0, 173, 1, 915 >,
 	< 917, 76, 1, 97, 0, 142, 6, 916 >,
 	< 918, 76, 9, 0, 0, 170, 7, 917 >,
 	< 919, 76, 8, 0, 0, 152, 8, 918 >,
 	< 920, 76, 3, 0, 91, 111, 2, 919 >,
 	< 921, 76, 9, 0, 80, 105, 4, 920 >,
 	< 922, 76, 1, 47, 0, 107, 5, 921 >,
 	< 923, 76, 5, 0, 65, 186, 0, 922 >,
 	// order 77
 	< 924, 77, 9, 31, 91, 189, 9, -1 >,
 	< 925, 77, 6, 80, 99, 191, 3, 924 >,
 	< 926, 77, 9, 0, 0, 102, 1, 925 >,
 	< 927, 77, 10, 80, 98, 178, 6, 926 >,
 	< 928, 77, 4, 92, 0, 117, 7, 927 >,
 	< 929, 77, 4, 0, 64, 108, 8, 928 >,
 	< 930, 77, 8, 0, 73, 133, 2, 929 >,
 	< 931, 77, 8, 0, 0, 126, 4, 930 >,
 	< 932, 77, 8, 0, 35, 116, 5, 931 >,
 	< 933, 77, 2, 96, 0, 153, 0, 932 >,
 	< 934, 77, 6, 0, 93, 103, 9, 933 >,
 	< 935, 77, 3, 35, 0, 172, 3, 934 >,
 	// order 78
 	< 936, 78, 2, 0, 0, 149, 1, -1 >,
 	< 937, 78, 9, 0, 71, 187, 6, 936 >,
 	< 938, 78, 7, 0, 64, 155, 7, 937 >,
 	< 939, 78, 3, 75, 0, 172, 8, 938 >,
 	< 940, 78, 4, 0, 0, 129, 2, 939 >,
 	< 941, 78, 1, 35, 0, 130, 4, 940 >,
 	< 942, 78, 7, 0, 75, 162, 5, 941 >,
 	< 943, 78, 6, 0, 0, 113, 0, 942 >,
 	< 944, 78, 3, 0, 64, 135, 9, 943 >,
 	< 945, 78, 1, 0, 0, 194, 3, 944 >,
 	< 946, 78, 6, 0, 65, 158, 1, 945 >,
 	< 947, 78, 1, 0, 0, 149, 6, 946 >,
 	// order 79
 	< 948, 79, 8, 0, 0, 158, 7, -1 >,
 	< 949, 79, 9, 0, 0, 191, 8, 948 >,
 	< 950, 79, 5, 70, 0, 197, 2, 949 >,
 	< 951, 79, 5, 57, 0, 125, 4, 950 >,
 	< 952, 79, 8, 92, 0, 193, 5, 951 >,
 	< 953, 79, 8, 69, 77, 118, 0, 952 >,
 	< 954, 79, 9, 49, 31, 133, 9, 953 >,
 	< 955, 79, 2, 0, 56, 177, 3, 954 >,
 	< 956, 79, 2, 0, 65, 176, 1, 955 >,
 	< 957, 79, 10, 76, 37, 119, 6, 956 >,
 	< 958, 79, 9, 39, 54, 118, 7, 957 >,
 	< 959, 79, 3, 47, 0, 164, 8, 958 >,
 	// order 80
 	< 960, 80, 8, 39, 0, 142, 2, -1 >,
 	< 961, 80, 10, 0, 50, 172, 4, 960 >,
 	< 962, 80, 9, 79, 0, 181, 5, 961 >,
 	< 963, 80, 5, 33, 0, 123, 0, 962 >,
 	< 964, 80, 1, 0, 94, 168, 9, 963 >,
 	< 965, 80, 5, 0, 30, 183, 3, 964 >,
 	< 966, 80, 1, 0, 0, 155, 1, 965 >,
 	< 967, 80, 8, 56, 0, 150, 6, 966 >,
 	< 968, 80, 7, 93, 63, 196, 7, 967 >,
 	< 969, 80, 7, 0, 0, 154, 8, 968 >,
 	< 970, 80, 8, 0, 47, 107, 2, 969 >,
 	< 971, 80, 7, 34, 0, 161, 4, 970 >,
 	// order 81
 	< 972, 81, 10, 41, 62, 167, 5, -1 >,
 	< 973, 81, 8, 40, 93, 106, 0, 972 >,
 	< 974, 81, 6, 58, 37, 124, 9, 973 >,
 	< 975, 81, 2, 34, 0, 125, 3, 974 >,
 	< 976, 81, 5, 0, 63, 189, 1, 975 >,
 	< 977, 81, 4, 34, 40, 186, 6, 976 >,
 	< 978, 81, 6, 0, 0, 112, 7, 977 >,
 	< 979, 81, 4, 44, 0, 129, 8, 978 >,
 	< 980, 81, 5, 79, 32, 184, 2, 979 >,
 	< 981, 81, 4, 58, 49, 155, 4, 980 >,
 	< 982, 81, 10, 0, 66, 193, 5, 981 >,
 	< 983, 81, 2, 39, 0, 165, 0, 982 >,
 	// order 82
 	< 984, 82, 1, 77, 52, 138, 9, -1 >,
 	< 985, 82, 10, 53, 98, 173, 3, 984 >,
 	< 986, 82, 8, 69, 61, 104, 1, 985 >,
 	< 987, 82, 1, 0, 95, 188, 6, 986 >,
 	< 988, 82, 4, 86, 73, 143, 7, 987 >,
 	< 989, 82, 7, 0, 33, 181, 8, 988 >,
 	< 990, 82, 7, 36, 0, 151, 2, 989 >,
 	< 991, 82, 10, 67, 67, 158, 4, 990 >,
 	< 992, 82, 3, 0, 98, 115, 5, 991 >,
 	< 993, 82, 8, 37, 100, 111, 0, 992 >,
 	< 994, 82, 1, 0, 0, 153, 9, 993 >,
 	< 995, 82, 8, 0, 0, 171, 3, 994 >,
 	// order 83
 	< 996, 83, 5, 0, 100, 120, 1, -1 >,
 	< 997, 83, 8, 59, 33, 185, 6, 996 >,
 	< 998, 83, 2, 0, 0, 173, 7, 997 >,
 	< 999, 83, 4, 0, 75, 127, 8, 998 >,
 	< 1000, 83, 9, 90, 0, 182, 2, 999 >,
 	< 1001, 83, 5, 82, 100, 124, 4, 1000 >,
 	< 1002, 83, 2, 0, 38, 158, 5, 1001 >,
 	< 1003, 83, 6, 0, 43, 147, 0, 1002 >,
 	< 1004, 83, 4, 0, 0, 100, 9, 1003 >,
 	< 1005, 83, 9, 79, 31, 121, 3, 1004 >,
 	< 1006, 83, 10, 42, 93, 116, 1, 1005 >,
 	< 1007, 83, 5, 0, 32, 195, 6, 1006 >,
 	// order 84
 	< 1008, 84, 8, 87, 34, 142, 7, -1 >,
 	< 1009, 84, 3, 0, 88, 107, 8, 1008 >,
 	< 1010, 84, 5, 66, 0, 180, 2, 1009 >,
 	< 1011, 84, 3, 79, 0, 111, 4, 1010 >,
 	< 1012, 84, 7, 49, 0, 190, 5, 1011 >,
 	< 1013, 84, 1, 0, 0, 108, 0, 1012 >,
 	< 1014, 84, 4, 40, 70, 174, 9, 1013 >,
 	< 1015, 84, 3, 0, 56, 146, 3, 1014 >,
 	< 1016, 84, 5, 0, 0, 189, 1, 1015 >,
 	< 1017, 84, 3, 0, 0, 165, 6, 1016 >,
 	< 1018, 84, 4, 0, 0, 200, 7, 1017 >,
 	< 1019, 84, 10, 41, 67, 125, 8, 1018 >,
 	// order 85
 	< 1020, 85, 2, 0, 0, 174, 2, -1 >,
 	< 1021, 85, 8, 36, 0, 127, 4, 1020 >,
 	< 1022, 85, 10, 69, 42, 133, 5, 1021 >,
 	< 1023, 85, 6, 59, 0, 139, 0, 1022 >,
 	< 1024, 85, 2, 80, 33, 182, 9, 1023 >,
 	< 1025, 85, 1, 40, 58, 198, 3, 1024 >,
 	< 1026, 85, 8, 0, 100, 145, 1, 1025 >,
 	< 1027, 85, 8, 0, 86, 196, 6, 1026 >,
 	< 1028, 85, 2, 0, 0, 181, 7, 1027 >,
 	< 1029, 85, 4, 0, 59, 120, 8, 1028 >,
 	< 1030, 85, 8, 0, 0, 108, 2, 1029 >,
 	< 1031, 85, 7, 60, 96, 142, 4, 1030 >,
 	// order 86
 	< 1032, 86, 2, 0, 68, 153, 5, -1 >,
 	< 1033, 86, 9, 69, 0, 113, 0, 1032 >,
 	< 1034, 86, 9, 68, 44, 142, 9, 1033 >,
 	< 1035, 86, 4, 0, 0, 143, 3, 1034 >,
 	< 1036, 86, 1, 0, 65, 167, 1, 1035 >,
 	< 1037, 86, 7, 99, 53, 102, 6, 1036 >,
 	< 1038, 86, 1, 60, 86, 154, 7, 1037 >,
 	< 1039, 86, 9, 98, 64, 134, 8, 1038 >,
 	< 1040, 86, 3, 0, 88, 155, 2, 1039 >,
 	< 1041, 86, 9, 0, 0, 200, 4, 1040 >,
 	< 1042, 86, 5, 0, 0, 180, 5, 1041 >,
 	< 1043, 86, 5, 0, 95, 127, 0, 1042 >,
 	// order 87
 	< 1044, 87, 9, 30, 0, 184, 9, -1 >,
 	< 1045, 87, 5, 0, 59, 189, 3, 1044 >,
 	< 1046, 87, 6, 49, 70, 198, 1, 1045 >,
 	< 1047, 87, 5, 0, 86, 102, 6, 1046 >,
 	< 1048, 87, 2, 100, 0, 162, 7, 1047 >,
 	< 1049, 87, 1, 0, 56, 147, 8, 1048 >,
 	< 1050, 87, 10, 79, 94, 133, 2, 1049 >,
 	< 1051, 87, 2, 0, 0, 172, 4, 1050 >,
 	< 1052, 87, 7, 0, 0, 184, 5, 1051 >,
 	< 1053, 87, 2, 0, 86, 183, 0, 1052 >,
 	< 1054, 87, 10, 99, 0, 124, 9, 1053 >,
 	< 1055, 87, 8, 31, 0, 122, 3, 1054 >,
 	// order 88
 	< 1056, 88, 5, 0, 0, 105, 1, -1 >,
 	< 1057, 88, 5, 37, 40, 166, 6, 1056 >,
 	< 1058, 88, 7, 0, 72, 107, 7, 1057 >,
 	< 1059, 88, 4, 59, 0, 184, 8, 1058 >,
 	< 1060, 88, 5, 0, 0, 106, 2, 1059 >,
 	< 1061, 88, 5, 98, 61, 200, 4, 1060 >,
 	< 1062, 88, 1, 0, 0, 124, 5, 1061 >,
 	< 1063, 88, 9, 74, 0, 194, 0, 1062 >,
 	< 1064, 88, 3, 0, 63, 113, 9, 1063 >,
 	< 1065, 88, 2, 40, 0, 105, 3, 1064 >,
 	< 1066, 88, 9, 0, 0, 187, 1, 1065 >,
 	< 1067, 88, 3, 34, 97, 163, 6, 1066 >,
 	// order 89
 	< 1068, 89, 9, 67, 0, 115, 7, -1 >,
 	< 1069, 89, 6, 0, 0, 148, 8, 1068 >,
 	< 1070, 89, 8, 0, 48, 148, 2, 1069 >,
 	< 1071, 89, 9, 91, 40, 188, 4, 1070 >,
 	< 1072, 89, 8, 0, 67, 159, 5, 1071 >,
 	< 1073, 89, 10, 62, 63, 180, 0, 1072 >,
 	< 1074, 89, 10, 84, 0, 169, 9, 1073 >,
 	< 1075, 89, 6, 0, 0, 156, 3, 1074 >,
 	< 1076, 89, 9, 0, 76, 166, 1, 1075 >,
 	< 1077, 89, 2, 95, 65, 191, 6, 1076 >,
 	< 1078, 89, 2, 35, 55, 102, 7, 1077 >,
 	< 1079, 89, 1, 45, 91, 143, 8, 1078 >,
 	// order 90
 	< 1080, 90, 1, 63, 0, 148, 2, -1 >,
 	< 1081, 90, 4, 0, 0, 141, 4, 1080 >,
 	< 1082, 90, 6, 30, 0, 180, 5, 1081 >,
 	< 1083, 90, 10, 63, 0, 178, 0, 1082 >,
 	< 1084, 90, 5, 0, 75, 130, 9, 1083 >,
 	< 1085, 90, 7, 84, 69, 191, 3, 1084 >,
 	< 1086, 90, 2, 100, 76, 171, 1, 1085 >,
 	< 1087, 90, 2, 0, 0, 156, 6, 1086 >,
 	< 1088, 90, 8, 0, 0, 158, 7, 1087 >,
 	< 1089, 90, 1, 0, 0, 156, 8, 1088 >,
 	< 1090, 90, 2, 0, 0, 111, 2, 1089 >,
 	< 1091, 90, 1, 0, 0, 144, 4, 1090 >,
 	// order 91
 	< 1092, 91, 4, 0, 0, 156, 5, -1 >,
 	< 1093, 91, 6, 75, 63, 189, 0, 1092 >,
 	< 1094, 91, 1, 0, 0, 120, 9, 1093 >,
 	< 1095, 91, 7, 0, 45, 167, 3, 1094 >,
 	< 1096, 91, 1, 0, 0, 127, 1, 1095 >,
 	< 1097, 91, 6, 0, 0, 156, 6, 1096 >,
 	< 1098, 91, 5, 100, 72, 185, 7, 1097 >,
 	< 1099, 91, 3, 0, 0, 158, 8, 1098 >,
 	< 1100, 91, 8, 49, 99, 110, 2, 1099 >,
 	< 1101, 91, 2, 0, 0, 142, 4, 1100 >,
 	< 1102, 91, 10, 0, 53, 188, 5, 1101 >,
 	< 1103, 91, 8, 0, 0, 124, 0, 1102 >,
 	// order 92
 	< 1104, 92, 9, 37, 0, 196, 9, -1 >,
 	< 1105, 92, 3, 64, 0, 142, 3, 1104 >,
 	< 1106, 92, 6, 86, 90, 100, 1, 1105 >,
 	< 1107, 92, 3, 0, 0, 109, 6, 1106 >,
 	< 1108, 92, 10, 0, 0, 139, 7, 1107 >,
 	< 1109, 92, 8, 98, 0, 167, 8, 1108 >,
 	< 1110, 92, 8, 82, 41, 111, 2, 1109 >,
 	< 1111, 92, 7, 70, 0, 143, 4, 1110 >,
 	< 1112, 92, 4, 90, 65, 150, 5, 1111 >,
 	< 1113, 92, 2, 87, 0, 161, 0, 1112 >,
 	< 1114, 92, 4, 49, 0, 177, 9, 1113 >,
 	< 1115, 92, 5, 72, 0, 126, 3, 1114 >,
 	// order 93
 	< 1116, 93, 5, 70, 88, 107, 1, -1 >,
 	< 1117, 93, 7, 43, 0, 169, 6, 1116 >,
 	< 1118, 93, 1, 85, 0, 128, 7, 1117 >,
 	< 1119, 93, 9, 50, 43, 137, 8, 1118 >,
 	< 1120, 93, 4, 0, 99, 158, 2, 1119 >,
 	< 1121, 93, 9, 0, 0, 195, 4, 1120 >,
 	< 1122, 93, 10, 0, 0, 182, 5, 1121 >,
 	< 1123, 93, 9, 0, 0, 167, 0, 1122 >,
 	< 1124, 93, 5, 0, 0, 162, 9, 1123 >,
 	< 1125, 93, 10, 50, 64, 195, 3, 1124 >,
 	< 1126, 93, 5, 88, 0, 175, 1, 1125 >,
 	< 1127, 93, 1, 0, 0, 146, 6, 1126 >,
 	// order 94
 	< 1128, 94, 1, 65, 44, 197, 7, -1 >,
 	< 1129, 94, 5, 32, 98, 153, 8, 1128 >,
 	< 1130, 94, 1, 45, 35, 196, 2, 1129 >,
 	< 1131, 94, 8, 0, 0, 123, 4, 1130 >,
 	< 1132, 94, 2, 0, 90, 166, 5, 1131 >,
 	< 1133, 94, 2, 50, 0, 169, 0, 1132 >,
 	< 1134, 94, 4, 33, 96, 171, 9, 1133 >,
 	< 1135, 94, 1, 70, 0, 125, 3, 1134 >,
 	< 1136, 94, 1, 59, 0, 179, 1, 1135 >,
 	< 1137, 94, 6, 0, 38, 137, 6, 1136 >,
 	< 1138, 94, 2, 0, 81, 141, 7, 1137 >,
 	< 1139, 94, 9, 0, 0, 128, 8, 1138 >,
 	// order 95
 	< 1140, 95, 1, 77, 0, 119, 2, -1 >,
 	< 1141, 95, 2, 58, 56, 195, 4, 1140 >,
 	< 1142, 95, 2, 98, 32, 157, 5, 1141 >,
 	< 1143, 95, 6, 0, 66, 119, 0, 1142 >,
 	< 1144, 95, 7, 52, 0, 153, 9, 1143 >,
 	< 1145, 95, 3, 0, 91, 166, 3, 1144 >,
 	< 1146, 95, 4, 0, 0, 151, 1, 1145 >,
 	< 1147, 95, 5, 0, 0, 130, 6, 1146 >,
 	< 1148, 95, 1, 0, 51, 118, 7, 1147 >,
 	< 1149, 95, 3, 0, 0, 183, 8, 1148 >,
 	< 1150, 95, 7, 53, 60, 177, 2, 1149 >,
 	< 1151, 95, 9, 0, 98, 197, 4, 1150 >,
 	// order 96
 	< 1152, 96, 7, 51, 0, 150, 5, -1 >,
 	< 1153, 96, 3, 65, 63, 160, 0, 1152 >,
 	< 1154, 96, 4, 0, 0, 184, 9, 1153 >,
 	< 1155, 96, 4, 52, 33, 191, 3, 1154 >,
 	< 1156, 96, 3, 0, 0, 169, 1, 1155 >,
 	< 1157, 96, 6, 95, 51, 137, 6, 1156 >,
 	< 1158, 96, 8, 0, 0, 165, 7, 1157 >,
 	< 1159, 96, 6, 39, 93, 152, 8, 1158 >,
 	< 1160, 96, 9, 55, 0, 150, 2, 1159 >,
 	< 1161, 96, 1, 71, 0, 120, 4, 1160 >,
 	< 1162, 96, 9, 95, 0, 144, 5, 1161 >,
 	< 1163, 96, 1, 80, 73, 183, 0, 1162 >,
 	// order 97
 	< 1164, 97, 10, 0, 0, 187, 9, -1 >,
 	< 1165, 97, 1, 0, 0, 129, 3, 1164 >,
 	< 1166, 97, 5, 66, 67, 109, 1, 1165 >,
 	< 1167, 97, 7, 0, 0, 118, 6, 1166 >,
 	< 1168, 97, 6, 53, 0, 110, 7, 1167 >,
 	< 1169, 97, 6, 54, 0, 120, 8, 1168 >,
 	< 1170, 97, 5, 60, 50, 170, 2, 1169 >,
 	< 1171, 97, 9, 0, 0, 122, 4, 1170 >,
 	< 1172, 97, 5, 65, 0, 100, 5, 1171 >,
 	< 1173, 97, 7, 0, 0, 139, 0, 1172 >,
 	< 1174, 97, 10, 32, 67, 144, 9, 1173 >,
 	< 1175, 97, 9, 0, 57, 155, 3, 1174 >,
 	// order 98
 	< 1176, 98, 1, 90, 0, 186, 1, -1 >,
 	< 1177, 98, 5, 0, 72, 183, 6, 1176 >,
 	< 1178, 98, 3, 86, 0, 175, 7, 1177 >,
 	< 1179, 98, 6, 0, 0, 107, 8, 1178 >,
 	< 1180, 98, 5, 0, 97, 122, 2, 1179 >,
 	< 1181, 98, 5, 0, 0, 191, 4, 1180 >,
 	< 1182, 98, 4, 0, 0, 194, 5, 1181 >,
 	< 1183, 98, 7, 42, 39, 128, 0, 1182 >,
 	< 1184, 98, 5, 71, 60, 157, 9, 1183 >,
 	< 1185, 98, 8, 0, 0, 149, 3, 1184 >,
 	< 1186, 98, 8, 73, 0, 182, 1, 1185 >,
 	< 1187, 98, 10, 0, 0, 176, 6, 1186 >,
 	// order 99
 	< 1188, 99, 7, 62, 0, 119, 7, -1 >,
 	< 1189, 99, 3, 0, 52, 198, 8, 1188 >,
 	< 1190, 99, 1, 31, 0, 197, 2, 1189 >,
 	< 1191, 99, 7, 89, 56, 138, 4, 1190 >,
 	< 1192, 99, 6, 0, 0, 193, 5, 1191 >,
 	< 1193, 99, 2, 0, 84, 112, 0, 1192 >,
 	< 1194, 99, 8, 0, 99, 150, 9, 1193 >,
 	< 1195, 99, 6, 66, 0, 133, 3, 1194 >,
 	< 1196, 99, 3, 57, 0, 116, 1, 1195 >,
 	< 1197, 99, 6, 67, 89, 130, 6, 1196 >,
 	< 1198, 99, 2, 91, 0, 111, 7, 1197 >,
 	< 1199, 99, 5, 0, 0, 106, 8, 1198 >
 };
