/*********************************************
 * OPL 12.10.0.0 Data
 * Author: Kinast
 * Creation date: Aug 17, 2021 at 11:50:38 AM
 *********************************************/

 nOrders = 100;
 nTasks = 1200;

 nWorkgroups = 10;
 nWorkstations = 50;

 nCobots = 0;
 cobotTimeFactor = 0.7;

 workstations = {
 	< 0, "Workstation 0", 0, 0.84, 1.13, 1, 3 >,
 	< 1, "Workstation 1", 1, 0.88, 1.02, 1, 4 >,
 	< 2, "Workstation 2", 2, 0.85, 1.17, 1, 1 >,
 	< 3, "Workstation 3", 0, 1.14, 0.99, 1, 1 >,
 	< 4, "Workstation 4", 3, 1.13, 1.09, 1, 3 >,
 	< 5, "Workstation 5", 4, 0.88, 0.84, 1, 5 >,
 	< 6, "Workstation 6", 3, 1.02, 1.09, 1, 1 >,
 	< 7, "Workstation 7", 0, 0.81, 0.78, 1, 1 >,
 	< 8, "Workstation 8", 5, 1.19, 0.8, 1, 1 >,
 	< 9, "Workstation 9", 5, 0.85, 0.93, 1, 1 >,
 	< 10, "Workstation 10", 3, 0.77, 0.93, 1, 1 >,
 	< 11, "Workstation 11", 6, 1.01, 1.11, 1, 1 >,
 	< 12, "Workstation 12", 7, 0.78, 0.84, 1, 4 >,
 	< 13, "Workstation 13", 7, 1.09, 1.06, 1, 2 >,
 	< 14, "Workstation 14", 4, 1, 0.84, 1, 1 >,
 	< 15, "Workstation 15", 4, 1.02, 1.1, 1, 1 >,
 	< 16, "Workstation 16", 7, 1.24, 1.1, 1, 1 >,
 	< 17, "Workstation 17", 1, 0.83, 1.07, 1, 1 >,
 	< 18, "Workstation 18", 8, 0.79, 1.2, 1, 3 >,
 	< 19, "Workstation 19", 7, 0.9, 0.76, 1, 2 >,
 	< 20, "Workstation 20", 4, 1.07, 0.88, 1, 3 >,
 	< 21, "Workstation 21", 6, 1.22, 0.91, 1, 1 >,
 	< 22, "Workstation 22", 0, 0.76, 0.9, 1, 2 >,
 	< 23, "Workstation 23", 5, 0.94, 1.13, 1, 1 >,
 	< 24, "Workstation 24", 2, 1.01, 1.05, 1, 2 >,
 	< 25, "Workstation 25", 3, 0.83, 1.16, 1, 1 >,
 	< 26, "Workstation 26", 4, 1.23, 0.94, 1, 1 >,
 	< 27, "Workstation 27", 9, 0.76, 1.03, 1, 1 >,
 	< 28, "Workstation 28", 9, 0.79, 0.8, 1, 4 >,
 	< 29, "Workstation 29", 8, 1.24, 0.91, 1, 2 >,
 	< 30, "Workstation 30", 3, 1.18, 1.21, 1, 1 >,
 	< 31, "Workstation 31", 1, 1.05, 0.94, 1, 1 >,
 	< 32, "Workstation 32", 9, 1.09, 1.07, 1, 1 >,
 	< 33, "Workstation 33", 5, 0.94, 0.86, 1, 1 >,
 	< 34, "Workstation 34", 8, 1.12, 1.11, 1, 1 >,
 	< 35, "Workstation 35", 6, 1.16, 0.97, 1, 1 >,
 	< 36, "Workstation 36", 1, 0.91, 0.82, 1, 1 >,
 	< 37, "Workstation 37", 5, 0.99, 0.87, 1, 3 >,
 	< 38, "Workstation 38", 2, 0.79, 0.95, 1, 1 >,
 	< 39, "Workstation 39", 2, 0.92, 1, 1, 2 >,
 	< 40, "Workstation 40", 6, 1.03, 0.94, 1, 1 >,
 	< 41, "Workstation 41", 9, 0.86, 1.12, 1, 1 >,
 	< 42, "Workstation 42", 9, 1.12, 1.14, 1, 2 >,
 	< 43, "Workstation 43", 6, 0.84, 0.84, 1, 5 >,
 	< 44, "Workstation 44", 0, 1.06, 1.18, 1, 5 >,
 	< 45, "Workstation 45", 8, 0.84, 1.2, 1, 4 >,
 	< 46, "Workstation 46", 1, 1.06, 1.07, 1, 3 >,
 	< 47, "Workstation 47", 2, 0.89, 0.84, 1, 2 >,
 	< 48, "Workstation 48", 8, 1.19, 1.03, 1, 3 >,
 	< 49, "Workstation 49", 7, 0.99, 0.82, 1, 4 >
 };

 tasks = {
 	// order 0
 	< 0, 0, 5, 31, 92, 165, 5, -1 >,
 	< 1, 0, 9, 95, 65, 190, 3, 0 >,
 	< 2, 0, 1, 34, 0, 191, 6, 1 >,
 	< 3, 0, 9, 0, 0, 198, 8, 2 >,
 	< 4, 0, 6, 0, 43, 133, 1, 3 >,
 	< 5, 0, 6, 47, 0, 143, 9, 4 >,
 	< 6, 0, 8, 0, 90, 158, 0, 5 >,
 	< 7, 0, 1, 64, 0, 159, 7, 6 >,
 	< 8, 0, 9, 0, 71, 121, 2, 7 >,
 	< 9, 0, 3, 63, 0, 170, 4, 8 >,
 	< 10, 0, 3, 81, 96, 121, 5, 9 >,
 	< 11, 0, 4, 68, 0, 199, 3, 10 >,
 	// order 1
 	< 12, 1, 8, 0, 0, 176, 6, -1 >,
 	< 13, 1, 6, 0, 64, 122, 8, 12 >,
 	< 14, 1, 1, 0, 0, 157, 1, 13 >,
 	< 15, 1, 2, 64, 0, 198, 9, 14 >,
 	< 16, 1, 1, 57, 82, 120, 0, 15 >,
 	< 17, 1, 9, 89, 56, 170, 7, 16 >,
 	< 18, 1, 2, 37, 37, 153, 2, 17 >,
 	< 19, 1, 6, 80, 93, 199, 4, 18 >,
 	< 20, 1, 1, 91, 41, 165, 5, 19 >,
 	< 21, 1, 5, 55, 63, 138, 3, 20 >,
 	< 22, 1, 6, 82, 0, 188, 6, 21 >,
 	< 23, 1, 9, 100, 0, 152, 8, 22 >,
 	// order 2
 	< 24, 2, 9, 0, 0, 197, 1, -1 >,
 	< 25, 2, 1, 96, 0, 126, 9, 24 >,
 	< 26, 2, 3, 58, 38, 133, 0, 25 >,
 	< 27, 2, 3, 43, 0, 164, 7, 26 >,
 	< 28, 2, 4, 0, 0, 173, 2, 27 >,
 	< 29, 2, 1, 0, 52, 195, 4, 28 >,
 	< 30, 2, 9, 0, 91, 157, 5, 29 >,
 	< 31, 2, 8, 0, 0, 119, 3, 30 >,
 	< 32, 2, 7, 0, 39, 142, 6, 31 >,
 	< 33, 2, 3, 44, 73, 189, 8, 32 >,
 	< 34, 2, 6, 0, 0, 150, 1, 33 >,
 	< 35, 2, 5, 0, 0, 195, 9, 34 >,
 	// order 3
 	< 36, 3, 5, 81, 0, 162, 0, -1 >,
 	< 37, 3, 3, 0, 97, 153, 7, 36 >,
 	< 38, 3, 3, 0, 88, 132, 2, 37 >,
 	< 39, 3, 6, 0, 45, 107, 4, 38 >,
 	< 40, 3, 3, 0, 51, 118, 5, 39 >,
 	< 41, 3, 5, 0, 94, 138, 3, 40 >,
 	< 42, 3, 4, 0, 0, 150, 6, 41 >,
 	< 43, 3, 1, 0, 47, 117, 8, 42 >,
 	< 44, 3, 9, 0, 0, 159, 1, 43 >,
 	< 45, 3, 7, 46, 84, 100, 9, 44 >,
 	< 46, 3, 9, 0, 98, 133, 0, 45 >,
 	< 47, 3, 8, 0, 0, 142, 7, 46 >,
 	// order 4
 	< 48, 4, 1, 0, 90, 102, 2, -1 >,
 	< 49, 4, 6, 0, 34, 140, 4, 48 >,
 	< 50, 4, 8, 0, 87, 168, 5, 49 >,
 	< 51, 4, 4, 0, 72, 112, 3, 50 >,
 	< 52, 4, 6, 60, 67, 110, 6, 51 >,
 	< 53, 4, 10, 60, 0, 178, 8, 52 >,
 	< 54, 4, 8, 0, 0, 123, 1, 53 >,
 	< 55, 4, 10, 42, 0, 101, 9, 54 >,
 	< 56, 4, 6, 41, 99, 191, 0, 55 >,
 	< 57, 4, 2, 97, 49, 178, 7, 56 >,
 	< 58, 4, 7, 0, 33, 177, 2, 57 >,
 	< 59, 4, 4, 0, 74, 139, 4, 58 >,
 	// order 5
 	< 60, 5, 5, 0, 100, 104, 5, -1 >,
 	< 61, 5, 2, 79, 0, 189, 3, 60 >,
 	< 62, 5, 7, 72, 85, 183, 6, 61 >,
 	< 63, 5, 7, 97, 0, 180, 8, 62 >,
 	< 64, 5, 9, 30, 0, 101, 1, 63 >,
 	< 65, 5, 7, 0, 0, 163, 9, 64 >,
 	< 66, 5, 9, 0, 0, 113, 0, 65 >,
 	< 67, 5, 5, 0, 99, 187, 7, 66 >,
 	< 68, 5, 10, 0, 0, 121, 2, 67 >,
 	< 69, 5, 4, 0, 0, 144, 4, 68 >,
 	< 70, 5, 2, 0, 80, 170, 5, 69 >,
 	< 71, 5, 10, 0, 73, 133, 3, 70 >,
 	// order 6
 	< 72, 6, 7, 31, 58, 149, 6, -1 >,
 	< 73, 6, 8, 0, 0, 119, 8, 72 >,
 	< 74, 6, 5, 0, 89, 164, 1, 73 >,
 	< 75, 6, 8, 48, 73, 133, 9, 74 >,
 	< 76, 6, 10, 0, 66, 192, 0, 75 >,
 	< 77, 6, 3, 40, 0, 106, 7, 76 >,
 	< 78, 6, 6, 85, 0, 114, 2, 77 >,
 	< 79, 6, 9, 0, 84, 144, 4, 78 >,
 	< 80, 6, 4, 92, 88, 159, 5, 79 >,
 	< 81, 6, 1, 0, 100, 106, 3, 80 >,
 	< 82, 6, 1, 0, 0, 171, 6, 81 >,
 	< 83, 6, 8, 0, 0, 148, 8, 82 >,
 	// order 7
 	< 84, 7, 3, 92, 38, 192, 1, -1 >,
 	< 85, 7, 5, 62, 0, 193, 9, 84 >,
 	< 86, 7, 6, 84, 0, 197, 0, 85 >,
 	< 87, 7, 2, 0, 79, 132, 7, 86 >,
 	< 88, 7, 2, 45, 0, 100, 2, 87 >,
 	< 89, 7, 5, 84, 57, 139, 4, 88 >,
 	< 90, 7, 4, 0, 71, 148, 5, 89 >,
 	< 91, 7, 9, 34, 0, 169, 3, 90 >,
 	< 92, 7, 7, 31, 0, 147, 6, 91 >,
 	< 93, 7, 3, 32, 68, 185, 8, 92 >,
 	< 94, 7, 4, 0, 0, 200, 1, 93 >,
 	< 95, 7, 7, 38, 0, 167, 9, 94 >,
 	// order 8
 	< 96, 8, 2, 37, 42, 141, 0, -1 >,
 	< 97, 8, 3, 64, 0, 146, 7, 96 >,
 	< 98, 8, 6, 0, 69, 128, 2, 97 >,
 	< 99, 8, 3, 67, 0, 198, 4, 98 >,
 	< 100, 8, 8, 0, 68, 105, 5, 99 >,
 	< 101, 8, 1, 71, 46, 163, 3, 100 >,
 	< 102, 8, 7, 70, 63, 148, 6, 101 >,
 	< 103, 8, 3, 0, 0, 124, 8, 102 >,
 	< 104, 8, 6, 0, 0, 130, 1, 103 >,
 	< 105, 8, 10, 63, 62, 164, 9, 104 >,
 	< 106, 8, 6, 0, 57, 168, 0, 105 >,
 	< 107, 8, 3, 38, 0, 166, 7, 106 >,
 	// order 9
 	< 108, 9, 10, 35, 94, 168, 2, -1 >,
 	< 109, 9, 1, 87, 79, 147, 4, 108 >,
 	< 110, 9, 2, 42, 84, 124, 5, 109 >,
 	< 111, 9, 1, 0, 0, 187, 3, 110 >,
 	< 112, 9, 4, 32, 0, 198, 6, 111 >,
 	< 113, 9, 2, 0, 0, 150, 8, 112 >,
 	< 114, 9, 2, 60, 0, 191, 1, 113 >,
 	< 115, 9, 2, 0, 0, 130, 9, 114 >,
 	< 116, 9, 5, 94, 96, 112, 0, 115 >,
 	< 117, 9, 2, 45, 65, 175, 7, 116 >,
 	< 118, 9, 1, 70, 0, 129, 2, 117 >,
 	< 119, 9, 5, 66, 93, 153, 4, 118 >,
 	// order 10
 	< 120, 10, 7, 0, 87, 168, 5, -1 >,
 	< 121, 10, 5, 0, 66, 185, 3, 120 >,
 	< 122, 10, 8, 0, 0, 197, 6, 121 >,
 	< 123, 10, 7, 95, 0, 100, 8, 122 >,
 	< 124, 10, 10, 0, 82, 108, 1, 123 >,
 	< 125, 10, 8, 38, 79, 146, 9, 124 >,
 	< 126, 10, 9, 70, 0, 129, 0, 125 >,
 	< 127, 10, 6, 0, 0, 144, 7, 126 >,
 	< 128, 10, 5, 43, 93, 128, 2, 127 >,
 	< 129, 10, 9, 0, 0, 166, 4, 128 >,
 	< 130, 10, 9, 46, 95, 120, 5, 129 >,
 	< 131, 10, 10, 0, 0, 103, 3, 130 >,
 	// order 11
 	< 132, 11, 9, 0, 98, 105, 6, -1 >,
 	< 133, 11, 10, 0, 0, 107, 8, 132 >,
 	< 134, 11, 7, 0, 0, 160, 1, 133 >,
 	< 135, 11, 9, 31, 0, 172, 9, 134 >,
 	< 136, 11, 9, 94, 97, 196, 0, 135 >,
 	< 137, 11, 9, 75, 75, 103, 7, 136 >,
 	< 138, 11, 4, 0, 49, 162, 2, 137 >,
 	< 139, 11, 2, 0, 0, 193, 4, 138 >,
 	< 140, 11, 10, 0, 0, 118, 5, 139 >,
 	< 141, 11, 5, 68, 0, 139, 3, 140 >,
 	< 142, 11, 2, 33, 0, 163, 6, 141 >,
 	< 143, 11, 7, 0, 0, 141, 8, 142 >,
 	// order 12
 	< 144, 12, 8, 0, 0, 134, 1, -1 >,
 	< 145, 12, 3, 33, 0, 107, 9, 144 >,
 	< 146, 12, 4, 0, 0, 140, 0, 145 >,
 	< 147, 12, 8, 85, 79, 151, 7, 146 >,
 	< 148, 12, 5, 0, 0, 134, 2, 147 >,
 	< 149, 12, 4, 0, 83, 198, 4, 148 >,
 	< 150, 12, 2, 0, 0, 115, 5, 149 >,
 	< 151, 12, 4, 70, 0, 145, 3, 150 >,
 	< 152, 12, 6, 71, 0, 118, 6, 151 >,
 	< 153, 12, 5, 0, 42, 178, 8, 152 >,
 	< 154, 12, 2, 0, 0, 171, 1, 153 >,
 	< 155, 12, 10, 87, 50, 175, 9, 154 >,
 	// order 13
 	< 156, 13, 2, 0, 34, 106, 0, -1 >,
 	< 157, 13, 2, 41, 0, 184, 7, 156 >,
 	< 158, 13, 7, 0, 53, 133, 2, 157 >,
 	< 159, 13, 9, 49, 0, 196, 4, 158 >,
 	< 160, 13, 2, 0, 0, 195, 5, 159 >,
 	< 161, 13, 7, 83, 47, 154, 3, 160 >,
 	< 162, 13, 6, 49, 0, 128, 6, 161 >,
 	< 163, 13, 5, 0, 35, 105, 8, 162 >,
 	< 164, 13, 8, 86, 0, 108, 1, 163 >,
 	< 165, 13, 10, 0, 0, 137, 9, 164 >,
 	< 166, 13, 2, 68, 53, 155, 0, 165 >,
 	< 167, 13, 9, 0, 62, 122, 7, 166 >,
 	// order 14
 	< 168, 14, 4, 95, 48, 193, 2, -1 >,
 	< 169, 14, 10, 0, 0, 185, 4, 168 >,
 	< 170, 14, 6, 0, 0, 123, 5, 169 >,
 	< 171, 14, 2, 0, 82, 187, 3, 170 >,
 	< 172, 14, 7, 0, 53, 112, 6, 171 >,
 	< 173, 14, 9, 0, 0, 195, 8, 172 >,
 	< 174, 14, 9, 0, 0, 171, 1, 173 >,
 	< 175, 14, 1, 78, 33, 116, 9, 174 >,
 	< 176, 14, 1, 0, 0, 199, 0, 175 >,
 	< 177, 14, 1, 71, 0, 135, 7, 176 >,
 	< 178, 14, 5, 0, 0, 125, 2, 177 >,
 	< 179, 14, 3, 87, 79, 165, 4, 178 >,
 	// order 15
 	< 180, 15, 8, 46, 97, 154, 5, -1 >,
 	< 181, 15, 6, 0, 53, 134, 3, 180 >,
 	< 182, 15, 6, 0, 0, 140, 6, 181 >,
 	< 183, 15, 7, 72, 0, 165, 8, 182 >,
 	< 184, 15, 9, 68, 78, 178, 1, 183 >,
 	< 185, 15, 6, 0, 0, 198, 9, 184 >,
 	< 186, 15, 3, 0, 41, 126, 0, 185 >,
 	< 187, 15, 4, 53, 0, 144, 7, 186 >,
 	< 188, 15, 5, 0, 98, 100, 2, 187 >,
 	< 189, 15, 9, 41, 73, 102, 4, 188 >,
 	< 190, 15, 3, 0, 0, 185, 5, 189 >,
 	< 191, 15, 3, 0, 39, 117, 3, 190 >,
 	// order 16
 	< 192, 16, 1, 0, 0, 187, 6, -1 >,
 	< 193, 16, 1, 0, 42, 191, 8, 192 >,
 	< 194, 16, 1, 56, 0, 104, 1, 193 >,
 	< 195, 16, 2, 86, 78, 180, 9, 194 >,
 	< 196, 16, 10, 0, 0, 156, 0, 195 >,
 	< 197, 16, 10, 0, 96, 132, 7, 196 >,
 	< 198, 16, 1, 0, 0, 119, 2, 197 >,
 	< 199, 16, 10, 0, 0, 193, 4, 198 >,
 	< 200, 16, 9, 83, 0, 165, 5, 199 >,
 	< 201, 16, 3, 85, 80, 121, 3, 200 >,
 	< 202, 16, 9, 0, 0, 165, 6, 201 >,
 	< 203, 16, 9, 0, 0, 169, 8, 202 >,
 	// order 17
 	< 204, 17, 1, 95, 0, 140, 1, -1 >,
 	< 205, 17, 7, 93, 69, 117, 9, 204 >,
 	< 206, 17, 6, 38, 95, 169, 0, 205 >,
 	< 207, 17, 10, 0, 0, 109, 7, 206 >,
 	< 208, 17, 6, 50, 0, 163, 2, 207 >,
 	< 209, 17, 1, 0, 64, 140, 4, 208 >,
 	< 210, 17, 9, 81, 0, 127, 5, 209 >,
 	< 211, 17, 10, 55, 86, 137, 3, 210 >,
 	< 212, 17, 10, 0, 0, 113, 6, 211 >,
 	< 213, 17, 6, 61, 98, 196, 8, 212 >,
 	< 214, 17, 9, 72, 0, 187, 1, 213 >,
 	< 215, 17, 7, 85, 80, 131, 9, 214 >,
 	// order 18
 	< 216, 18, 4, 0, 0, 188, 0, -1 >,
 	< 217, 18, 10, 0, 0, 198, 7, 216 >,
 	< 218, 18, 9, 84, 81, 160, 2, 217 >,
 	< 219, 18, 6, 45, 0, 134, 4, 218 >,
 	< 220, 18, 7, 0, 61, 200, 5, 219 >,
 	< 221, 18, 8, 0, 59, 133, 3, 220 >,
 	< 222, 18, 3, 42, 0, 105, 6, 221 >,
 	< 223, 18, 6, 0, 0, 125, 8, 222 >,
 	< 224, 18, 7, 99, 40, 139, 1, 223 >,
 	< 225, 18, 1, 0, 91, 129, 9, 224 >,
 	< 226, 18, 9, 0, 43, 101, 0, 225 >,
 	< 227, 18, 3, 80, 0, 109, 7, 226 >,
 	// order 19
 	< 228, 19, 8, 0, 0, 164, 2, -1 >,
 	< 229, 19, 7, 72, 0, 167, 4, 228 >,
 	< 230, 19, 1, 77, 56, 163, 5, 229 >,
 	< 231, 19, 8, 57, 0, 190, 3, 230 >,
 	< 232, 19, 4, 0, 38, 152, 6, 231 >,
 	< 233, 19, 8, 99, 0, 179, 8, 232 >,
 	< 234, 19, 7, 0, 40, 191, 1, 233 >,
 	< 235, 19, 3, 94, 58, 150, 9, 234 >,
 	< 236, 19, 10, 0, 85, 113, 0, 235 >,
 	< 237, 19, 5, 0, 51, 177, 7, 236 >,
 	< 238, 19, 5, 60, 66, 166, 2, 237 >,
 	< 239, 19, 10, 0, 39, 162, 4, 238 >,
 	// order 20
 	< 240, 20, 4, 55, 0, 185, 5, -1 >,
 	< 241, 20, 9, 0, 0, 179, 3, 240 >,
 	< 242, 20, 6, 76, 0, 142, 6, 241 >,
 	< 243, 20, 1, 54, 0, 125, 8, 242 >,
 	< 244, 20, 5, 0, 31, 121, 1, 243 >,
 	< 245, 20, 7, 0, 0, 140, 9, 244 >,
 	< 246, 20, 7, 85, 49, 189, 0, 245 >,
 	< 247, 20, 6, 0, 0, 161, 7, 246 >,
 	< 248, 20, 3, 94, 0, 152, 2, 247 >,
 	< 249, 20, 2, 100, 0, 129, 4, 248 >,
 	< 250, 20, 5, 72, 72, 165, 5, 249 >,
 	< 251, 20, 3, 90, 0, 147, 3, 250 >,
 	// order 21
 	< 252, 21, 5, 0, 0, 170, 6, -1 >,
 	< 253, 21, 8, 41, 0, 151, 8, 252 >,
 	< 254, 21, 9, 64, 36, 156, 1, 253 >,
 	< 255, 21, 6, 0, 0, 186, 9, 254 >,
 	< 256, 21, 6, 55, 0, 194, 0, 255 >,
 	< 257, 21, 10, 0, 0, 108, 7, 256 >,
 	< 258, 21, 7, 98, 0, 131, 2, 257 >,
 	< 259, 21, 2, 52, 67, 174, 4, 258 >,
 	< 260, 21, 4, 0, 67, 146, 5, 259 >,
 	< 261, 21, 8, 0, 74, 104, 3, 260 >,
 	< 262, 21, 1, 0, 0, 200, 6, 261 >,
 	< 263, 21, 6, 36, 0, 112, 8, 262 >,
 	// order 22
 	< 264, 22, 8, 0, 35, 177, 1, -1 >,
 	< 265, 22, 9, 46, 0, 160, 9, 264 >,
 	< 266, 22, 3, 0, 75, 151, 0, 265 >,
 	< 267, 22, 5, 0, 0, 183, 7, 266 >,
 	< 268, 22, 7, 0, 68, 142, 2, 267 >,
 	< 269, 22, 1, 75, 64, 175, 4, 268 >,
 	< 270, 22, 4, 36, 84, 135, 5, 269 >,
 	< 271, 22, 7, 0, 78, 158, 3, 270 >,
 	< 272, 22, 6, 0, 0, 137, 6, 271 >,
 	< 273, 22, 9, 0, 0, 187, 8, 272 >,
 	< 274, 22, 5, 0, 48, 155, 1, 273 >,
 	< 275, 22, 10, 0, 53, 104, 9, 274 >,
 	// order 23
 	< 276, 23, 3, 0, 0, 175, 0, -1 >,
 	< 277, 23, 5, 0, 40, 103, 7, 276 >,
 	< 278, 23, 9, 0, 81, 128, 2, 277 >,
 	< 279, 23, 2, 0, 75, 127, 4, 278 >,
 	< 280, 23, 1, 0, 0, 126, 5, 279 >,
 	< 281, 23, 8, 50, 64, 154, 3, 280 >,
 	< 282, 23, 8, 66, 0, 134, 6, 281 >,
 	< 283, 23, 7, 0, 0, 177, 8, 282 >,
 	< 284, 23, 7, 0, 76, 128, 1, 283 >,
 	< 285, 23, 6, 73, 55, 111, 9, 284 >,
 	< 286, 23, 5, 0, 0, 156, 0, 285 >,
 	< 287, 23, 3, 97, 71, 176, 7, 286 >,
 	// order 24
 	< 288, 24, 2, 0, 0, 160, 2, -1 >,
 	< 289, 24, 3, 0, 72, 139, 4, 288 >,
 	< 290, 24, 7, 87, 31, 123, 5, 289 >,
 	< 291, 24, 2, 98, 100, 137, 3, 290 >,
 	< 292, 24, 6, 0, 0, 109, 6, 291 >,
 	< 293, 24, 6, 0, 30, 154, 8, 292 >,
 	< 294, 24, 7, 80, 0, 149, 1, 293 >,
 	< 295, 24, 6, 34, 0, 132, 9, 294 >,
 	< 296, 24, 1, 0, 0, 172, 0, 295 >,
 	< 297, 24, 5, 53, 0, 133, 7, 296 >,
 	< 298, 24, 1, 0, 42, 159, 2, 297 >,
 	< 299, 24, 4, 38, 65, 170, 4, 298 >,
 	// order 25
 	< 300, 25, 10, 72, 99, 110, 5, -1 >,
 	< 301, 25, 2, 67, 54, 152, 3, 300 >,
 	< 302, 25, 10, 0, 56, 124, 6, 301 >,
 	< 303, 25, 7, 62, 0, 185, 8, 302 >,
 	< 304, 25, 7, 51, 56, 112, 1, 303 >,
 	< 305, 25, 7, 60, 0, 155, 9, 304 >,
 	< 306, 25, 4, 0, 0, 141, 0, 305 >,
 	< 307, 25, 5, 54, 58, 189, 7, 306 >,
 	< 308, 25, 7, 80, 0, 175, 2, 307 >,
 	< 309, 25, 7, 0, 0, 147, 4, 308 >,
 	< 310, 25, 8, 0, 0, 106, 5, 309 >,
 	< 311, 25, 1, 68, 0, 174, 3, 310 >,
 	// order 26
 	< 312, 26, 10, 0, 46, 116, 6, -1 >,
 	< 313, 26, 10, 31, 97, 177, 8, 312 >,
 	< 314, 26, 10, 95, 98, 196, 1, 313 >,
 	< 315, 26, 2, 75, 61, 160, 9, 314 >,
 	< 316, 26, 6, 61, 90, 134, 0, 315 >,
 	< 317, 26, 4, 95, 0, 161, 7, 316 >,
 	< 318, 26, 6, 0, 0, 143, 2, 317 >,
 	< 319, 26, 6, 63, 41, 106, 4, 318 >,
 	< 320, 26, 6, 42, 0, 168, 5, 319 >,
 	< 321, 26, 2, 0, 97, 165, 3, 320 >,
 	< 322, 26, 2, 79, 0, 127, 6, 321 >,
 	< 323, 26, 8, 0, 78, 116, 8, 322 >,
 	// order 27
 	< 324, 27, 3, 61, 56, 170, 1, -1 >,
 	< 325, 27, 7, 71, 41, 190, 9, 324 >,
 	< 326, 27, 3, 33, 0, 125, 0, 325 >,
 	< 327, 27, 4, 0, 0, 124, 7, 326 >,
 	< 328, 27, 3, 87, 0, 101, 2, 327 >,
 	< 329, 27, 5, 0, 0, 186, 4, 328 >,
 	< 330, 27, 3, 33, 89, 172, 5, 329 >,
 	< 331, 27, 2, 0, 99, 142, 3, 330 >,
 	< 332, 27, 6, 37, 0, 123, 6, 331 >,
 	< 333, 27, 3, 0, 91, 147, 8, 332 >,
 	< 334, 27, 1, 61, 30, 187, 1, 333 >,
 	< 335, 27, 7, 0, 0, 128, 9, 334 >,
 	// order 28
 	< 336, 28, 5, 0, 69, 143, 0, -1 >,
 	< 337, 28, 9, 0, 53, 129, 7, 336 >,
 	< 338, 28, 1, 44, 78, 129, 2, 337 >,
 	< 339, 28, 9, 0, 0, 177, 4, 338 >,
 	< 340, 28, 3, 0, 0, 139, 5, 339 >,
 	< 341, 28, 3, 0, 35, 183, 3, 340 >,
 	< 342, 28, 9, 0, 56, 169, 6, 341 >,
 	< 343, 28, 1, 0, 0, 154, 8, 342 >,
 	< 344, 28, 1, 0, 62, 164, 1, 343 >,
 	< 345, 28, 6, 0, 0, 134, 9, 344 >,
 	< 346, 28, 7, 0, 100, 130, 0, 345 >,
 	< 347, 28, 3, 31, 0, 108, 7, 346 >,
 	// order 29
 	< 348, 29, 4, 0, 0, 124, 2, -1 >,
 	< 349, 29, 3, 63, 48, 126, 4, 348 >,
 	< 350, 29, 6, 64, 0, 133, 5, 349 >,
 	< 351, 29, 3, 86, 77, 172, 3, 350 >,
 	< 352, 29, 10, 89, 89, 110, 6, 351 >,
 	< 353, 29, 9, 0, 85, 167, 8, 352 >,
 	< 354, 29, 10, 0, 44, 181, 1, 353 >,
 	< 355, 29, 2, 70, 0, 175, 9, 354 >,
 	< 356, 29, 2, 0, 87, 176, 0, 355 >,
 	< 357, 29, 7, 31, 0, 180, 7, 356 >,
 	< 358, 29, 3, 0, 0, 138, 2, 357 >,
 	< 359, 29, 6, 0, 0, 138, 4, 358 >,
 	// order 30
 	< 360, 30, 8, 76, 64, 185, 5, -1 >,
 	< 361, 30, 9, 0, 0, 112, 3, 360 >,
 	< 362, 30, 5, 33, 0, 151, 6, 361 >,
 	< 363, 30, 10, 76, 0, 118, 8, 362 >,
 	< 364, 30, 1, 0, 0, 114, 1, 363 >,
 	< 365, 30, 3, 61, 0, 174, 9, 364 >,
 	< 366, 30, 5, 58, 56, 180, 0, 365 >,
 	< 367, 30, 6, 0, 0, 167, 7, 366 >,
 	< 368, 30, 10, 56, 0, 152, 2, 367 >,
 	< 369, 30, 6, 83, 95, 140, 4, 368 >,
 	< 370, 30, 7, 58, 0, 129, 5, 369 >,
 	< 371, 30, 4, 0, 63, 150, 3, 370 >,
 	// order 31
 	< 372, 31, 5, 0, 82, 145, 6, -1 >,
 	< 373, 31, 1, 77, 0, 196, 8, 372 >,
 	< 374, 31, 9, 0, 31, 127, 1, 373 >,
 	< 375, 31, 8, 0, 71, 164, 9, 374 >,
 	< 376, 31, 3, 0, 53, 188, 0, 375 >,
 	< 377, 31, 9, 88, 0, 148, 7, 376 >,
 	< 378, 31, 2, 100, 0, 159, 2, 377 >,
 	< 379, 31, 5, 77, 0, 149, 4, 378 >,
 	< 380, 31, 8, 0, 98, 153, 5, 379 >,
 	< 381, 31, 4, 57, 71, 126, 3, 380 >,
 	< 382, 31, 8, 89, 0, 195, 6, 381 >,
 	< 383, 31, 9, 0, 76, 106, 8, 382 >,
 	// order 32
 	< 384, 32, 1, 97, 50, 131, 1, -1 >,
 	< 385, 32, 9, 0, 99, 138, 9, 384 >,
 	< 386, 32, 7, 0, 40, 190, 0, 385 >,
 	< 387, 32, 6, 70, 73, 102, 7, 386 >,
 	< 388, 32, 5, 0, 0, 166, 2, 387 >,
 	< 389, 32, 2, 75, 59, 182, 4, 388 >,
 	< 390, 32, 5, 0, 65, 160, 5, 389 >,
 	< 391, 32, 2, 0, 34, 196, 3, 390 >,
 	< 392, 32, 1, 92, 0, 183, 6, 391 >,
 	< 393, 32, 10, 0, 0, 125, 8, 392 >,
 	< 394, 32, 6, 0, 62, 200, 1, 393 >,
 	< 395, 32, 1, 55, 40, 194, 9, 394 >,
 	// order 33
 	< 396, 33, 8, 0, 69, 119, 0, -1 >,
 	< 397, 33, 7, 0, 50, 144, 7, 396 >,
 	< 398, 33, 6, 90, 30, 189, 2, 397 >,
 	< 399, 33, 4, 0, 46, 175, 4, 398 >,
 	< 400, 33, 6, 0, 67, 169, 5, 399 >,
 	< 401, 33, 10, 58, 86, 161, 3, 400 >,
 	< 402, 33, 9, 0, 0, 190, 6, 401 >,
 	< 403, 33, 1, 0, 41, 177, 8, 402 >,
 	< 404, 33, 5, 87, 80, 189, 1, 403 >,
 	< 405, 33, 8, 44, 0, 100, 9, 404 >,
 	< 406, 33, 8, 43, 0, 175, 0, 405 >,
 	< 407, 33, 7, 0, 78, 144, 7, 406 >,
 	// order 34
 	< 408, 34, 3, 0, 98, 173, 2, -1 >,
 	< 409, 34, 8, 0, 0, 187, 4, 408 >,
 	< 410, 34, 1, 0, 62, 126, 5, 409 >,
 	< 411, 34, 9, 99, 86, 118, 3, 410 >,
 	< 412, 34, 8, 0, 0, 181, 6, 411 >,
 	< 413, 34, 9, 96, 40, 136, 8, 412 >,
 	< 414, 34, 3, 0, 0, 133, 1, 413 >,
 	< 415, 34, 3, 0, 0, 196, 9, 414 >,
 	< 416, 34, 10, 0, 0, 189, 0, 415 >,
 	< 417, 34, 4, 0, 39, 146, 7, 416 >,
 	< 418, 34, 10, 0, 0, 169, 2, 417 >,
 	< 419, 34, 3, 65, 34, 194, 4, 418 >,
 	// order 35
 	< 420, 35, 9, 0, 86, 154, 5, -1 >,
 	< 421, 35, 10, 82, 0, 119, 3, 420 >,
 	< 422, 35, 2, 0, 0, 139, 6, 421 >,
 	< 423, 35, 1, 75, 90, 185, 8, 422 >,
 	< 424, 35, 2, 0, 63, 100, 1, 423 >,
 	< 425, 35, 6, 78, 0, 170, 9, 424 >,
 	< 426, 35, 10, 42, 0, 134, 0, 425 >,
 	< 427, 35, 8, 0, 0, 176, 7, 426 >,
 	< 428, 35, 10, 74, 0, 195, 2, 427 >,
 	< 429, 35, 4, 94, 76, 136, 4, 428 >,
 	< 430, 35, 1, 89, 0, 182, 5, 429 >,
 	< 431, 35, 6, 0, 0, 179, 3, 430 >,
 	// order 36
 	< 432, 36, 10, 88, 55, 121, 6, -1 >,
 	< 433, 36, 5, 35, 0, 123, 8, 432 >,
 	< 434, 36, 7, 0, 0, 193, 1, 433 >,
 	< 435, 36, 1, 0, 81, 114, 9, 434 >,
 	< 436, 36, 2, 43, 0, 172, 0, 435 >,
 	< 437, 36, 7, 0, 97, 159, 7, 436 >,
 	< 438, 36, 8, 0, 71, 179, 2, 437 >,
 	< 439, 36, 10, 0, 39, 173, 4, 438 >,
 	< 440, 36, 9, 0, 82, 142, 5, 439 >,
 	< 441, 36, 7, 64, 45, 132, 3, 440 >,
 	< 442, 36, 9, 43, 50, 178, 6, 441 >,
 	< 443, 36, 9, 81, 79, 191, 8, 442 >,
 	// order 37
 	< 444, 37, 5, 0, 87, 167, 1, -1 >,
 	< 445, 37, 4, 100, 75, 200, 9, 444 >,
 	< 446, 37, 4, 0, 62, 159, 0, 445 >,
 	< 447, 37, 1, 91, 82, 127, 7, 446 >,
 	< 448, 37, 10, 77, 65, 118, 2, 447 >,
 	< 449, 37, 3, 0, 0, 187, 4, 448 >,
 	< 450, 37, 2, 0, 0, 146, 5, 449 >,
 	< 451, 37, 5, 39, 0, 195, 3, 450 >,
 	< 452, 37, 3, 42, 91, 161, 6, 451 >,
 	< 453, 37, 5, 0, 0, 191, 8, 452 >,
 	< 454, 37, 9, 87, 0, 122, 1, 453 >,
 	< 455, 37, 4, 0, 0, 176, 9, 454 >,
 	// order 38
 	< 456, 38, 9, 85, 46, 113, 0, -1 >,
 	< 457, 38, 2, 66, 0, 110, 7, 456 >,
 	< 458, 38, 2, 81, 66, 149, 2, 457 >,
 	< 459, 38, 8, 86, 0, 104, 4, 458 >,
 	< 460, 38, 9, 38, 92, 133, 5, 459 >,
 	< 461, 38, 10, 0, 0, 109, 3, 460 >,
 	< 462, 38, 8, 0, 0, 115, 6, 461 >,
 	< 463, 38, 5, 0, 74, 170, 8, 462 >,
 	< 464, 38, 7, 52, 0, 175, 1, 463 >,
 	< 465, 38, 2, 0, 75, 173, 9, 464 >,
 	< 466, 38, 6, 54, 0, 180, 0, 465 >,
 	< 467, 38, 10, 58, 47, 184, 7, 466 >,
 	// order 39
 	< 468, 39, 10, 0, 30, 143, 2, -1 >,
 	< 469, 39, 4, 0, 34, 122, 4, 468 >,
 	< 470, 39, 9, 0, 0, 163, 5, 469 >,
 	< 471, 39, 2, 92, 0, 133, 3, 470 >,
 	< 472, 39, 7, 0, 0, 138, 6, 471 >,
 	< 473, 39, 7, 0, 0, 194, 8, 472 >,
 	< 474, 39, 6, 0, 91, 124, 1, 473 >,
 	< 475, 39, 4, 81, 61, 111, 9, 474 >,
 	< 476, 39, 4, 89, 0, 159, 0, 475 >,
 	< 477, 39, 6, 64, 0, 182, 7, 476 >,
 	< 478, 39, 7, 0, 31, 137, 2, 477 >,
 	< 479, 39, 7, 0, 31, 126, 4, 478 >,
 	// order 40
 	< 480, 40, 6, 0, 0, 193, 5, -1 >,
 	< 481, 40, 6, 0, 0, 161, 3, 480 >,
 	< 482, 40, 8, 0, 71, 110, 6, 481 >,
 	< 483, 40, 8, 0, 0, 179, 8, 482 >,
 	< 484, 40, 5, 92, 99, 112, 1, 483 >,
 	< 485, 40, 2, 91, 89, 188, 9, 484 >,
 	< 486, 40, 8, 0, 0, 151, 0, 485 >,
 	< 487, 40, 2, 48, 0, 191, 7, 486 >,
 	< 488, 40, 6, 0, 0, 108, 2, 487 >,
 	< 489, 40, 8, 0, 37, 125, 4, 488 >,
 	< 490, 40, 2, 93, 97, 188, 5, 489 >,
 	< 491, 40, 2, 0, 96, 127, 3, 490 >,
 	// order 41
 	< 492, 41, 2, 73, 81, 101, 6, -1 >,
 	< 493, 41, 8, 35, 44, 179, 8, 492 >,
 	< 494, 41, 10, 93, 81, 185, 1, 493 >,
 	< 495, 41, 3, 0, 0, 171, 9, 494 >,
 	< 496, 41, 7, 91, 93, 155, 0, 495 >,
 	< 497, 41, 3, 0, 31, 132, 7, 496 >,
 	< 498, 41, 3, 89, 74, 135, 2, 497 >,
 	< 499, 41, 8, 0, 0, 102, 4, 498 >,
 	< 500, 41, 4, 43, 98, 106, 5, 499 >,
 	< 501, 41, 4, 0, 0, 130, 3, 500 >,
 	< 502, 41, 9, 0, 0, 106, 6, 501 >,
 	< 503, 41, 10, 83, 0, 119, 8, 502 >,
 	// order 42
 	< 504, 42, 6, 35, 0, 147, 1, -1 >,
 	< 505, 42, 8, 0, 0, 197, 9, 504 >,
 	< 506, 42, 1, 0, 88, 109, 0, 505 >,
 	< 507, 42, 7, 0, 78, 106, 7, 506 >,
 	< 508, 42, 10, 0, 96, 134, 2, 507 >,
 	< 509, 42, 8, 0, 0, 138, 4, 508 >,
 	< 510, 42, 8, 99, 72, 108, 5, 509 >,
 	< 511, 42, 6, 0, 0, 174, 3, 510 >,
 	< 512, 42, 8, 0, 30, 137, 6, 511 >,
 	< 513, 42, 4, 0, 30, 198, 8, 512 >,
 	< 514, 42, 8, 45, 78, 118, 1, 513 >,
 	< 515, 42, 8, 85, 62, 198, 9, 514 >,
 	// order 43
 	< 516, 43, 7, 49, 0, 112, 0, -1 >,
 	< 517, 43, 9, 82, 56, 103, 7, 516 >,
 	< 518, 43, 10, 96, 0, 148, 2, 517 >,
 	< 519, 43, 6, 54, 63, 116, 4, 518 >,
 	< 520, 43, 7, 0, 0, 200, 5, 519 >,
 	< 521, 43, 10, 0, 0, 186, 3, 520 >,
 	< 522, 43, 6, 49, 64, 115, 6, 521 >,
 	< 523, 43, 8, 0, 0, 110, 8, 522 >,
 	< 524, 43, 9, 0, 0, 134, 1, 523 >,
 	< 525, 43, 8, 0, 0, 175, 9, 524 >,
 	< 526, 43, 2, 0, 0, 118, 0, 525 >,
 	< 527, 43, 4, 65, 0, 105, 7, 526 >,
 	// order 44
 	< 528, 44, 3, 38, 66, 136, 2, -1 >,
 	< 529, 44, 8, 67, 46, 146, 4, 528 >,
 	< 530, 44, 10, 64, 0, 123, 5, 529 >,
 	< 531, 44, 2, 0, 52, 126, 3, 530 >,
 	< 532, 44, 2, 41, 0, 115, 6, 531 >,
 	< 533, 44, 7, 0, 0, 176, 8, 532 >,
 	< 534, 44, 3, 0, 0, 147, 1, 533 >,
 	< 535, 44, 2, 0, 0, 133, 9, 534 >,
 	< 536, 44, 10, 64, 0, 149, 0, 535 >,
 	< 537, 44, 8, 0, 0, 149, 7, 536 >,
 	< 538, 44, 7, 41, 0, 129, 2, 537 >,
 	< 539, 44, 8, 30, 40, 184, 4, 538 >,
 	// order 45
 	< 540, 45, 2, 0, 0, 153, 5, -1 >,
 	< 541, 45, 5, 100, 0, 182, 3, 540 >,
 	< 542, 45, 3, 0, 0, 112, 6, 541 >,
 	< 543, 45, 8, 0, 0, 184, 8, 542 >,
 	< 544, 45, 1, 44, 38, 166, 1, 543 >,
 	< 545, 45, 1, 97, 0, 194, 9, 544 >,
 	< 546, 45, 3, 0, 0, 138, 0, 545 >,
 	< 547, 45, 10, 0, 0, 171, 7, 546 >,
 	< 548, 45, 8, 87, 86, 183, 2, 547 >,
 	< 549, 45, 4, 0, 0, 145, 4, 548 >,
 	< 550, 45, 1, 30, 93, 197, 5, 549 >,
 	< 551, 45, 1, 98, 0, 155, 3, 550 >,
 	// order 46
 	< 552, 46, 10, 62, 34, 120, 6, -1 >,
 	< 553, 46, 5, 100, 0, 185, 8, 552 >,
 	< 554, 46, 7, 51, 46, 116, 1, 553 >,
 	< 555, 46, 5, 0, 60, 174, 9, 554 >,
 	< 556, 46, 2, 82, 67, 148, 0, 555 >,
 	< 557, 46, 5, 0, 52, 105, 7, 556 >,
 	< 558, 46, 2, 100, 0, 193, 2, 557 >,
 	< 559, 46, 8, 94, 0, 129, 4, 558 >,
 	< 560, 46, 1, 0, 60, 143, 5, 559 >,
 	< 561, 46, 1, 90, 95, 131, 3, 560 >,
 	< 562, 46, 2, 0, 68, 187, 6, 561 >,
 	< 563, 46, 2, 99, 0, 164, 8, 562 >,
 	// order 47
 	< 564, 47, 4, 71, 0, 158, 1, -1 >,
 	< 565, 47, 9, 46, 59, 185, 9, 564 >,
 	< 566, 47, 1, 0, 0, 172, 0, 565 >,
 	< 567, 47, 8, 36, 0, 176, 7, 566 >,
 	< 568, 47, 5, 0, 0, 175, 2, 567 >,
 	< 569, 47, 1, 0, 0, 182, 4, 568 >,
 	< 570, 47, 1, 97, 37, 165, 5, 569 >,
 	< 571, 47, 7, 57, 0, 186, 3, 570 >,
 	< 572, 47, 2, 74, 66, 147, 6, 571 >,
 	< 573, 47, 2, 87, 37, 163, 8, 572 >,
 	< 574, 47, 6, 69, 0, 194, 1, 573 >,
 	< 575, 47, 2, 58, 0, 177, 9, 574 >,
 	// order 48
 	< 576, 48, 1, 0, 0, 146, 0, -1 >,
 	< 577, 48, 10, 86, 0, 104, 7, 576 >,
 	< 578, 48, 4, 0, 0, 136, 2, 577 >,
 	< 579, 48, 10, 73, 49, 192, 4, 578 >,
 	< 580, 48, 7, 0, 97, 198, 5, 579 >,
 	< 581, 48, 4, 0, 65, 173, 3, 580 >,
 	< 582, 48, 6, 72, 54, 180, 6, 581 >,
 	< 583, 48, 5, 33, 44, 102, 8, 582 >,
 	< 584, 48, 5, 81, 0, 134, 1, 583 >,
 	< 585, 48, 2, 48, 0, 125, 9, 584 >,
 	< 586, 48, 6, 0, 0, 144, 0, 585 >,
 	< 587, 48, 1, 0, 0, 109, 7, 586 >,
 	// order 49
 	< 588, 49, 5, 0, 0, 167, 2, -1 >,
 	< 589, 49, 6, 93, 0, 102, 4, 588 >,
 	< 590, 49, 2, 0, 88, 171, 5, 589 >,
 	< 591, 49, 8, 95, 0, 122, 3, 590 >,
 	< 592, 49, 9, 0, 0, 191, 6, 591 >,
 	< 593, 49, 3, 0, 0, 196, 8, 592 >,
 	< 594, 49, 2, 0, 80, 121, 1, 593 >,
 	< 595, 49, 7, 36, 82, 174, 9, 594 >,
 	< 596, 49, 3, 46, 38, 154, 0, 595 >,
 	< 597, 49, 9, 0, 0, 188, 7, 596 >,
 	< 598, 49, 8, 67, 30, 126, 2, 597 >,
 	< 599, 49, 1, 0, 0, 104, 4, 598 >,
 	// order 50
 	< 600, 50, 3, 0, 84, 119, 5, -1 >,
 	< 601, 50, 2, 0, 0, 117, 3, 600 >,
 	< 602, 50, 9, 90, 43, 195, 6, 601 >,
 	< 603, 50, 4, 42, 0, 137, 8, 602 >,
 	< 604, 50, 5, 90, 0, 135, 1, 603 >,
 	< 605, 50, 5, 0, 44, 140, 9, 604 >,
 	< 606, 50, 9, 59, 63, 102, 0, 605 >,
 	< 607, 50, 10, 0, 100, 114, 7, 606 >,
 	< 608, 50, 7, 0, 48, 193, 2, 607 >,
 	< 609, 50, 10, 0, 77, 166, 4, 608 >,
 	< 610, 50, 9, 0, 0, 164, 5, 609 >,
 	< 611, 50, 4, 0, 60, 170, 3, 610 >,
 	// order 51
 	< 612, 51, 8, 31, 99, 170, 6, -1 >,
 	< 613, 51, 5, 0, 95, 134, 8, 612 >,
 	< 614, 51, 2, 42, 0, 180, 1, 613 >,
 	< 615, 51, 7, 0, 59, 159, 9, 614 >,
 	< 616, 51, 1, 67, 30, 191, 0, 615 >,
 	< 617, 51, 4, 0, 0, 165, 7, 616 >,
 	< 618, 51, 2, 0, 47, 159, 2, 617 >,
 	< 619, 51, 6, 70, 65, 169, 4, 618 >,
 	< 620, 51, 7, 0, 0, 153, 5, 619 >,
 	< 621, 51, 4, 90, 79, 108, 3, 620 >,
 	< 622, 51, 10, 0, 0, 171, 6, 621 >,
 	< 623, 51, 7, 0, 0, 198, 8, 622 >,
 	// order 52
 	< 624, 52, 8, 0, 0, 159, 1, -1 >,
 	< 625, 52, 3, 0, 0, 157, 9, 624 >,
 	< 626, 52, 10, 43, 0, 173, 0, 625 >,
 	< 627, 52, 3, 94, 0, 192, 7, 626 >,
 	< 628, 52, 2, 0, 34, 150, 2, 627 >,
 	< 629, 52, 3, 0, 45, 104, 4, 628 >,
 	< 630, 52, 9, 98, 0, 149, 5, 629 >,
 	< 631, 52, 6, 59, 31, 173, 3, 630 >,
 	< 632, 52, 2, 0, 94, 121, 6, 631 >,
 	< 633, 52, 7, 55, 36, 120, 8, 632 >,
 	< 634, 52, 3, 50, 53, 173, 1, 633 >,
 	< 635, 52, 6, 41, 95, 105, 9, 634 >,
 	// order 53
 	< 636, 53, 8, 0, 35, 161, 0, -1 >,
 	< 637, 53, 2, 0, 57, 140, 7, 636 >,
 	< 638, 53, 2, 0, 90, 115, 2, 637 >,
 	< 639, 53, 3, 89, 0, 150, 4, 638 >,
 	< 640, 53, 10, 49, 0, 183, 5, 639 >,
 	< 641, 53, 7, 0, 0, 183, 3, 640 >,
 	< 642, 53, 6, 30, 0, 138, 6, 641 >,
 	< 643, 53, 1, 68, 99, 122, 8, 642 >,
 	< 644, 53, 3, 88, 66, 128, 1, 643 >,
 	< 645, 53, 1, 0, 51, 141, 9, 644 >,
 	< 646, 53, 4, 60, 0, 107, 0, 645 >,
 	< 647, 53, 2, 0, 0, 194, 7, 646 >,
 	// order 54
 	< 648, 54, 9, 0, 87, 154, 2, -1 >,
 	< 649, 54, 2, 58, 73, 175, 4, 648 >,
 	< 650, 54, 10, 99, 0, 137, 5, 649 >,
 	< 651, 54, 9, 0, 68, 165, 3, 650 >,
 	< 652, 54, 8, 0, 41, 154, 6, 651 >,
 	< 653, 54, 6, 50, 60, 112, 8, 652 >,
 	< 654, 54, 4, 0, 0, 179, 1, 653 >,
 	< 655, 54, 10, 0, 0, 133, 9, 654 >,
 	< 656, 54, 6, 80, 69, 142, 0, 655 >,
 	< 657, 54, 5, 41, 47, 171, 7, 656 >,
 	< 658, 54, 7, 50, 0, 199, 2, 657 >,
 	< 659, 54, 2, 30, 94, 110, 4, 658 >,
 	// order 55
 	< 660, 55, 8, 0, 77, 180, 5, -1 >,
 	< 661, 55, 7, 0, 0, 183, 3, 660 >,
 	< 662, 55, 1, 0, 0, 100, 6, 661 >,
 	< 663, 55, 1, 0, 81, 105, 8, 662 >,
 	< 664, 55, 10, 69, 81, 145, 1, 663 >,
 	< 665, 55, 6, 48, 84, 134, 9, 664 >,
 	< 666, 55, 4, 74, 95, 178, 0, 665 >,
 	< 667, 55, 10, 78, 78, 127, 7, 666 >,
 	< 668, 55, 5, 48, 50, 103, 2, 667 >,
 	< 669, 55, 5, 0, 97, 169, 4, 668 >,
 	< 670, 55, 3, 32, 0, 117, 5, 669 >,
 	< 671, 55, 1, 0, 0, 167, 3, 670 >,
 	// order 56
 	< 672, 56, 7, 0, 83, 138, 6, -1 >,
 	< 673, 56, 5, 0, 32, 198, 8, 672 >,
 	< 674, 56, 4, 0, 50, 132, 1, 673 >,
 	< 675, 56, 1, 0, 63, 122, 9, 674 >,
 	< 676, 56, 4, 59, 0, 196, 0, 675 >,
 	< 677, 56, 4, 92, 0, 176, 7, 676 >,
 	< 678, 56, 7, 68, 0, 160, 2, 677 >,
 	< 679, 56, 10, 65, 0, 182, 4, 678 >,
 	< 680, 56, 10, 39, 70, 161, 5, 679 >,
 	< 681, 56, 3, 0, 56, 199, 3, 680 >,
 	< 682, 56, 2, 39, 0, 107, 6, 681 >,
 	< 683, 56, 1, 0, 100, 148, 8, 682 >,
 	// order 57
 	< 684, 57, 3, 0, 0, 129, 1, -1 >,
 	< 685, 57, 8, 99, 56, 120, 9, 684 >,
 	< 686, 57, 7, 76, 0, 156, 0, 685 >,
 	< 687, 57, 5, 0, 55, 114, 7, 686 >,
 	< 688, 57, 8, 0, 85, 151, 2, 687 >,
 	< 689, 57, 1, 0, 66, 188, 4, 688 >,
 	< 690, 57, 6, 54, 0, 165, 5, 689 >,
 	< 691, 57, 4, 76, 33, 127, 3, 690 >,
 	< 692, 57, 6, 0, 0, 130, 6, 691 >,
 	< 693, 57, 7, 87, 72, 160, 8, 692 >,
 	< 694, 57, 6, 0, 83, 108, 1, 693 >,
 	< 695, 57, 5, 85, 40, 130, 9, 694 >,
 	// order 58
 	< 696, 58, 2, 80, 45, 132, 0, -1 >,
 	< 697, 58, 7, 0, 87, 195, 7, 696 >,
 	< 698, 58, 3, 41, 84, 147, 2, 697 >,
 	< 699, 58, 9, 0, 92, 192, 4, 698 >,
 	< 700, 58, 3, 48, 71, 156, 5, 699 >,
 	< 701, 58, 10, 0, 44, 191, 3, 700 >,
 	< 702, 58, 10, 0, 63, 132, 6, 701 >,
 	< 703, 58, 4, 39, 99, 180, 8, 702 >,
 	< 704, 58, 7, 0, 71, 126, 1, 703 >,
 	< 705, 58, 7, 0, 62, 155, 9, 704 >,
 	< 706, 58, 5, 0, 0, 180, 0, 705 >,
 	< 707, 58, 8, 81, 0, 128, 7, 706 >,
 	// order 59
 	< 708, 59, 3, 83, 0, 192, 2, -1 >,
 	< 709, 59, 8, 51, 0, 150, 4, 708 >,
 	< 710, 59, 7, 0, 0, 195, 5, 709 >,
 	< 711, 59, 5, 0, 0, 154, 3, 710 >,
 	< 712, 59, 1, 0, 0, 131, 6, 711 >,
 	< 713, 59, 10, 55, 39, 161, 8, 712 >,
 	< 714, 59, 7, 77, 31, 131, 1, 713 >,
 	< 715, 59, 7, 93, 33, 182, 9, 714 >,
 	< 716, 59, 3, 0, 57, 184, 0, 715 >,
 	< 717, 59, 1, 0, 0, 175, 7, 716 >,
 	< 718, 59, 6, 42, 88, 106, 2, 717 >,
 	< 719, 59, 10, 100, 0, 136, 4, 718 >,
 	// order 60
 	< 720, 60, 7, 0, 69, 183, 5, -1 >,
 	< 721, 60, 8, 0, 48, 161, 3, 720 >,
 	< 722, 60, 4, 0, 0, 118, 6, 721 >,
 	< 723, 60, 1, 60, 95, 126, 8, 722 >,
 	< 724, 60, 5, 90, 0, 198, 1, 723 >,
 	< 725, 60, 5, 0, 0, 124, 9, 724 >,
 	< 726, 60, 8, 93, 78, 119, 0, 725 >,
 	< 727, 60, 10, 52, 33, 166, 7, 726 >,
 	< 728, 60, 2, 0, 0, 113, 2, 727 >,
 	< 729, 60, 3, 68, 47, 153, 4, 728 >,
 	< 730, 60, 4, 0, 97, 180, 5, 729 >,
 	< 731, 60, 6, 0, 54, 167, 3, 730 >,
 	// order 61
 	< 732, 61, 3, 67, 65, 161, 6, -1 >,
 	< 733, 61, 9, 38, 0, 111, 8, 732 >,
 	< 734, 61, 1, 73, 0, 177, 1, 733 >,
 	< 735, 61, 8, 0, 86, 158, 9, 734 >,
 	< 736, 61, 4, 0, 0, 158, 0, 735 >,
 	< 737, 61, 9, 82, 0, 138, 7, 736 >,
 	< 738, 61, 3, 45, 0, 141, 2, 737 >,
 	< 739, 61, 5, 63, 77, 189, 4, 738 >,
 	< 740, 61, 6, 43, 0, 131, 5, 739 >,
 	< 741, 61, 3, 0, 32, 182, 3, 740 >,
 	< 742, 61, 5, 68, 0, 185, 6, 741 >,
 	< 743, 61, 8, 0, 0, 169, 8, 742 >,
 	// order 62
 	< 744, 62, 7, 0, 82, 177, 1, -1 >,
 	< 745, 62, 4, 63, 0, 183, 9, 744 >,
 	< 746, 62, 3, 0, 0, 101, 0, 745 >,
 	< 747, 62, 10, 0, 88, 177, 7, 746 >,
 	< 748, 62, 3, 87, 0, 136, 2, 747 >,
 	< 749, 62, 6, 89, 51, 157, 4, 748 >,
 	< 750, 62, 8, 0, 0, 194, 5, 749 >,
 	< 751, 62, 1, 96, 59, 103, 3, 750 >,
 	< 752, 62, 5, 98, 85, 157, 6, 751 >,
 	< 753, 62, 1, 74, 0, 113, 8, 752 >,
 	< 754, 62, 10, 88, 0, 184, 1, 753 >,
 	< 755, 62, 1, 0, 0, 192, 9, 754 >,
 	// order 63
 	< 756, 63, 6, 0, 0, 162, 0, -1 >,
 	< 757, 63, 2, 0, 62, 199, 7, 756 >,
 	< 758, 63, 1, 0, 58, 174, 2, 757 >,
 	< 759, 63, 8, 89, 0, 158, 4, 758 >,
 	< 760, 63, 10, 97, 0, 124, 5, 759 >,
 	< 761, 63, 5, 72, 89, 119, 3, 760 >,
 	< 762, 63, 9, 85, 0, 148, 6, 761 >,
 	< 763, 63, 4, 54, 80, 169, 8, 762 >,
 	< 764, 63, 6, 67, 57, 150, 1, 763 >,
 	< 765, 63, 9, 0, 0, 200, 9, 764 >,
 	< 766, 63, 9, 42, 0, 160, 0, 765 >,
 	< 767, 63, 1, 43, 0, 147, 7, 766 >,
 	// order 64
 	< 768, 64, 4, 86, 0, 139, 2, -1 >,
 	< 769, 64, 10, 48, 0, 126, 4, 768 >,
 	< 770, 64, 5, 0, 51, 122, 5, 769 >,
 	< 771, 64, 1, 50, 0, 131, 3, 770 >,
 	< 772, 64, 8, 0, 43, 100, 6, 771 >,
 	< 773, 64, 1, 57, 52, 165, 8, 772 >,
 	< 774, 64, 2, 0, 0, 136, 1, 773 >,
 	< 775, 64, 10, 0, 0, 157, 9, 774 >,
 	< 776, 64, 5, 71, 100, 151, 0, 775 >,
 	< 777, 64, 4, 91, 67, 152, 7, 776 >,
 	< 778, 64, 7, 0, 0, 171, 2, 777 >,
 	< 779, 64, 9, 0, 50, 135, 4, 778 >,
 	// order 65
 	< 780, 65, 4, 55, 0, 161, 5, -1 >,
 	< 781, 65, 4, 0, 97, 126, 3, 780 >,
 	< 782, 65, 10, 0, 74, 172, 6, 781 >,
 	< 783, 65, 2, 70, 76, 125, 8, 782 >,
 	< 784, 65, 8, 55, 30, 102, 1, 783 >,
 	< 785, 65, 5, 67, 64, 196, 9, 784 >,
 	< 786, 65, 3, 0, 0, 121, 0, 785 >,
 	< 787, 65, 6, 0, 0, 132, 7, 786 >,
 	< 788, 65, 2, 73, 45, 193, 2, 787 >,
 	< 789, 65, 5, 0, 100, 148, 4, 788 >,
 	< 790, 65, 10, 36, 31, 101, 5, 789 >,
 	< 791, 65, 3, 51, 38, 142, 3, 790 >,
 	// order 66
 	< 792, 66, 4, 0, 0, 150, 6, -1 >,
 	< 793, 66, 6, 98, 0, 119, 8, 792 >,
 	< 794, 66, 6, 0, 0, 183, 1, 793 >,
 	< 795, 66, 9, 70, 0, 153, 9, 794 >,
 	< 796, 66, 2, 68, 0, 155, 0, 795 >,
 	< 797, 66, 4, 0, 0, 105, 7, 796 >,
 	< 798, 66, 3, 0, 91, 171, 2, 797 >,
 	< 799, 66, 1, 48, 0, 188, 4, 798 >,
 	< 800, 66, 5, 76, 79, 129, 5, 799 >,
 	< 801, 66, 5, 0, 85, 113, 3, 800 >,
 	< 802, 66, 3, 66, 64, 112, 6, 801 >,
 	< 803, 66, 9, 96, 0, 138, 8, 802 >,
 	// order 67
 	< 804, 67, 2, 83, 0, 141, 1, -1 >,
 	< 805, 67, 7, 35, 0, 163, 9, 804 >,
 	< 806, 67, 8, 76, 64, 142, 0, 805 >,
 	< 807, 67, 9, 0, 0, 102, 7, 806 >,
 	< 808, 67, 2, 95, 68, 126, 2, 807 >,
 	< 809, 67, 1, 0, 74, 131, 4, 808 >,
 	< 810, 67, 2, 33, 34, 182, 5, 809 >,
 	< 811, 67, 7, 84, 94, 145, 3, 810 >,
 	< 812, 67, 6, 32, 42, 100, 6, 811 >,
 	< 813, 67, 7, 0, 86, 199, 8, 812 >,
 	< 814, 67, 3, 0, 84, 149, 1, 813 >,
 	< 815, 67, 2, 58, 0, 170, 9, 814 >,
 	// order 68
 	< 816, 68, 4, 88, 84, 141, 0, -1 >,
 	< 817, 68, 7, 0, 0, 136, 7, 816 >,
 	< 818, 68, 4, 0, 0, 142, 2, 817 >,
 	< 819, 68, 5, 58, 45, 121, 4, 818 >,
 	< 820, 68, 6, 54, 86, 141, 5, 819 >,
 	< 821, 68, 5, 0, 0, 174, 3, 820 >,
 	< 822, 68, 3, 0, 83, 119, 6, 821 >,
 	< 823, 68, 10, 0, 0, 141, 8, 822 >,
 	< 824, 68, 6, 0, 69, 144, 1, 823 >,
 	< 825, 68, 7, 0, 0, 123, 9, 824 >,
 	< 826, 68, 3, 82, 42, 195, 0, 825 >,
 	< 827, 68, 1, 46, 87, 135, 7, 826 >,
 	// order 69
 	< 828, 69, 1, 100, 39, 107, 2, -1 >,
 	< 829, 69, 5, 0, 0, 155, 4, 828 >,
 	< 830, 69, 4, 0, 0, 164, 5, 829 >,
 	< 831, 69, 2, 97, 47, 178, 3, 830 >,
 	< 832, 69, 3, 0, 44, 200, 6, 831 >,
 	< 833, 69, 6, 0, 77, 139, 8, 832 >,
 	< 834, 69, 7, 0, 0, 106, 1, 833 >,
 	< 835, 69, 6, 92, 0, 129, 9, 834 >,
 	< 836, 69, 6, 80, 0, 175, 0, 835 >,
 	< 837, 69, 7, 39, 88, 135, 7, 836 >,
 	< 838, 69, 9, 0, 32, 111, 2, 837 >,
 	< 839, 69, 9, 85, 69, 199, 4, 838 >,
 	// order 70
 	< 840, 70, 7, 89, 32, 172, 5, -1 >,
 	< 841, 70, 5, 0, 91, 190, 3, 840 >,
 	< 842, 70, 7, 46, 42, 200, 6, 841 >,
 	< 843, 70, 6, 0, 0, 156, 8, 842 >,
 	< 844, 70, 10, 0, 55, 156, 1, 843 >,
 	< 845, 70, 5, 83, 36, 154, 9, 844 >,
 	< 846, 70, 8, 91, 41, 190, 0, 845 >,
 	< 847, 70, 7, 79, 0, 124, 7, 846 >,
 	< 848, 70, 5, 81, 86, 160, 2, 847 >,
 	< 849, 70, 7, 49, 0, 109, 4, 848 >,
 	< 850, 70, 5, 65, 0, 149, 5, 849 >,
 	< 851, 70, 5, 0, 0, 130, 3, 850 >,
 	// order 71
 	< 852, 71, 9, 55, 39, 136, 6, -1 >,
 	< 853, 71, 7, 0, 0, 188, 8, 852 >,
 	< 854, 71, 6, 35, 87, 158, 1, 853 >,
 	< 855, 71, 7, 73, 0, 109, 9, 854 >,
 	< 856, 71, 9, 60, 40, 115, 0, 855 >,
 	< 857, 71, 4, 58, 0, 157, 7, 856 >,
 	< 858, 71, 3, 0, 0, 172, 2, 857 >,
 	< 859, 71, 6, 91, 0, 197, 4, 858 >,
 	< 860, 71, 7, 57, 54, 134, 5, 859 >,
 	< 861, 71, 10, 81, 94, 170, 3, 860 >,
 	< 862, 71, 2, 0, 98, 194, 6, 861 >,
 	< 863, 71, 3, 44, 0, 114, 8, 862 >,
 	// order 72
 	< 864, 72, 7, 98, 93, 136, 1, -1 >,
 	< 865, 72, 2, 83, 42, 138, 9, 864 >,
 	< 866, 72, 5, 0, 0, 186, 0, 865 >,
 	< 867, 72, 4, 42, 39, 154, 7, 866 >,
 	< 868, 72, 3, 36, 57, 176, 2, 867 >,
 	< 869, 72, 7, 93, 0, 174, 4, 868 >,
 	< 870, 72, 6, 0, 72, 181, 5, 869 >,
 	< 871, 72, 5, 71, 37, 122, 3, 870 >,
 	< 872, 72, 6, 84, 67, 107, 6, 871 >,
 	< 873, 72, 10, 0, 0, 153, 8, 872 >,
 	< 874, 72, 1, 0, 0, 110, 1, 873 >,
 	< 875, 72, 5, 99, 0, 133, 9, 874 >,
 	// order 73
 	< 876, 73, 2, 96, 96, 115, 0, -1 >,
 	< 877, 73, 8, 0, 0, 136, 7, 876 >,
 	< 878, 73, 6, 0, 0, 144, 2, 877 >,
 	< 879, 73, 1, 0, 0, 120, 4, 878 >,
 	< 880, 73, 6, 0, 82, 173, 5, 879 >,
 	< 881, 73, 2, 0, 0, 188, 3, 880 >,
 	< 882, 73, 3, 0, 0, 151, 6, 881 >,
 	< 883, 73, 7, 0, 0, 200, 8, 882 >,
 	< 884, 73, 5, 36, 75, 179, 1, 883 >,
 	< 885, 73, 9, 0, 64, 140, 9, 884 >,
 	< 886, 73, 7, 60, 37, 173, 0, 885 >,
 	< 887, 73, 4, 0, 55, 107, 7, 886 >,
 	// order 74
 	< 888, 74, 8, 0, 0, 128, 2, -1 >,
 	< 889, 74, 6, 39, 94, 189, 4, 888 >,
 	< 890, 74, 10, 0, 84, 125, 5, 889 >,
 	< 891, 74, 4, 61, 52, 193, 3, 890 >,
 	< 892, 74, 8, 92, 0, 179, 6, 891 >,
 	< 893, 74, 8, 0, 48, 111, 8, 892 >,
 	< 894, 74, 7, 54, 76, 138, 1, 893 >,
 	< 895, 74, 4, 0, 0, 129, 9, 894 >,
 	< 896, 74, 10, 67, 48, 182, 0, 895 >,
 	< 897, 74, 10, 55, 0, 169, 7, 896 >,
 	< 898, 74, 10, 0, 0, 102, 2, 897 >,
 	< 899, 74, 7, 38, 31, 188, 4, 898 >,
 	// order 75
 	< 900, 75, 1, 84, 0, 181, 5, -1 >,
 	< 901, 75, 3, 72, 71, 118, 3, 900 >,
 	< 902, 75, 8, 0, 39, 128, 6, 901 >,
 	< 903, 75, 3, 98, 58, 143, 8, 902 >,
 	< 904, 75, 9, 0, 71, 120, 1, 903 >,
 	< 905, 75, 9, 0, 47, 151, 9, 904 >,
 	< 906, 75, 1, 0, 96, 175, 0, 905 >,
 	< 907, 75, 3, 0, 34, 126, 7, 906 >,
 	< 908, 75, 4, 65, 0, 103, 2, 907 >,
 	< 909, 75, 2, 54, 0, 121, 4, 908 >,
 	< 910, 75, 8, 0, 0, 163, 5, 909 >,
 	< 911, 75, 9, 0, 46, 107, 3, 910 >,
 	// order 76
 	< 912, 76, 2, 43, 0, 168, 6, -1 >,
 	< 913, 76, 7, 36, 0, 154, 8, 912 >,
 	< 914, 76, 10, 0, 0, 170, 1, 913 >,
 	< 915, 76, 2, 0, 95, 145, 9, 914 >,
 	< 916, 76, 6, 0, 77, 149, 0, 915 >,
 	< 917, 76, 1, 85, 47, 112, 7, 916 >,
 	< 918, 76, 4, 46, 0, 195, 2, 917 >,
 	< 919, 76, 7, 0, 88, 156, 4, 918 >,
 	< 920, 76, 5, 0, 87, 136, 5, 919 >,
 	< 921, 76, 8, 0, 53, 156, 3, 920 >,
 	< 922, 76, 9, 0, 0, 168, 6, 921 >,
 	< 923, 76, 1, 0, 79, 130, 8, 922 >,
 	// order 77
 	< 924, 77, 10, 75, 35, 114, 1, -1 >,
 	< 925, 77, 4, 0, 83, 145, 9, 924 >,
 	< 926, 77, 10, 0, 0, 190, 0, 925 >,
 	< 927, 77, 2, 45, 39, 126, 7, 926 >,
 	< 928, 77, 4, 0, 79, 127, 2, 927 >,
 	< 929, 77, 10, 0, 61, 175, 4, 928 >,
 	< 930, 77, 8, 0, 0, 188, 5, 929 >,
 	< 931, 77, 7, 46, 77, 105, 3, 930 >,
 	< 932, 77, 6, 0, 92, 166, 6, 931 >,
 	< 933, 77, 4, 0, 0, 156, 8, 932 >,
 	< 934, 77, 1, 32, 32, 159, 1, 933 >,
 	< 935, 77, 7, 0, 0, 181, 9, 934 >,
 	// order 78
 	< 936, 78, 2, 77, 0, 100, 0, -1 >,
 	< 937, 78, 7, 0, 0, 121, 7, 936 >,
 	< 938, 78, 3, 0, 71, 119, 2, 937 >,
 	< 939, 78, 1, 95, 0, 175, 4, 938 >,
 	< 940, 78, 1, 73, 0, 199, 5, 939 >,
 	< 941, 78, 4, 83, 42, 128, 3, 940 >,
 	< 942, 78, 10, 36, 64, 122, 6, 941 >,
 	< 943, 78, 9, 87, 0, 123, 8, 942 >,
 	< 944, 78, 2, 0, 0, 123, 1, 943 >,
 	< 945, 78, 4, 0, 64, 132, 9, 944 >,
 	< 946, 78, 7, 0, 0, 111, 0, 945 >,
 	< 947, 78, 10, 77, 40, 123, 7, 946 >,
 	// order 79
 	< 948, 79, 9, 33, 50, 155, 2, -1 >,
 	< 949, 79, 7, 79, 88, 200, 4, 948 >,
 	< 950, 79, 7, 86, 64, 111, 5, 949 >,
 	< 951, 79, 8, 56, 60, 186, 3, 950 >,
 	< 952, 79, 7, 65, 92, 193, 6, 951 >,
 	< 953, 79, 6, 0, 70, 133, 8, 952 >,
 	< 954, 79, 8, 0, 0, 176, 1, 953 >,
 	< 955, 79, 7, 74, 0, 163, 9, 954 >,
 	< 956, 79, 5, 77, 52, 122, 0, 955 >,
 	< 957, 79, 1, 95, 0, 186, 7, 956 >,
 	< 958, 79, 10, 0, 0, 130, 2, 957 >,
 	< 959, 79, 7, 0, 92, 178, 4, 958 >,
 	// order 80
 	< 960, 80, 3, 44, 0, 118, 5, -1 >,
 	< 961, 80, 1, 49, 0, 107, 3, 960 >,
 	< 962, 80, 3, 84, 55, 196, 6, 961 >,
 	< 963, 80, 1, 77, 89, 100, 8, 962 >,
 	< 964, 80, 3, 80, 0, 165, 1, 963 >,
 	< 965, 80, 10, 40, 38, 174, 9, 964 >,
 	< 966, 80, 4, 0, 62, 165, 0, 965 >,
 	< 967, 80, 6, 0, 87, 119, 7, 966 >,
 	< 968, 80, 9, 37, 0, 128, 2, 967 >,
 	< 969, 80, 9, 0, 52, 198, 4, 968 >,
 	< 970, 80, 3, 50, 0, 159, 5, 969 >,
 	< 971, 80, 4, 60, 56, 121, 3, 970 >,
 	// order 81
 	< 972, 81, 5, 0, 0, 140, 6, -1 >,
 	< 973, 81, 5, 0, 0, 136, 8, 972 >,
 	< 974, 81, 2, 0, 0, 103, 1, 973 >,
 	< 975, 81, 9, 0, 73, 113, 9, 974 >,
 	< 976, 81, 4, 0, 68, 131, 0, 975 >,
 	< 977, 81, 2, 60, 0, 155, 7, 976 >,
 	< 978, 81, 9, 0, 87, 194, 2, 977 >,
 	< 979, 81, 5, 58, 36, 181, 4, 978 >,
 	< 980, 81, 9, 0, 47, 114, 5, 979 >,
 	< 981, 81, 6, 0, 63, 190, 3, 980 >,
 	< 982, 81, 10, 79, 0, 163, 6, 981 >,
 	< 983, 81, 9, 39, 66, 198, 8, 982 >,
 	// order 82
 	< 984, 82, 5, 74, 0, 144, 1, -1 >,
 	< 985, 82, 7, 0, 89, 102, 9, 984 >,
 	< 986, 82, 9, 53, 79, 169, 0, 985 >,
 	< 987, 82, 3, 0, 52, 153, 7, 986 >,
 	< 988, 82, 6, 97, 31, 176, 2, 987 >,
 	< 989, 82, 4, 51, 0, 188, 4, 988 >,
 	< 990, 82, 6, 56, 0, 123, 5, 989 >,
 	< 991, 82, 3, 96, 0, 129, 3, 990 >,
 	< 992, 82, 7, 36, 0, 137, 6, 991 >,
 	< 993, 82, 5, 39, 0, 198, 8, 992 >,
 	< 994, 82, 4, 0, 0, 188, 1, 993 >,
 	< 995, 82, 3, 57, 0, 186, 9, 994 >,
 	// order 83
 	< 996, 83, 8, 0, 83, 196, 0, -1 >,
 	< 997, 83, 10, 0, 0, 126, 7, 996 >,
 	< 998, 83, 5, 0, 0, 166, 2, 997 >,
 	< 999, 83, 3, 0, 85, 185, 4, 998 >,
 	< 1000, 83, 5, 48, 0, 147, 5, 999 >,
 	< 1001, 83, 10, 0, 57, 138, 3, 1000 >,
 	< 1002, 83, 6, 0, 89, 129, 6, 1001 >,
 	< 1003, 83, 1, 0, 0, 111, 8, 1002 >,
 	< 1004, 83, 2, 0, 0, 188, 1, 1003 >,
 	< 1005, 83, 4, 77, 0, 152, 9, 1004 >,
 	< 1006, 83, 8, 45, 64, 183, 0, 1005 >,
 	< 1007, 83, 10, 72, 0, 153, 7, 1006 >,
 	// order 84
 	< 1008, 84, 7, 0, 0, 157, 2, -1 >,
 	< 1009, 84, 2, 36, 45, 117, 4, 1008 >,
 	< 1010, 84, 6, 96, 78, 170, 5, 1009 >,
 	< 1011, 84, 3, 97, 86, 160, 3, 1010 >,
 	< 1012, 84, 8, 58, 0, 155, 6, 1011 >,
 	< 1013, 84, 7, 95, 64, 194, 8, 1012 >,
 	< 1014, 84, 8, 75, 76, 176, 1, 1013 >,
 	< 1015, 84, 7, 85, 0, 135, 9, 1014 >,
 	< 1016, 84, 2, 0, 0, 115, 0, 1015 >,
 	< 1017, 84, 9, 0, 100, 165, 7, 1016 >,
 	< 1018, 84, 7, 30, 76, 117, 2, 1017 >,
 	< 1019, 84, 10, 0, 0, 116, 4, 1018 >,
 	// order 85
 	< 1020, 85, 4, 36, 43, 128, 5, -1 >,
 	< 1021, 85, 1, 0, 30, 131, 3, 1020 >,
 	< 1022, 85, 2, 0, 0, 143, 6, 1021 >,
 	< 1023, 85, 7, 0, 58, 189, 8, 1022 >,
 	< 1024, 85, 7, 0, 89, 127, 1, 1023 >,
 	< 1025, 85, 1, 97, 0, 147, 9, 1024 >,
 	< 1026, 85, 9, 0, 0, 161, 0, 1025 >,
 	< 1027, 85, 8, 32, 0, 109, 7, 1026 >,
 	< 1028, 85, 9, 38, 0, 199, 2, 1027 >,
 	< 1029, 85, 4, 81, 48, 199, 4, 1028 >,
 	< 1030, 85, 9, 0, 65, 156, 5, 1029 >,
 	< 1031, 85, 1, 0, 0, 167, 3, 1030 >,
 	// order 86
 	< 1032, 86, 2, 36, 38, 120, 6, -1 >,
 	< 1033, 86, 9, 58, 81, 162, 8, 1032 >,
 	< 1034, 86, 2, 67, 0, 149, 1, 1033 >,
 	< 1035, 86, 2, 66, 51, 100, 9, 1034 >,
 	< 1036, 86, 7, 0, 82, 176, 0, 1035 >,
 	< 1037, 86, 7, 0, 70, 180, 7, 1036 >,
 	< 1038, 86, 5, 36, 41, 195, 2, 1037 >,
 	< 1039, 86, 8, 69, 0, 182, 4, 1038 >,
 	< 1040, 86, 6, 0, 50, 120, 5, 1039 >,
 	< 1041, 86, 4, 0, 71, 173, 3, 1040 >,
 	< 1042, 86, 10, 84, 0, 191, 6, 1041 >,
 	< 1043, 86, 6, 0, 0, 128, 8, 1042 >,
 	// order 87
 	< 1044, 87, 4, 41, 75, 186, 1, -1 >,
 	< 1045, 87, 5, 0, 0, 122, 9, 1044 >,
 	< 1046, 87, 8, 0, 0, 200, 0, 1045 >,
 	< 1047, 87, 2, 0, 89, 145, 7, 1046 >,
 	< 1048, 87, 6, 0, 90, 199, 2, 1047 >,
 	< 1049, 87, 1, 35, 0, 128, 4, 1048 >,
 	< 1050, 87, 3, 0, 0, 146, 5, 1049 >,
 	< 1051, 87, 3, 91, 0, 154, 3, 1050 >,
 	< 1052, 87, 2, 0, 95, 175, 6, 1051 >,
 	< 1053, 87, 7, 81, 91, 158, 8, 1052 >,
 	< 1054, 87, 3, 0, 31, 150, 1, 1053 >,
 	< 1055, 87, 10, 0, 0, 117, 9, 1054 >,
 	// order 88
 	< 1056, 88, 8, 0, 37, 117, 0, -1 >,
 	< 1057, 88, 1, 60, 96, 103, 7, 1056 >,
 	< 1058, 88, 4, 40, 31, 179, 2, 1057 >,
 	< 1059, 88, 4, 0, 0, 114, 4, 1058 >,
 	< 1060, 88, 4, 44, 32, 104, 5, 1059 >,
 	< 1061, 88, 8, 0, 49, 158, 3, 1060 >,
 	< 1062, 88, 8, 0, 32, 164, 6, 1061 >,
 	< 1063, 88, 7, 77, 59, 118, 8, 1062 >,
 	< 1064, 88, 8, 47, 0, 106, 1, 1063 >,
 	< 1065, 88, 10, 80, 40, 190, 9, 1064 >,
 	< 1066, 88, 1, 0, 0, 158, 0, 1065 >,
 	< 1067, 88, 4, 0, 0, 110, 7, 1066 >,
 	// order 89
 	< 1068, 89, 2, 76, 0, 157, 2, -1 >,
 	< 1069, 89, 6, 0, 57, 113, 4, 1068 >,
 	< 1070, 89, 7, 55, 40, 108, 5, 1069 >,
 	< 1071, 89, 4, 71, 83, 131, 3, 1070 >,
 	< 1072, 89, 3, 60, 41, 137, 6, 1071 >,
 	< 1073, 89, 9, 0, 0, 163, 8, 1072 >,
 	< 1074, 89, 7, 50, 38, 138, 1, 1073 >,
 	< 1075, 89, 7, 78, 0, 161, 9, 1074 >,
 	< 1076, 89, 6, 72, 52, 126, 0, 1075 >,
 	< 1077, 89, 2, 0, 68, 105, 7, 1076 >,
 	< 1078, 89, 4, 54, 31, 170, 2, 1077 >,
 	< 1079, 89, 5, 0, 52, 184, 4, 1078 >,
 	// order 90
 	< 1080, 90, 10, 73, 0, 155, 5, -1 >,
 	< 1081, 90, 10, 88, 50, 150, 3, 1080 >,
 	< 1082, 90, 8, 77, 53, 185, 6, 1081 >,
 	< 1083, 90, 2, 91, 0, 108, 8, 1082 >,
 	< 1084, 90, 6, 0, 0, 126, 1, 1083 >,
 	< 1085, 90, 2, 0, 60, 169, 9, 1084 >,
 	< 1086, 90, 4, 0, 30, 169, 0, 1085 >,
 	< 1087, 90, 10, 80, 0, 122, 7, 1086 >,
 	< 1088, 90, 1, 84, 38, 167, 2, 1087 >,
 	< 1089, 90, 4, 0, 0, 159, 4, 1088 >,
 	< 1090, 90, 9, 0, 0, 139, 5, 1089 >,
 	< 1091, 90, 10, 0, 0, 198, 3, 1090 >,
 	// order 91
 	< 1092, 91, 3, 74, 50, 160, 6, -1 >,
 	< 1093, 91, 2, 0, 77, 115, 8, 1092 >,
 	< 1094, 91, 5, 58, 0, 164, 1, 1093 >,
 	< 1095, 91, 5, 0, 69, 135, 9, 1094 >,
 	< 1096, 91, 6, 42, 89, 180, 0, 1095 >,
 	< 1097, 91, 2, 54, 0, 136, 7, 1096 >,
 	< 1098, 91, 7, 59, 0, 160, 2, 1097 >,
 	< 1099, 91, 2, 41, 79, 175, 4, 1098 >,
 	< 1100, 91, 7, 0, 73, 149, 5, 1099 >,
 	< 1101, 91, 8, 99, 64, 167, 3, 1100 >,
 	< 1102, 91, 7, 31, 0, 124, 6, 1101 >,
 	< 1103, 91, 5, 100, 70, 158, 8, 1102 >,
 	// order 92
 	< 1104, 92, 8, 35, 40, 104, 1, -1 >,
 	< 1105, 92, 3, 77, 76, 185, 9, 1104 >,
 	< 1106, 92, 2, 0, 46, 130, 0, 1105 >,
 	< 1107, 92, 5, 0, 0, 143, 7, 1106 >,
 	< 1108, 92, 9, 0, 0, 172, 2, 1107 >,
 	< 1109, 92, 4, 0, 36, 135, 4, 1108 >,
 	< 1110, 92, 8, 0, 0, 107, 5, 1109 >,
 	< 1111, 92, 3, 0, 65, 158, 3, 1110 >,
 	< 1112, 92, 8, 96, 89, 197, 6, 1111 >,
 	< 1113, 92, 9, 51, 45, 150, 8, 1112 >,
 	< 1114, 92, 6, 43, 0, 192, 1, 1113 >,
 	< 1115, 92, 8, 49, 92, 132, 9, 1114 >,
 	// order 93
 	< 1116, 93, 7, 0, 0, 153, 0, -1 >,
 	< 1117, 93, 7, 0, 62, 171, 7, 1116 >,
 	< 1118, 93, 8, 47, 65, 104, 2, 1117 >,
 	< 1119, 93, 2, 0, 61, 186, 4, 1118 >,
 	< 1120, 93, 4, 90, 0, 157, 5, 1119 >,
 	< 1121, 93, 10, 53, 81, 123, 3, 1120 >,
 	< 1122, 93, 8, 58, 0, 151, 6, 1121 >,
 	< 1123, 93, 8, 0, 0, 178, 8, 1122 >,
 	< 1124, 93, 4, 0, 80, 174, 1, 1123 >,
 	< 1125, 93, 4, 76, 66, 150, 9, 1124 >,
 	< 1126, 93, 5, 0, 0, 197, 0, 1125 >,
 	< 1127, 93, 8, 0, 97, 170, 7, 1126 >,
 	// order 94
 	< 1128, 94, 2, 97, 69, 110, 2, -1 >,
 	< 1129, 94, 4, 0, 0, 154, 4, 1128 >,
 	< 1130, 94, 5, 78, 62, 123, 5, 1129 >,
 	< 1131, 94, 4, 0, 0, 125, 3, 1130 >,
 	< 1132, 94, 5, 0, 0, 199, 6, 1131 >,
 	< 1133, 94, 3, 54, 60, 155, 8, 1132 >,
 	< 1134, 94, 1, 64, 0, 162, 1, 1133 >,
 	< 1135, 94, 9, 0, 40, 164, 9, 1134 >,
 	< 1136, 94, 10, 0, 0, 132, 0, 1135 >,
 	< 1137, 94, 1, 81, 69, 174, 7, 1136 >,
 	< 1138, 94, 4, 0, 79, 125, 2, 1137 >,
 	< 1139, 94, 9, 0, 84, 174, 4, 1138 >,
 	// order 95
 	< 1140, 95, 8, 0, 76, 151, 5, -1 >,
 	< 1141, 95, 8, 0, 0, 104, 3, 1140 >,
 	< 1142, 95, 7, 0, 100, 177, 6, 1141 >,
 	< 1143, 95, 3, 0, 40, 194, 8, 1142 >,
 	< 1144, 95, 6, 0, 51, 170, 1, 1143 >,
 	< 1145, 95, 2, 42, 46, 174, 9, 1144 >,
 	< 1146, 95, 8, 0, 58, 188, 0, 1145 >,
 	< 1147, 95, 5, 0, 87, 133, 7, 1146 >,
 	< 1148, 95, 3, 78, 78, 154, 2, 1147 >,
 	< 1149, 95, 4, 58, 0, 106, 4, 1148 >,
 	< 1150, 95, 10, 0, 0, 164, 5, 1149 >,
 	< 1151, 95, 2, 0, 0, 149, 3, 1150 >,
 	// order 96
 	< 1152, 96, 8, 71, 51, 188, 6, -1 >,
 	< 1153, 96, 9, 0, 93, 182, 8, 1152 >,
 	< 1154, 96, 7, 0, 0, 161, 1, 1153 >,
 	< 1155, 96, 4, 95, 0, 101, 9, 1154 >,
 	< 1156, 96, 7, 0, 0, 138, 0, 1155 >,
 	< 1157, 96, 2, 87, 0, 157, 7, 1156 >,
 	< 1158, 96, 8, 51, 0, 131, 2, 1157 >,
 	< 1159, 96, 1, 77, 57, 105, 4, 1158 >,
 	< 1160, 96, 9, 0, 93, 159, 5, 1159 >,
 	< 1161, 96, 4, 0, 59, 187, 3, 1160 >,
 	< 1162, 96, 1, 0, 37, 188, 6, 1161 >,
 	< 1163, 96, 5, 0, 0, 182, 8, 1162 >,
 	// order 97
 	< 1164, 97, 7, 0, 67, 182, 1, -1 >,
 	< 1165, 97, 2, 55, 52, 182, 9, 1164 >,
 	< 1166, 97, 7, 68, 0, 116, 0, 1165 >,
 	< 1167, 97, 2, 64, 82, 163, 7, 1166 >,
 	< 1168, 97, 3, 79, 65, 151, 2, 1167 >,
 	< 1169, 97, 3, 0, 75, 147, 4, 1168 >,
 	< 1170, 97, 8, 100, 0, 192, 5, 1169 >,
 	< 1171, 97, 10, 36, 0, 135, 3, 1170 >,
 	< 1172, 97, 3, 45, 0, 168, 6, 1171 >,
 	< 1173, 97, 5, 80, 76, 141, 8, 1172 >,
 	< 1174, 97, 1, 91, 89, 112, 1, 1173 >,
 	< 1175, 97, 7, 38, 0, 171, 9, 1174 >,
 	// order 98
 	< 1176, 98, 2, 0, 0, 179, 0, -1 >,
 	< 1177, 98, 4, 48, 84, 171, 7, 1176 >,
 	< 1178, 98, 8, 0, 44, 147, 2, 1177 >,
 	< 1179, 98, 7, 31, 0, 173, 4, 1178 >,
 	< 1180, 98, 9, 33, 83, 112, 5, 1179 >,
 	< 1181, 98, 4, 0, 33, 108, 3, 1180 >,
 	< 1182, 98, 10, 0, 59, 104, 6, 1181 >,
 	< 1183, 98, 9, 41, 61, 103, 8, 1182 >,
 	< 1184, 98, 9, 55, 97, 164, 1, 1183 >,
 	< 1185, 98, 4, 0, 99, 183, 9, 1184 >,
 	< 1186, 98, 6, 44, 0, 154, 0, 1185 >,
 	< 1187, 98, 1, 0, 42, 194, 7, 1186 >,
 	// order 99
 	< 1188, 99, 8, 85, 0, 133, 2, -1 >,
 	< 1189, 99, 8, 0, 96, 187, 4, 1188 >,
 	< 1190, 99, 3, 0, 36, 135, 5, 1189 >,
 	< 1191, 99, 4, 0, 0, 176, 3, 1190 >,
 	< 1192, 99, 8, 0, 0, 110, 6, 1191 >,
 	< 1193, 99, 1, 81, 0, 193, 8, 1192 >,
 	< 1194, 99, 4, 97, 0, 126, 1, 1193 >,
 	< 1195, 99, 2, 0, 0, 158, 9, 1194 >,
 	< 1196, 99, 6, 89, 81, 192, 0, 1195 >,
 	< 1197, 99, 2, 47, 0, 112, 7, 1196 >,
 	< 1198, 99, 8, 0, 32, 180, 2, 1197 >,
 	< 1199, 99, 5, 67, 78, 162, 4, 1198 >
 };
